1.970689171777374611e+02 5.193019204745040751e-01 2.551239706602170898e+01
1.970886491894848973e+02 5.244432207537934598e-01 2.553705623218450427e+01
1.971054011545881224e+02 5.313660706573378745e-01 2.555972510149434385e+01
1.971735607238490218e+02 5.341337709826955438e-01 2.565642905473496427e+01
1.974477052201203549e+02 5.326761394719414788e-01 2.569861219083815485e+01
1.976082264403558781e+02 5.260988022227980343e-01 2.571829021623333489e+01
1.979201145950303840e+02 5.076066770320463162e-01 2.579479787509717426e+01
1.980560846218075994e+02 5.064513690938931001e-01 2.575485157352221322e+01
1.981837227548875546e+02 5.228398260919639995e-01 2.555038366300999186e+01
1.982654508940139806e+02 5.338494428608447917e-01 2.535334607411246566e+01
1.983684082663902473e+02 5.557607036941061285e-01 2.534052971408828014e+01
1.984319556016239119e+02 5.678392502375400053e-01 2.531202671964527440e+01
1.985231385505744015e+02 5.695848089602948416e-01 2.530127623736719400e+01
1.985768045838012199e+02 5.756384785926117464e-01 2.531816856698626594e+01
1.986713382856813723e+02 5.920359333160577497e-01 2.533663729809104126e+01
1.987967953701304396e+02 6.073158705479254627e-01 2.537767052489130748e+01
1.989512809161844018e+02 6.017408799055599111e-01 2.543906200512510551e+01
1.990887265699231250e+02 6.058330454061213732e-01 2.553102775618323861e+01
1.990956854107281799e+02 6.322863580086953705e-01 2.557463073335060955e+01
1.987378800639198460e+02 5.797594368143733634e-01 2.539742773026978639e+01
1.977426254642826393e+02 4.955371282139874878e-01 2.490624910022746263e+01
1.967680854280038147e+02 4.422543980881633030e-01 2.442634462008004448e+01
1.962474734387147066e+02 4.097438167631222705e-01 2.416268967205090590e+01
1.960479884685151717e+02 3.814711640897180955e-01 2.409989994529383139e+01
1.959529850853704147e+02 3.919373182459474081e-01 2.407027223517894754e+01
1.959729168466211604e+02 3.837691831504995710e-01 2.405366603322680064e+01
1.960849853157121743e+02 4.228535026345339731e-01 2.410603279490944573e+01
1.963447568454694760e+02 4.204601076847772623e-01 2.427057599838760638e+01
1.965683611183092978e+02 4.371454896202239815e-01 2.443090286775503017e+01
1.968341881172439685e+02 4.539442428953960329e-01 2.459564762028159279e+01
1.969598899398231993e+02 4.489361089516570313e-01 2.467570218248826563e+01
1.970176751317266906e+02 4.520493219314157263e-01 2.471760818864990839e+01
1.970361618582822132e+02 4.555206443811004591e-01 2.466047263251849841e+01
1.970645730759264040e+02 4.532676139471941701e-01 2.466886031211309671e+01
1.971002742506694290e+02 4.564420114595030276e-01 2.462570902075955104e+01
1.972151698050732875e+02 4.769154357778353504e-01 2.466588926319426278e+01
1.973931160202700710e+02 4.858897670668854696e-01 2.472230500129567332e+01
1.975551902479053297e+02 4.869119086694883580e-01 2.484312825717658413e+01
1.976311850364228064e+02 4.931599291699058640e-01 2.496493046557830198e+01
1.977447615242866732e+02 5.235362500359909133e-01 2.506328460165270045e+01
1.979033860240131162e+02 5.168995277993723159e-01 2.519270788344706347e+01
1.980575332555929720e+02 5.322046586622901643e-01 2.530506787884023012e+01
1.982246156171719917e+02 5.390015404105842345e-01 2.543257104603956265e+01
1.983236931703665391e+02 5.602055800293685994e-01 2.532350421813365671e+01
1.984260261006017743e+02 5.654890443695833602e-01 2.537013582966226011e+01
1.985514345973337811e+02 5.883558636376724493e-01 2.534728880538999718e+01
1.985915194638795356e+02 5.878501914715960064e-01 2.536332815064351820e+01
1.986806275373585606e+02 5.936411275229621642e-01 2.539807196740663997e+01
1.988002163053180027e+02 5.882982781952722506e-01 2.550436569635196093e+01
1.989523030577869918e+02 5.894265929573003771e-01 2.561678147764245139e+01
1.991092467824134076e+02 6.258583830007774518e-01 2.568437598974979252e+01
1.993166191586766729e+02 6.326138752123463549e-01 2.576815561026172574e+01
1.996016293081109154e+02 6.606669833865999042e-01 2.591077315654602486e+01
1.998079507500503951e+02 6.674134778727937034e-01 2.602826545449310558e+01
1.999223910195502469e+02 6.771616135440960971e-01 2.610078532147073105e+01
1.997908622700181525e+02 6.519841783997005757e-01 2.599090329964585067e+01
1.990924372318677911e+02 5.847765684834873579e-01 2.567807758198727441e+01
1.982321629092165551e+02 5.281664795139788815e-01 2.518684496559269803e+01
1.977251806743255429e+02 4.910652587025999827e-01 2.491433805533960921e+01
1.974867139587112490e+02 4.705936339293426696e-01 2.479691593965045726e+01
1.974705828366589060e+02 4.807700613284961455e-01 2.479485366099450161e+01
1.975118967924908588e+02 4.976299991362183595e-01 2.480333131784285072e+01
1.976003588292879556e+02 5.059313005672165797e-01 2.491983386599867600e+01
1.977663632633670261e+02 5.243946330367682540e-01 2.498389047248855377e+01
1.979785908122426576e+02 5.474863954392329424e-01 2.511017714721718264e+01
1.982164168898102616e+02 5.628059226627508682e-01 2.520827574789093362e+01
1.983285663384296527e+02 5.630524603380265836e-01 2.525631820275834372e+01
1.983329608275028022e+02 5.734412340560306465e-01 2.532511841006593656e+01
1.982859855028648894e+02 5.726242405919783618e-01 2.533258112349198043e+01
1.982711266591805668e+02 5.670528490397627186e-01 2.531158943019204699e+01
1.983498783507529311e+02 5.894031988713253067e-01 2.536898412081425747e+01
1.984517613947194263e+02 5.972888053899974015e-01 2.542824134058909991e+01
1.986494540180242439e+02 5.847531743975122875e-01 2.555519384699547913e+01
1.988412891221099414e+02 6.025668710949871887e-01 2.562519974950332724e+01
1.990407848895799248e+02 6.182247127926060459e-01 2.567374787653681167e+01
1.992069602804411090e+02 6.121980363364141198e-01 2.578326459071146814e+01
1.993833948777748901e+02 6.310770637182919751e-01 2.585629912758054871e+01
1.995667991131841745e+02 6.460996660044340256e-01 2.589524488209380593e+01
1.997157960467593796e+02 6.771886067202210757e-01 2.591658208804814123e+01
1.998101785868532545e+02 6.800444847542541638e-01 2.594105770061328542e+01
1.998855327373240129e+02 6.834024358642135644e-01 2.596695495378768115e+01
1.999705072557657388e+02 6.864418674958970845e-01 2.602082973424318268e+01
2.001522990987878359e+02 7.107699173648901469e-01 2.609956882900002739e+01
2.002451718205637690e+02 7.317850047507989952e-01 2.610372757766836571e+01
2.003932077970688965e+02 7.384163283521926191e-01 2.620915212634245961e+01
2.005163362701908909e+02 7.604931473323544022e-01 2.628175117330338750e+01
2.006780847801675804e+02 7.700721257666062192e-01 2.633803914370447075e+01
2.008991354985459736e+02 7.875205148138550992e-01 2.635943573464628287e+01
2.010726404364976645e+02 7.993039359649880549e-01 2.643021904062652894e+01
2.010139482738763661e+02 8.009361233480176701e-01 2.638613558492412992e+01
2.004974734387147066e+02 7.302481932567447265e-01 2.604019283925023842e+01
1.996664651176182588e+02 6.430602343727506165e-01 2.568529735682819393e+01
1.991104038898966451e+02 6.012819959114336088e-01 2.543051056692868173e+01
1.988546327488410839e+02 5.968641127522962275e-01 2.529379732803547398e+01
1.987263341827186025e+02 6.040460971466413698e-01 2.528791281564020466e+01
1.987645475223863514e+02 6.082156430854279705e-01 2.538440442256197471e+01
1.989057992139587157e+02 6.153490397627480180e-01 2.544595966139759824e+01
1.991290759695948793e+02 6.336324177247991685e-01 2.552255729751518842e+01
1.993812102300538527e+02 6.324591143358958556e-01 2.567148224928737932e+01
1.995939398520054056e+02 6.468068872189111085e-01 2.576826358296622743e+01
1.996866362183639865e+02 6.506021277820966953e-01 2.579278418415824348e+01
1.996898484063228807e+02 6.566791915003886704e-01 2.571743543232270923e+01
1.996472693703031780e+02 6.572064582073652295e-01 2.580262769571852388e+01
1.996588008551438236e+02 6.477822406495638008e-01 2.578558600385822430e+01
1.996884141688981060e+02 6.611366646511761536e-01 2.586643056635282534e+01
1.997718068872189008e+02 6.532672540381792015e-01 2.588452139299185006e+01
1.998632021824882656e+02 6.729902680602343201e-01 2.595921331087501116e+01
1.999952438023667582e+02 6.829525495954622549e-01 2.601485524459416609e+01
2.001520327661167187e+02 6.968594339351011913e-01 2.611170676053093942e+01
2.002338994702139416e+02 7.134116495349975828e-01 2.613906524430623790e+01
2.003751295672454091e+02 7.249035443839797477e-01 2.618130236676168110e+01
2.004738526100601632e+02 7.297947078978433977e-01 2.623531031355273413e+01
2.006103589012697626e+02 7.566907085888687767e-01 2.630115386830209445e+01
2.007137355676484844e+02 7.598273156546024865e-01 2.629360657625752040e+01
2.008068890184561326e+02 7.902198324263626228e-01 2.633932941752324908e+01
2.009277626615991608e+02 8.012312487403184802e-01 2.640951527453859526e+01
2.010548429357058637e+02 8.141339869281045694e-01 2.649555692320981137e+01
2.012790284616048950e+02 8.128958999165011301e-01 2.659802841841582577e+01
2.014827441622757647e+02 8.189477700037430807e-01 2.669004995537128266e+01
2.016498031297687987e+02 8.428565258702600538e-01 2.679379192940024623e+01
2.018304504621231672e+02 8.335060896605338554e-01 2.689891235495666777e+01
2.017654706890098169e+02 8.342133108750108272e-01 2.683040007486107470e+01
2.011787254182142703e+02 7.739321499524920434e-01 2.655295341337709658e+01
2.002323338659986689e+02 6.934438973827415920e-01 2.607810745443551781e+01
1.994963703175837111e+02 6.376903918689355022e-01 2.566859577898707201e+01
1.991471685957789930e+02 5.804738562091503740e-01 2.550141264288387788e+01
1.990450840027640993e+02 5.877296219515706355e-01 2.542234423137830746e+01
1.990240383231119097e+02 6.054749359361952799e-01 2.542558161296824082e+01
1.990333023811580517e+02 6.266555814690046855e-01 2.551628228383864538e+01
1.991310680659929062e+02 6.371325328956839451e-01 2.553075962396706089e+01
1.992756237223229903e+02 6.465621490887103473e-01 2.564015936771184201e+01
1.994579266361463681e+02 6.725187872505830056e-01 2.574701095563041520e+01
1.995807437879703912e+02 6.679695373009703063e-01 2.578424354323227163e+01
1.996074616336989891e+02 6.585003311162938022e-01 2.576581080302899451e+01
1.995514759868705141e+02 6.628768247387060164e-01 2.577998222049465937e+01
1.994845041173591369e+02 6.461122628199591489e-01 2.574709193515879235e+01
1.994405682243528872e+02 6.501054533413952452e-01 2.569963613198583374e+01
1.995045384526791565e+02 6.490275258414672788e-01 2.571784752814488328e+01
1.996282571765857483e+02 6.777176729722725890e-01 2.575781002562552047e+01
1.997439913189945457e+02 6.833178572456882760e-01 2.577958272148800845e+01
1.998879279318188367e+02 7.029994817310184496e-01 2.585449058478016582e+01
2.000012182920157784e+02 7.202679162707666949e-01 2.591514245198813882e+01
2.001131949843079667e+02 7.184197834787365844e-01 2.595841431286170931e+01
2.002365412023840463e+02 7.255171892545564383e-01 2.601579640666839310e+01
2.003644708617661365e+02 7.383281506435173114e-01 2.610246069793556245e+01
2.004919146439779922e+02 7.318821801848492958e-01 2.613208660850537157e+01
2.005405941378019747e+02 7.572827589185453512e-01 2.617056268175405265e+01
2.006087213152515005e+02 7.668167487259220927e-01 2.616112226829057619e+01
2.006675916328352116e+02 7.609106417897555374e-01 2.618979082088048216e+01
2.007551592957300386e+02 7.605165414183294725e-01 2.624927658287984755e+01
2.008830313696697374e+02 7.831386225562178005e-01 2.632231831792922705e+01
2.010387334081944175e+02 8.061512049753821740e-01 2.634482522818231587e+01
2.011335892286429896e+02 8.134861507011027504e-01 2.638880431027036266e+01
2.011349586824450739e+02 7.890285335867093242e-01 2.652666745846649832e+01
2.009677989404278549e+02 7.761401917595232014e-01 2.639739713800351240e+01
2.001833970372289855e+02 6.891933719155797222e-01 2.607087148368892215e+01
1.991273753994990159e+02 6.125057585442400532e-01 2.552173130632576203e+01
1.982857875529066121e+02 5.593813883850162760e-01 2.506099917940744604e+01
1.978254225331835983e+02 5.283284385707293085e-01 2.478497415853272301e+01
1.976210571967406509e+02 5.078820074285220754e-01 2.466676024301056813e+01
1.975555609541907813e+02 5.242344735250928922e-01 2.464208668048717144e+01
1.975179306671273594e+02 5.225087097981629958e-01 2.462312847312199438e+01
1.975219472517347583e+02 5.175599608418991471e-01 2.472389220005182864e+01
1.976199306815236980e+02 5.235362500359909133e-01 2.477881791483113005e+01
1.978147188390774716e+02 5.282168667760790415e-01 2.490877206242262076e+01
1.979642574357202420e+02 5.414237280815409337e-01 2.498157265843194708e+01
1.980694498430796671e+02 5.549833002217039457e-01 2.499467334657798645e+01
1.980239717399441304e+02 5.546053957559529124e-01 2.498935928997149603e+01
1.979636365926693600e+02 5.335939074601940835e-01 2.498640263741326351e+01
1.979780437505398538e+02 5.381071665083067002e-01 2.497397677867035171e+01
1.980004048976418858e+02 5.473874204601076876e-01 2.496407388212259804e+01
1.981096750741412507e+02 5.516883331893697173e-01 2.499739425873139353e+01
1.982378008839365293e+02 5.570239843367597032e-01 2.505556635282600553e+01
1.983740534392905488e+02 5.571787452132100915e-01 2.517450548501338758e+01
1.985192731277533085e+02 5.826800984711064668e-01 2.525411555958653764e+01
1.986733429788949366e+02 5.949727908784658847e-01 2.537506838271285048e+01
1.988175513230255262e+02 6.008033169214822555e-01 2.545633943739022698e+01
1.989685061616423241e+02 6.222988828424174113e-01 2.550047507989980033e+01
1.991040424980564865e+02 6.305048083844404516e-01 2.550712259940686977e+01
1.992046244709337373e+02 6.425599608418991471e-01 2.555568872189110508e+01
1.993632759638363439e+02 6.315989317900434497e-01 2.548886441507587008e+01
1.993615016123923738e+02 6.445340617891797130e-01 2.555424728628602793e+01
1.994089790101062363e+02 6.540716506867063629e-01 2.561702801531772877e+01
1.995345188736287412e+02 6.719339351012064698e-01 2.568559968040079511e+01
1.996237457170827270e+02 6.895856727419308330e-01 2.576392487979038748e+01
1.997907758918545369e+02 6.903558780340329770e-01 2.584367531887938796e+01
1.999480309377789240e+02 6.989001180501569488e-01 2.595763870893438252e+01
2.001188491549336277e+02 7.214376205695199884e-01 2.604969083815611341e+01
1.998798749676082025e+02 6.730874434942846207e-01 2.597088156114134350e+01
1.990430883072759229e+02 6.005135901644064189e-01 2.556371109383547946e+01
1.979707681898016176e+02 5.132230572111370348e-01 2.504731543865710819e+01
1.972864029973222841e+02 4.660263885289798735e-01 2.471751281276093337e+01
1.968676362615530877e+02 4.322489274711353024e-01 2.447343511560277562e+01
1.967027961331375536e+02 4.424235553252137687e-01 2.442836370965419945e+01
1.966977052201203549e+02 4.426269039186893628e-01 2.439898433675966771e+01
1.966406920330540515e+02 4.531974316892689592e-01 2.437658359966600585e+01
1.966589628142005779e+02 4.551409403702744161e-01 2.437030858598946281e+01
1.967410022746249751e+02 4.562350637758774696e-01 2.443915378192393106e+01
1.968833318936972603e+02 4.561882756039273290e-01 2.446867711842446269e+01
1.970182599838760780e+02 4.692871642048890291e-01 2.451207314790820746e+01
1.970309989634620251e+02 4.695157064294146476e-01 2.450324278022515756e+01
1.969854020903515561e+02 4.509174080792375805e-01 2.454801546169128557e+01
1.969236489015576979e+02 4.714502173850450562e-01 2.446271702513604396e+01
1.968988457717888991e+02 4.603866142639140846e-01 2.448948165903659557e+01
1.969762370072845670e+02 4.683532003109613928e-01 2.450836428550862323e+01
1.971217086320578176e+02 4.779951628228383820e-01 2.454698792145345720e+01
1.972836640897181155e+02 5.011751029339782670e-01 2.461178953960438776e+01
1.974620367970976815e+02 5.214379804785350681e-01 2.467983393798047942e+01
1.976173951225130168e+02 5.127803691226857641e-01 2.470384886700642113e+01
1.977762247703780361e+02 5.319527223517894754e-01 2.475864681408539880e+01
1.980149002332210557e+02 5.515533673087443800e-01 2.484766491031067304e+01
1.982061864760588605e+02 5.560576286314820038e-01 2.496259105698079495e+01
1.983835838300077796e+02 5.778753131208430593e-01 2.505659569260890862e+01
1.985621652846160430e+02 5.786905070398202788e-01 2.518964145863925452e+01
1.987117290748898597e+02 5.895993492845008621e-01 2.529842755751345962e+01
1.988026798825256947e+02 5.971538395093720641e-01 2.533872656992312500e+01
1.989525208027410770e+02 6.053957559528950760e-01 2.541678903573176740e+01
1.991064250957358013e+02 6.257144193947770106e-01 2.543857252886470377e+01
1.992536314819613494e+02 6.477858397397138202e-01 2.552233955256111386e+01
1.993973305548357473e+02 6.531538826984538693e-01 2.556915111859721890e+01
1.995170128991391039e+02 6.735157352221358140e-01 2.558225540583340418e+01
1.996293315049955481e+02 6.794830266908525873e-01 2.564749431343756214e+01
1.995960885088249768e+02 6.673558924303936157e-01 2.562325084218709392e+01
1.991480773660418606e+02 6.256316403213267874e-01 2.539027093950649316e+01
1.980227804411044872e+02 5.480082635109844169e-01 2.483222661311220492e+01
1.970759138089890996e+02 4.812001526014223485e-01 2.436655473496299962e+01
1.965427409950764570e+02 4.404944430048083892e-01 2.410813106446690313e+01
1.963085338026546935e+02 4.081008321096427083e-01 2.406695927269586122e+01
1.962320009501598008e+02 3.984390746019406127e-01 2.405067878840229056e+01
1.962336439348132728e+02 4.201793786530765296e-01 2.400100594569692802e+01
1.963520270075724738e+02 4.523786386801416648e-01 2.414901672857101644e+01
1.965491023869165872e+02 4.536167256917451041e-01 2.426775071261985062e+01
1.967774790532953375e+02 4.683046125939362425e-01 2.433067000662232715e+01
1.969718407186663285e+02 4.699601940629408725e-01 2.449018348161584768e+01
1.970692213008551334e+02 4.742845008781779725e-01 2.454787689672050988e+01
1.971139022055224359e+02 4.949882669661109791e-01 2.451096102905185603e+01
1.970552838242492157e+02 4.766419049264346008e-01 2.450351811062163421e+01
1.970517279231810335e+02 4.631255218680717656e-01 2.451614371886786969e+01
1.971253545103797649e+02 4.768416544297601756e-01 2.453118071751461216e+01
1.972733994846102803e+02 4.807502663326710945e-01 2.462441874694077271e+01
1.976103193112781184e+02 4.879934352595663993e-01 2.480124744464599473e+01
1.977399891307477446e+02 5.132788431084621683e-01 2.486508270709164847e+01
1.978791011632259256e+02 5.352908784659238250e-01 2.492600450606086682e+01
1.980206641760962896e+02 5.474468054475828405e-01 2.495366711295384476e+01
1.981750057585442448e+02 5.568422302841841143e-01 2.503106374708473680e+01
1.983295722841265842e+02 5.693004808384440896e-01 2.508430868676398617e+01
1.984792152543836892e+02 5.755736949699116201e-01 2.514985891566611897e+01
1.985932074371598901e+02 5.840801445394604441e-01 2.514239800178514983e+01
1.987154595318303620e+02 5.969198986496213610e-01 2.516806131409979486e+01
1.988222283406754798e+02 6.098712245544326560e-01 2.518410785753361480e+01
1.988541828625723440e+02 6.046345483861679249e-01 2.520100558578791450e+01
1.989249715671878107e+02 6.306793642567158908e-01 2.525060824623535183e+01
1.990754945149866160e+02 6.341452880711756501e-01 2.540752497768563956e+01
1.992480870835852613e+02 6.335550372865739188e-01 2.553206609369151536e+01
1.994453244219861290e+02 6.491390976361175458e-01 2.571843058074918531e+01
1.996246023005384131e+02 6.576959344677665298e-01 2.581078683308859567e+01
1.998057229132475356e+02 7.037930811090956640e-01 2.587292512452851767e+01
1.998753401140191670e+02 7.068523077366042351e-01 2.587184899657366444e+01
1.997188102847600248e+02 7.018783651492902509e-01 2.574081512193717458e+01
1.990117510293397913e+02 6.363569289683568275e-01 2.533548918833318808e+01
1.980402288301517331e+02 5.703100256255219103e-01 2.487093122858541250e+01
1.974180631136448767e+02 5.151773631625925498e-01 2.462905977368921029e+01
1.972111658172813975e+02 5.057297515188160508e-01 2.442672252454579507e+01
1.971640069390458052e+02 4.873204054015145004e-01 2.441315575422533257e+01
1.972235214937663841e+02 4.968094065820160554e-01 2.447722495753073702e+01
1.973846347643315653e+02 5.039823932509861493e-01 2.458854121678039917e+01
1.976099162131813216e+02 5.336604906279692750e-01 2.472168235869972008e+01
1.978691532780513000e+02 5.452891509026518424e-01 2.486317518931214110e+01
1.981289769946157548e+02 5.615390429299472741e-01 2.498056491318994432e+01
1.982507935993780848e+02 5.775549940974921137e-01 2.504228750971754280e+01
1.982672180472776517e+02 5.708336932423483390e-01 2.507541533500330999e+01
1.982152435864213658e+02 5.600292246120180950e-01 2.501208394517865941e+01
1.982092654976821962e+02 5.702164492816216290e-01 2.491710935475511945e+01
1.982645835132878460e+02 5.851994615761135776e-01 2.487666997782960365e+01
1.983509742737035992e+02 5.799087990555987782e-01 2.486548940427859833e+01
1.985412365753937536e+02 6.046075552100429462e-01 2.497079518297774214e+01
1.987329709049552378e+02 6.180663528260056383e-01 2.505972690103941858e+01
1.988953204629869447e+02 6.454086406956321964e-01 2.523445013100688072e+01
1.989900035271083425e+02 6.547176873686332277e-01 2.536385901644064234e+01
1.991152752584146697e+02 6.707768276179781886e-01 2.542426074688318849e+01
1.992010001871526867e+02 6.680181250179954011e-01 2.550120749474533000e+01
1.993101353977714325e+02 6.886930983847283638e-01 2.558540281016959028e+01
1.994397422331634573e+02 6.718133655811810989e-01 2.560013928478880629e+01
1.995172054504621144e+02 6.567943623851890678e-01 2.563438282802107793e+01
1.995531063747084772e+02 6.595854567965218074e-01 2.567215347960035743e+01
1.996036142063286434e+02 6.743723186778382006e-01 2.569758465060032648e+01
1.997280545478103022e+02 6.766847340992196980e-01 2.574906423656099719e+01
1.998290630128703356e+02 7.008310299156372825e-01 2.580587407503383091e+01
1.999684467766548721e+02 7.052579108001497676e-01 2.583080137341280036e+01
2.001394935360340810e+02 7.247757766836543381e-01 2.592098377530160391e+01
2.002890087385908942e+02 7.498686332095246820e-01 2.597412974000172881e+01
2.003847229420402414e+02 7.475688146036681969e-01 2.596596880308657873e+01
2.001973831015519352e+02 7.236186692004261678e-01 2.589880078316201661e+01
1.994337515476087503e+02 6.398192536926664564e-01 2.544900989029973104e+01
1.985130431027036479e+02 5.627231435893006450e-01 2.504842935705853435e+01
1.978899020327661162e+02 5.323882122599407074e-01 2.470643661282427672e+01
1.975825307362298702e+02 5.163596642768708556e-01 2.456378127609340467e+01
1.974985045780426844e+02 5.178046989720999083e-01 2.452215959805361223e+01
1.975535994500590391e+02 5.150927845440672614e-01 2.461046327488410768e+01
1.976772965794247341e+02 5.078460165270219928e-01 2.471782053496875875e+01
1.979097114249517801e+02 5.176427399153493702e-01 2.485332447957156532e+01
1.980562285854136064e+02 5.491923641703377879e-01 2.491723712245544320e+01
1.981956105496530540e+02 5.694084535429443372e-01 2.494681804439837691e+01
1.982493287696870254e+02 5.750014396360599855e-01 2.494218421583023826e+01
1.982337303129768884e+02 5.882226973021220662e-01 2.490632288157553731e+01
1.981649714952060037e+02 5.869810112003684965e-01 2.486649534997552635e+01
1.980707545132590610e+02 5.938606720221127899e-01 2.479532694134922721e+01
1.980731011200368528e+02 6.017786703521349478e-01 2.483704759436814413e+01
1.981933899110304935e+02 5.998711525726296845e-01 2.493690794967032431e+01
1.982935345944545134e+02 6.270244882093806149e-01 2.498589516570211089e+01
1.984491358584549801e+02 6.278504793988080035e-01 2.509990534392905559e+01
1.986223816619158811e+02 6.361409835593562212e-01 2.521835859894618537e+01
1.988269341510466290e+02 6.261337133972532110e-01 2.526830857159310284e+01
1.990442472143042210e+02 6.413092770147706956e-01 2.533729593158849269e+01
1.991489411476778741e+02 6.510304195099478886e-01 2.542333758025970880e+01
1.992452042123751141e+02 6.641023149347844434e-01 2.545322262532031843e+01
1.993586619302640202e+02 6.657183064121390270e-01 2.549248869885692770e+01
1.994617758630618312e+02 6.578452967089919445e-01 2.552809809680112707e+01
1.995431944804353463e+02 6.779174224755981637e-01 2.558375802597103288e+01
1.996072330914744839e+02 6.697042987532751956e-01 2.562126054533413821e+01
1.996599759580778084e+02 6.787488123002505258e-01 2.567560680659929062e+01
1.997503257176585691e+02 7.023858368604416480e-01 2.571246328928047120e+01
1.998354837896979745e+02 7.110938354783911119e-01 2.569017952261668114e+01
1.999625046788171971e+02 7.264619504189341326e-01 2.574910562609772313e+01
2.000951509458408850e+02 7.324958250554259864e-01 2.571782773314906123e+01
2.001842608188649990e+02 7.463055339610146222e-01 2.576204795427715766e+01
2.000201854971063256e+02 7.214394201145950536e-01 2.566435065215513589e+01
1.991805861478218276e+02 6.512805562753736233e-01 2.531544405574270939e+01
1.980724406869943266e+02 5.542886758227519861e-01 2.479586140623650437e+01
1.972757460913881005e+02 4.964656934726900950e-01 2.441851479945869841e+01
1.968486438628314659e+02 4.669819469638075704e-01 2.425564697244536561e+01
1.967383839365408562e+02 4.731004002188246571e-01 2.418679097924044896e+01
1.966938002073075893e+02 4.536113270565201305e-01 2.424875471480809708e+01
1.966981533068440342e+02 4.660047939880798129e-01 2.432375615444415828e+01
1.967699857476030161e+02 4.642268434539748578e-01 2.434796543433819949e+01
1.968658115228470251e+02 4.665410584204313094e-01 2.436652774178687508e+01
1.970134785926117900e+02 4.808492413117964048e-01 2.446672281247300518e+01
1.971337313927039361e+02 4.948730960813106372e-01 2.454472229420402485e+01
1.971881820275834230e+02 5.064585672741931388e-01 2.460594821629092266e+01
1.971498013302237098e+02 4.911534364112752349e-01 2.453133367884598925e+01
1.971049962569462366e+02 5.036440787768852179e-01 2.454663341107368169e+01
1.971046795370130553e+02 5.032427802251591142e-01 2.449974446459934896e+01
1.971641652990124101e+02 4.900881057268722252e-01 2.455481414298465381e+01
1.972256575537704180e+02 4.932391091532060678e-01 2.453467183496012183e+01
1.973543592179896962e+02 5.106101177622297538e-01 2.459040914456825178e+01
1.975374269384699630e+02 5.252980046644207812e-01 2.467842849327690047e+01
1.977405109988195022e+02 5.457102444502029970e-01 2.482731205551236542e+01
1.978743539633180717e+02 5.610225734934208841e-01 2.489302244392617425e+01
1.979641260689297724e+02 5.603837349917940580e-01 2.495376788747804397e+01
1.980733278627162974e+02 5.659947165356598031e-01 2.500281988713253156e+01
1.982166418329446458e+02 5.826423080245314301e-01 2.506485920359333264e+01
1.983607781952722462e+02 5.878142005700959238e-01 2.513593223633065676e+01
1.985241606921770199e+02 6.169308398836773621e-01 2.518304792548443771e+01
1.986573792145345578e+02 6.202114105554116241e-01 2.526399866113846571e+01
1.987820948864127217e+02 6.103660994500590409e-01 2.527416968990239354e+01
1.988579511099594015e+02 6.332617114393481739e-01 2.532012467248279464e+01
1.989724291699058369e+02 6.411023293311450821e-01 2.535877890069390617e+01
1.991479765915176756e+02 6.620454349140537653e-01 2.541112226829057619e+01
1.993809762891940807e+02 6.748186058564394907e-01 2.548473985776395878e+01
1.995836374564510152e+02 6.776007025423972374e-01 2.555945876882324086e+01
1.997056790043477008e+02 6.577841121764418375e-01 2.557932214736114673e+01
1.994933668768535426e+02 6.423584117934986182e-01 2.549797191270046781e+01
1.986408737871066137e+02 5.626241686101753903e-01 2.506812717744954000e+01
1.975347114249517801e+02 4.830482853934525145e-01 2.456353293887305256e+01
1.968411271630531871e+02 4.445704125996948197e-01 2.423804562206674262e+01
1.964911912268578362e+02 4.219897209985315478e-01 2.404956127091071494e+01
1.963177942616106577e+02 4.085327229276438654e-01 2.406433193688635441e+01
1.962629243327286872e+02 4.224827963490829785e-01 2.402070196654285894e+01
1.962456936886355265e+02 4.333772422331634289e-01 2.404962965362356542e+01
1.962611409835593577e+02 4.579014425153321022e-01 2.403004160548213264e+01
1.964869101091244090e+02 4.538146756499956691e-01 2.412058211684086118e+01
1.967340362356396213e+02 4.831940485445279654e-01 2.424498826696611076e+01
1.968752861276669250e+02 5.022206386225561703e-01 2.432569426448993610e+01
1.968580032967665829e+02 5.064927586306181562e-01 2.434181099018168126e+01
1.968182441478794260e+02 5.023753994990066696e-01 2.430918523797183894e+01
1.968522267570758117e+02 5.092676571362759752e-01 2.430707257205378369e+01
1.969278184474964632e+02 5.100252656128531070e-01 2.434106957761078149e+01
1.970986960496386473e+02 5.105975209467046305e-01 2.445637722783680346e+01
1.973035904523336512e+02 5.398599234113615752e-01 2.450619763323831890e+01
1.975007684057470385e+02 5.481090380351847369e-01 2.466118705191327720e+01
1.976940917336097527e+02 5.599320491779677944e-01 2.469829906999510527e+01
1.978470314704442785e+02 5.648250122369065096e-01 2.479445956062307488e+01
1.980634591575249885e+02 5.630686562437016152e-01 2.495740116898448235e+01
1.982403886297543920e+02 5.804126716766001559e-01 2.510181646079870887e+01
1.983848579079208889e+02 5.843680717514612155e-01 2.520690089545362866e+01
1.985175599608419077e+02 5.918667760790071730e-01 2.523450411735913335e+01
1.986563408770262811e+02 5.846739944142120837e-01 2.532366077855517972e+01
1.987850803316921429e+02 6.141577409230946083e-01 2.528907532175865924e+01
1.988765368114940486e+02 6.128422734732659194e-01 2.532634749935216334e+01
1.989789597189830488e+02 6.210733926463389842e-01 2.533223201174742911e+01
1.991334326682214737e+02 6.405732630790935689e-01 2.537762013762920787e+01
1.993270547205666503e+02 6.379567245400362685e-01 2.548879063372779186e+01
1.994592888917681535e+02 6.575501713166911344e-01 2.553896015087385862e+01
1.996629308110909449e+02 6.840268780052403130e-01 2.562693631050070664e+01
1.998628926607353549e+02 7.085438801071088921e-01 2.571427363162592528e+01
2.000162031038553323e+02 7.196668682157150165e-01 2.579083527684201371e+01
2.001376040137053280e+02 7.268002648930350640e-01 2.579677737467968157e+01
1.999443724626414394e+02 7.115437217471423104e-01 2.570650679508220193e+01
1.992391073536609838e+02 6.305965851832656677e-01 2.538205241714894456e+01
1.984071164809536185e+02 5.707527137139730700e-01 2.498907496184964572e+01
1.978713811148541595e+02 5.334103538625435403e-01 2.468693134375629938e+01
1.976258277907344905e+02 5.110366099450058819e-01 2.463128761049206616e+01
1.975494856900175762e+02 5.169283205205723597e-01 2.462613911203247952e+01
1.976011560277561898e+02 5.321794650312401398e-01 2.469020111715758148e+01
1.977089991650110790e+02 5.325663672223661660e-01 2.476927132820823019e+01
1.979064992369928859e+02 5.480892430393596859e-01 2.492552762661599175e+01
1.981760153033313259e+02 5.770925110132159030e-01 2.502082613515303322e+01
1.984282089487777512e+02 5.987140450894014032e-01 2.508352228556620744e+01
1.984965088825544797e+02 6.021223834614609638e-01 2.503575696064034872e+01
1.984685313552733987e+02 5.908842244680544420e-01 2.492293448216290841e+01
1.983659518873628826e+02 5.855719674066396374e-01 2.488432884166882531e+01
1.983173659698828146e+02 5.735779994817310490e-01 2.482699713512424111e+01
1.982677435144395588e+02 5.707005269067979558e-01 2.479869568972963734e+01
1.983677046442659275e+02 5.904271400190032049e-01 2.481567979614753483e+01
1.984549159972359007e+02 5.987680314416515825e-01 2.486460402810169512e+01
1.985271353401859926e+02 6.048792865163686860e-01 2.497142142466384485e+01
1.987076441075695925e+02 6.212353517030894112e-01 2.501354157668941269e+01
1.988437868906740391e+02 6.246850796118741389e-01 2.511990548789266242e+01
1.988610319311277976e+02 6.189445308226080300e-01 2.525953938844260094e+01
1.989455853560220078e+02 6.007313351184820904e-01 2.529745580317295861e+01
1.990327535199101590e+02 6.048145028936684486e-01 2.526592237482364567e+01
1.991054461432150049e+02 6.173807261524286716e-01 2.530609541907805848e+01
1.990984585096887542e+02 6.219659670035414534e-01 2.530296780973769799e+01
1.991316547176873826e+02 6.478020356453888517e-01 2.529612773890760380e+01
1.992420730039445971e+02 6.633788978146324400e-01 2.534291231176758430e+01
1.993243931934007094e+02 6.729560767038093028e-01 2.539956379027382027e+01
1.994907683337652315e+02 6.773649621375715801e-01 2.544532802107627134e+01
1.995788488670064282e+02 7.003343554749359434e-01 2.550063883850162583e+01
1.997238688059658500e+02 7.107411246436901031e-01 2.558217082721488111e+01
1.998508932941752221e+02 7.395842331058708474e-01 2.566406812357836031e+01
1.998644906567619728e+02 7.413801790907258438e-01 2.566311796377875609e+01
1.995027730989605743e+02 6.827348046413866944e-01 2.548213411649534876e+01
1.985606752612939374e+02 5.956602170971178056e-01 2.492445689729636271e+01
1.975870655898189057e+02 5.338800351271199007e-01 2.447314718839077585e+01
1.971122142322420814e+02 4.915475367827013553e-01 2.422612183639975925e+01
1.969134994673346455e+02 4.862082865451614055e-01 2.413257608476576976e+01
1.968651007025424065e+02 4.796921338285681236e-01 2.411236539402839085e+01
1.968898966341308778e+02 4.900935043620972542e-01 2.408286905070398376e+01
1.969322021392991928e+02 5.041317554922115640e-01 2.412076207134836281e+01
1.970585032103884089e+02 5.095591834384267660e-01 2.419550257694854878e+01
1.972072967953701266e+02 5.296511042008580361e-01 2.424378976994615797e+01
1.973327862716305390e+02 5.397087616250612063e-01 2.430927341568051503e+01
1.973834812559385057e+02 5.439718839077480883e-01 2.433897490714347356e+01
1.974600752929659393e+02 5.271137456451009395e-01 2.448504937951685889e+01
1.974828755290662627e+02 5.048335780714635623e-01 2.452299638651349056e+01
1.975023142149664466e+02 5.253070023897958851e-01 2.448490901500100847e+01
1.974782452995882522e+02 5.111193890184561051e-01 2.446564128588292775e+01
1.975026543289856420e+02 5.244720134749935037e-01 2.457716629236129080e+01
1.975922608764504389e+02 5.272361147102012646e-01 2.467648138550574544e+01
1.977512866747286182e+02 5.377400593130057249e-01 2.476305929860930988e+01
1.978757018225792592e+02 5.616056260977224657e-01 2.480097751288474228e+01
1.979830266908525402e+02 5.736373844692062018e-01 2.486002058679565963e+01
1.980932560248769221e+02 5.689999568109181949e-01 2.486079799026806114e+01
1.981833358526964446e+02 5.768477728830151419e-01 2.490019003195991942e+01
1.982456558981889430e+02 5.892268434539748023e-01 2.492099637211712704e+01
1.983081846909101387e+02 5.890522875816993631e-01 2.497118568425901941e+01
1.983795888399412490e+02 6.021457775474360341e-01 2.492533687483804172e+01
1.984186173735279795e+02 6.202204082807866170e-01 2.496004290115458701e+01
1.984995177219198865e+02 6.175426852091790986e-01 2.502089631741095843e+01
1.986419301200656378e+02 6.286260833261351211e-01 2.510813826264720205e+01
1.987768780052402633e+02 6.394161555958653986e-01 2.517645619187469563e+01
1.989352307736604075e+02 6.442317382165788642e-01 2.528484099219717152e+01
1.990771626932711342e+02 6.411023293311450821e-01 2.533711777662606934e+01
1.993100976073248773e+02 6.708254153350032833e-01 2.543399808528404193e+01
1.993780052402752574e+02 6.655671446258385471e-01 2.548565402666206126e+01
1.992814704442716902e+02 6.500550660792951962e-01 2.537884562782528519e+01
1.986037329763036041e+02 5.842223086003858201e-01 2.502978966917163461e+01
1.973830331692148263e+02 4.898883562235467060e-01 2.453829072010595880e+01
1.964982850335435103e+02 4.515904379372894795e-01 2.412634066108087794e+01
1.960609937807722076e+02 4.189322939160979864e-01 2.392547004117358966e+01
1.958659086982810607e+02 4.072532463793153146e-01 2.390390069390458194e+01
1.958458455702398453e+02 4.097582131237223479e-01 2.389520889119230773e+01
1.958650395180098371e+02 4.197276928392502104e-01 2.384322183352048441e+01
1.958795042613227508e+02 4.108523365293254015e-01 2.384796183524805002e+01
1.959675218104863177e+02 4.299311134145288316e-01 2.387246444098931875e+01
1.960943897382741739e+02 4.336579712648642171e-01 2.390383950937203039e+01
1.962197748409202234e+02 4.429166306757651439e-01 2.398564322939160931e+01
1.962970005182689874e+02 4.499168610175347527e-01 2.396140155768621582e+01
1.963031747574213171e+02 4.486913708214563257e-01 2.398658439146583632e+01
1.962969591287322544e+02 4.333178572456882760e-01 2.399418566986265944e+01
1.963214023494860498e+02 4.410055138061098057e-01 2.395065647404336318e+01
1.963881636722236692e+02 4.497387060551092941e-01 2.403307383893351812e+01
1.964468036480377862e+02 4.470483861679767079e-01 2.406475662952405514e+01
1.965334895338458523e+02 4.574857476030059766e-01 2.415907618554029668e+01
1.966488295758832123e+02 4.720836572514468532e-01 2.417522530304339057e+01
1.967600090697071664e+02 4.758285105525323355e-01 2.428702743946330500e+01
1.968336644496271219e+02 4.782560968587141192e-01 2.435817605309377853e+01
1.969427852638852983e+02 4.871062595375889037e-01 2.431432653825113022e+01
1.970145961101033549e+02 5.149272263971668151e-01 2.427097549739425730e+01
1.970778267254038099e+02 5.193397109210791118e-01 2.431924469494111918e+01
1.971534831994471801e+02 5.242434712504678851e-01 2.429640666839422991e+01
1.972075577294060054e+02 5.358325415335003505e-01 2.427630035127119967e+01
1.972936425671590257e+02 5.418466211741671534e-01 2.442530088393653998e+01
1.974272713857936594e+02 5.265594857619994018e-01 2.445473604272839907e+01
1.975661710719530220e+02 5.369140681235783363e-01 2.458275028072903012e+01
1.977255729751518913e+02 5.552154415363795836e-01 2.469081476202816106e+01
1.978398494860499284e+02 5.614256715902219419e-01 2.468292915550948763e+01
1.979795067806858526e+02 5.778483199447179697e-01 2.473318505081915220e+01
1.981238158993406557e+02 5.870961820851688939e-01 2.478718220033975328e+01
1.983469037027439583e+02 5.969990786329215648e-01 2.487462389507932414e+01
1.984849630013532646e+02 5.957214016296680237e-01 2.496258025971034655e+01
1.984311044168034357e+02 5.960975065503441028e-01 2.488521601739080324e+01
1.977921957329187137e+02 5.438945034695229497e-01 2.453151723244363680e+01
1.966318418703751831e+02 4.843097664910310796e-01 2.399746264144424401e+01
1.958443753419135760e+02 4.234275575134606173e-01 2.366110967147504951e+01
1.954599511243557686e+02 4.034849989922547620e-01 2.348042274912901917e+01
1.952983717716161323e+02 3.909979557167947983e-01 2.339044909446891651e+01
1.952199799890587713e+02 3.867942184215830137e-01 2.342243600817713300e+01
1.952218515159367769e+02 3.861589790101062625e-01 2.349168970084362584e+01
1.952771029483746474e+02 3.947536062883302832e-01 2.352629675218105021e+01
1.953963192105035773e+02 4.007712850191471610e-01 2.363004952348046572e+01
1.956205479254844306e+02 4.159396504563646069e-01 2.377417508853761774e+01
1.958094101811062160e+02 4.232601998214851058e-01 2.382725087097981742e+01
1.958909133770982578e+02 4.258803374506924810e-01 2.383070959661397481e+01
1.958733372203506917e+02 4.254790388989663219e-01 2.376136772623880589e+01
1.958513215859030936e+02 4.171273502058679417e-01 2.372398577639572892e+01
1.958240494802913929e+02 4.139025654314589242e-01 2.370528670352134881e+01
1.958634325242578598e+02 4.227401312948086964e-01 2.375041749445740180e+01
1.959463249690478222e+02 4.416245573119115253e-01 2.382718428781204167e+01
1.961163639831850389e+02 4.478491837263539610e-01 2.387982637989116341e+01
1.962690085946272802e+02 4.573057930955054529e-01 2.396126119317036540e+01
1.964050506032075134e+02 4.650132446517520335e-01 2.405621238950793384e+01
1.965451757795629248e+02 4.650168437419020528e-01 2.413246991160634636e+01
1.966904926434597201e+02 4.708563675102934165e-01 2.419982508421870904e+01
1.968585737525553441e+02 4.750583052604301360e-01 2.427124003052028556e+01
1.970605672885894535e+02 4.955965132014626962e-01 2.439065424260746795e+01
1.972164870720681904e+02 4.975436209726181169e-01 2.450119849701995278e+01
1.973981079583081453e+02 5.333779620511934771e-01 2.456101897440327164e+01
1.976049530678644430e+02 5.455266908525524538e-01 2.461513309435374808e+01
1.977589005499409609e+02 5.753325559298608782e-01 2.466611240678356509e+01
1.979292688808269247e+02 5.844310558290863877e-01 2.473561083758026058e+01
1.980457408367164760e+02 5.882802827445221538e-01 2.478124370159223844e+01
1.981490779131035538e+02 6.172259652759782833e-01 2.479962245544326294e+01
1.983164158100832140e+02 6.233012294491951932e-01 2.485716110967147330e+01
1.985232285278281665e+02 6.493694394057182295e-01 2.500857663182747359e+01
1.987460625953758893e+02 6.584553424894187268e-01 2.510555411591949593e+01
1.989113706055109390e+02 6.552683481615847461e-01 2.520224727188966796e+01
1.989847092654976848e+02 6.555166853819354156e-01 2.519947597247415771e+01
1.986756355993204863e+02 6.113468515159368177e-01 2.505598744637355679e+01
1.977175721977484102e+02 5.437991275805476032e-01 2.456690348679853741e+01
1.966524376637586045e+02 4.709175520428435791e-01 2.412555246033802803e+01
1.963306358152659072e+02 4.398304108721315386e-01 2.395931048630906091e+01
1.961749823644582591e+02 4.295927989404278446e-01 2.385423145028936531e+01
1.961519877774898646e+02 4.335086090236388023e-01 2.380839343813883957e+01
1.961805321614695856e+02 4.298339379804785310e-01 2.381321981803000298e+01
1.963200886815812964e+02 4.384753534306527478e-01 2.386266231896576429e+01
1.964629959546226701e+02 4.584125133166335742e-01 2.393216434885260924e+01
1.967414251677176082e+02 4.719486913708214604e-01 2.409684791684662031e+01
1.969989616624917232e+02 5.027838962310328119e-01 2.426519535861334376e+01
1.970781560421525569e+02 5.101080446863033302e-01 2.430297320837292219e+01
1.970578031873542386e+02 4.991992024416227469e-01 2.424796471452016888e+01
1.970373099680400912e+02 4.851573522213584178e-01 2.426674836601307206e+01
1.970464138665745395e+02 4.854506780685842737e-01 2.428989231522271197e+01
1.970981687829316797e+02 4.952312055512366751e-01 2.432467392243241022e+01
1.971642300826351004e+02 4.870270795542886999e-01 2.440680875874578959e+01
1.973437544988626939e+02 4.938617517491578068e-01 2.442932106763410260e+01
1.974978027554634252e+02 5.193019204745040751e-01 2.451638845699807234e+01
1.976219965592698031e+02 5.451307909360513237e-01 2.459686771184244591e+01
1.977658341971149696e+02 5.568782211856843078e-01 2.463329050416054855e+01
1.978927399153494093e+02 5.801661340013244406e-01 2.466497509429616031e+01
1.980233275028072910e+02 5.846577985085370521e-01 2.473297990268060076e+01
1.981226066050502368e+02 6.058978290288214996e-01 2.477480852840401937e+01
1.982294329993377744e+02 6.095095159943566543e-01 2.483110549653047627e+01
1.982892354812703388e+02 6.251853531427254973e-01 2.486193170366531291e+01
1.983615142092079111e+02 6.389482738763641034e-01 2.487282614954939319e+01
1.984766059140249297e+02 6.377821686677608293e-01 2.495539647577092524e+01
1.985987140450893946e+02 6.517358411793499062e-01 2.496731126371253495e+01
1.987464692925628356e+02 6.389050847945639822e-01 2.506599651608073387e+01
1.989624632892804641e+02 6.423296190722985743e-01 2.514068843396389497e+01
1.991184352595663825e+02 6.629470069966312273e-01 2.523527612219630711e+01
1.992708297342431933e+02 6.756032075091417122e-01 2.531367870202412718e+01
1.994534493679997809e+02 6.938847859261179085e-01 2.540440096743543208e+01
1.995029602516483749e+02 6.948907316230457099e-01 2.547057923756874231e+01
1.992761689844807336e+02 6.628498315625809267e-01 2.531780145979096375e+01
1.986064754829978938e+02 6.067778065704989565e-01 2.498985776395727143e+01
1.977330644812991238e+02 5.354006507154991379e-01 2.455021990440816637e+01
1.971516080734790251e+02 4.929007946791051364e-01 2.432938873052892248e+01
1.969435572687224578e+02 4.877361003138406814e-01 2.424627674123981436e+01
1.969309892459186244e+02 4.838076934151046560e-01 2.428621944372462593e+01
1.970279685295557215e+02 4.819775560738245312e-01 2.430778339235841301e+01
1.971432581843309890e+02 5.011067202211281213e-01 2.439746372117128814e+01
1.973126385649707686e+02 5.224421266303878042e-01 2.449079712648642371e+01
1.975702236474619156e+02 5.475745731479082501e-01 2.465767973856209139e+01
1.977377594943998247e+02 5.547709539028533587e-01 2.472735272523106076e+01
1.977111010336586787e+02 5.396331807319110219e-01 2.463411109671475074e+01
1.976291047623160750e+02 5.233670927989404476e-01 2.462552186807175048e+01
1.975434464167458373e+02 5.376140911577552695e-01 2.453274812127494187e+01
1.975024671762978414e+02 5.303853185914600976e-01 2.445394604244047088e+01
1.975237503958999241e+02 5.395809939247357967e-01 2.443807405487892837e+01
1.976023743197719682e+02 5.456832512740779073e-01 2.446800048947626038e+01
1.977483768103423358e+02 5.530020010941234521e-01 2.455524963289280294e+01
1.978850018715268675e+02 5.700760847657712072e-01 2.458633317497336535e+01
1.979986251475627057e+02 5.706375428291727836e-01 2.469991506147245985e+01
1.981353743773574081e+02 5.745173620108836587e-01 2.481743435259566510e+01
1.982337123175261411e+02 5.813502346606778115e-01 2.486298443753419107e+01
1.982881701505859269e+02 5.791817828452967554e-01 2.490896101465549606e+01
1.984082429961705714e+02 6.061911548760473556e-01 2.491110247329475058e+01
1.985200145403242118e+02 6.180933460021306169e-01 2.494215362356396426e+01
1.985936123348017759e+02 6.316511185972186748e-01 2.500228902133540743e+01
1.986601811062163563e+02 6.310770637182919751e-01 2.503406898735999420e+01
1.988614026374132493e+02 6.295690449454377502e-01 2.509101559125852887e+01
1.989227815208315349e+02 6.473521493766375423e-01 2.512553986352250135e+01
1.990061976332383153e+02 6.739134346837120093e-01 2.510240851112838811e+01
1.990861550200109491e+02 6.842194293282658490e-01 2.510518700872419373e+01
1.991778130488612533e+02 6.990620771069073758e-01 2.509786286026892554e+01
1.991784266937318364e+02 7.142682329906999694e-01 2.513702995882641034e+01
1.988157661743111362e+02 6.658208804814143011e-01 2.489145504016584454e+01
1.979709103538625357e+02 5.648214131467564902e-01 2.446922957876248717e+01
1.970292066165673361e+02 5.036710719530103075e-01 2.402742686648815251e+01
1.965147202787135541e+02 4.457833059802481790e-01 2.380455500849385331e+01
1.962305235236532326e+02 4.205824767498776429e-01 2.370933927903026017e+01
1.961852433704759449e+02 4.264417955140940575e-01 2.370402342287869502e+01
1.961768286977052185e+02 4.388424606259537786e-01 2.375492355532521316e+01
1.962117290748898597e+02 4.514248797903889776e-01 2.379363716852379795e+01
1.963535512222510135e+02 4.623985056577697428e-01 2.391712735020586678e+01
1.965459315884944260e+02 4.700141804151910518e-01 2.399748423598514435e+01
1.967113763640551554e+02 4.847398577639572825e-01 2.410280980968011377e+01
1.967395824335607983e+02 4.683747948518614534e-01 2.408069699979845169e+01
1.966638125881777057e+02 4.786088076934151281e-01 2.406633842964498626e+01
1.965986384641962559e+02 4.721556390544470183e-01 2.407632050617603880e+01
1.965672795917192275e+02 4.635970026777230801e-01 2.403535206299847360e+01
1.966058978290288337e+02 4.820603351472747544e-01 2.407187562984077545e+01
1.966749463735567645e+02 4.912704068411505309e-01 2.405494910886528004e+01
1.968482245688290107e+02 4.902734588695977780e-01 2.419932121159770944e+01
1.970385030664247950e+02 5.035684978837350334e-01 2.435606878581094747e+01
1.971946405948576171e+02 5.213749964009098958e-01 2.443168746940773417e+01
1.973358257032622021e+02 5.244234257579684089e-01 2.452235574846678645e+01
1.974357238490109694e+02 5.283410353862543207e-01 2.454796687397426069e+01
1.975228128329158324e+02 5.308873916673865212e-01 2.451633447064581972e+01
1.976197165356597907e+02 5.466658028850306383e-01 2.453274452218479240e+01
1.976695801301430890e+02 5.478912930811090654e-01 2.455938318793009145e+01
1.976668556188995467e+02 5.440150729895482096e-01 2.458822269730212184e+01
1.977146857274481135e+02 5.506176038697416786e-01 2.456125291526302235e+01
1.978273516455040237e+02 5.644039186893553550e-01 2.470482062134692214e+01
1.978518488526100612e+02 5.655484293570585130e-01 2.478440370274394766e+01
1.978989285508623368e+02 5.625881777086751967e-01 2.482660123520773965e+01
1.980295863205781473e+02 5.717910512222510455e-01 2.488233134663557067e+01
1.981716118165327885e+02 5.882856813797472384e-01 2.493822161757507772e+01
1.982806192594512140e+02 5.947496472891653507e-01 2.498643862831476170e+01
1.981883691802712235e+02 5.844850421813365671e-01 2.491803072183352086e+01
1.974276114998128548e+02 5.246879588839941100e-01 2.463203262215311895e+01
1.961970069966312451e+02 4.320833693242348561e-01 2.398106878581094747e+01
1.952535810946992569e+02 3.738716852379718181e-01 2.356343756298407754e+01
1.947803061386081538e+02 3.418721747142322576e-01 2.329389630301459846e+01
1.945703046269902927e+02 3.321888226656301013e-01 2.320260358181451821e+01
1.945112003685468380e+02 3.385430163254729008e-01 2.319026949987043196e+01
1.945207505542598767e+02 3.490721545593273856e-01 2.322347470559442684e+01
1.945505654170625576e+02 3.375064783622699904e-01 2.322337573061529881e+01
1.945968983041087199e+02 3.444941118885145870e-01 2.325876918315049835e+01
1.947597589329417644e+02 3.534648440874146869e-01 2.329925174915781128e+01
1.948483829287955871e+02 3.706055109268376890e-01 2.336059104258443497e+01
1.948668858512567965e+02 3.656531628804238210e-01 2.338899146295816323e+01
1.948673753275172089e+02 3.743125737813480791e-01 2.335099946733465615e+01
1.948726479945869698e+02 3.649981284731220188e-01 2.337993615214073984e+01
1.948814063804670127e+02 3.628062825717658368e-01 2.339261394719414966e+01
1.949398574040482686e+02 3.635980824047680970e-01 2.340054274279462021e+01
1.951179025942241765e+02 3.797310040021882327e-01 2.355170272954996946e+01
1.953444509228067147e+02 3.967277072356108492e-01 2.359474604819901700e+01
1.955344109009242572e+02 4.141796953730096931e-01 2.360205939938383679e+01
1.956821337565863246e+02 4.219051423800063150e-01 2.364626882324148482e+01
1.958639004059773754e+02 4.155203564538884620e-01 2.369277626615991394e+01
1.958777173130632434e+02 4.228139126428838712e-01 2.375789640378912182e+01
1.959138179868129441e+02 4.225853704183582527e-01 2.374516102329330991e+01
1.960343785091128836e+02 4.438254009386427001e-01 2.383175333275747931e+01
1.961056422936281649e+02 4.375611845325501625e-01 2.392981594252972855e+01
1.961846531196913475e+02 4.609102818807405688e-01 2.392704824220437132e+01
1.962540777691399683e+02 4.768416544297601756e-01 2.394357706371829053e+01
1.963290972042267697e+02 4.638669344389738103e-01 2.399062796924937402e+01
1.964125798998013295e+02 4.700465722265411150e-01 2.400562357835939054e+01
1.965352116984826125e+02 4.792296507442918574e-01 2.413128401140191670e+01
1.966604438397972956e+02 4.890101782269442032e-01 2.415177363162592528e+01
1.968136481097578496e+02 4.929655783018053183e-01 2.419098032017506128e+01
1.970013226656301413e+02 4.998038495868244446e-01 2.426962043995278151e+01
1.971804259883101622e+02 5.186594828827272297e-01 2.435643949209639914e+01
1.972548461748869784e+02 5.195340617891797130e-01 2.437602394114767890e+01
1.970896173447352453e+02 5.050063343986640474e-01 2.425709740577581996e+01
1.963063257608476704e+02 4.478365869108289488e-01 2.385779994817310268e+01
1.952028321240390483e+02 3.890868388471394601e-01 2.346835859894618537e+01
1.945738317353373077e+02 3.534990354438398152e-01 2.323312386628660420e+01
1.943340531513633493e+02 3.277295499697676640e-01 2.314629581641760936e+01
1.942136635858454952e+02 3.400132446517520335e-01 2.310620735078172316e+01
1.941937228268693616e+02 3.293977282542973062e-01 2.311030671446258467e+01
1.942443170366531433e+02 3.226242405919783618e-01 2.306734617488698902e+01
1.943272364746192125e+02 3.372923324983443938e-01 2.307448676974460966e+01
1.944822096973884982e+02 3.552463937116697168e-01 2.316503447928363713e+01
1.947097765684834769e+02 3.608285825343353070e-01 2.322771803288128822e+01
1.948479042498056515e+02 3.670424116783277402e-01 2.329325566496789435e+01
1.948081738936396903e+02 3.548037056232184461e-01 2.335454097204226898e+01
1.947659133770982578e+02 3.581598571881028370e-01 2.333926643344562635e+01
1.947155765022602338e+02 3.490757536494774049e-01 2.329546730586507763e+01
1.946661879876767216e+02 3.573410641789755426e-01 2.330861658172813833e+01
1.947725339034292062e+02 3.493636808614782319e-01 2.331801020701966465e+01
1.949031088940715790e+02 3.740840315568224606e-01 2.335763439002620245e+01
1.951210535976505014e+02 3.833498891480233706e-01 2.340640386110391447e+01
1.952872253894215646e+02 4.008414672770723719e-01 2.353174397512308857e+01
1.954752256629523970e+02 4.175736373844692317e-01 2.359310126400045959e+01
1.956007997178313360e+02 4.146097866459358960e-01 2.362432517059687243e+01
1.957335449598341484e+02 4.343561947539661960e-01 2.368617373527971992e+01
1.958997527425067062e+02 4.521752900866660707e-01 2.373867366329792006e+01
1.960829158388759197e+02 4.644715815841755080e-01 2.375690845354294467e+01
1.962925628401140159e+02 4.748963462036797090e-01 2.385332807866171478e+01
1.964656628804238210e+02 4.819181710863493784e-01 2.388971488007831567e+01
1.966617233163456149e+02 4.772591488871613108e-01 2.405210942673691932e+01
1.968734829835017592e+02 4.994241455759984016e-01 2.416011092395842397e+01
1.970714275431170961e+02 5.039482018945610209e-01 2.424678241340589224e+01
1.972613623276035923e+02 5.220354294434367270e-01 2.431944984307967061e+01
1.973804238288560668e+02 5.196276381330799943e-01 2.441513705335291107e+01
1.975582998617949499e+02 5.306750453485359342e-01 2.451630927701476992e+01
1.977593648325703271e+02 5.405221559989634716e-01 2.461545161383202185e+01
1.980145817137427571e+02 5.602127782096686381e-01 2.478795600472200533e+01
1.982332606317123123e+02 5.789910310673461735e-01 2.488973467507414128e+01
1.984471581584175510e+02 5.996911980651291607e-01 2.499341726411563158e+01
1.986317698885721654e+02 6.144294722294203481e-01 2.507763597362586694e+01
1.985365073709366186e+02 6.032740923094641605e-01 2.501426859289971460e+01
1.977603689787221697e+02 5.284724021767297497e-01 2.462380870116034615e+01
1.966709009962281414e+02 4.546064754829978738e-01 2.415103401860009669e+01
1.961143592899715031e+02 4.168340243586421412e-01 2.381886319138521912e+01
1.958592053928766745e+02 3.995889839048688552e-01 2.372588069735970606e+01
1.957817277792174195e+02 3.996375716218940055e-01 2.368946510322190591e+01
1.958315355878034154e+02 4.218709510235812421e-01 2.369083635656905784e+01
1.959226627508565741e+02 4.208416112406783705e-01 2.370390285335867020e+01
1.960299084391465954e+02 4.388028706343036212e-01 2.376858030289942647e+01
1.962031542426074679e+02 4.511045607670380875e-01 2.385588163312314691e+01
1.964841945956062261e+02 4.700087817799660228e-01 2.400303583254153494e+01
1.966699436382482418e+02 4.705558434827675773e-01 2.408504829978981476e+01
1.967045956782125415e+02 4.713728369468198620e-01 2.409684611730154558e+01
1.966906510034263249e+02 4.609804641386657242e-01 2.409798163024387563e+01
1.966869961273789897e+02 4.872484235985142798e-01 2.409144388298638262e+01
1.966978095937347177e+02 4.796723388327430726e-01 2.411358728513431871e+01
1.967912113817626789e+02 4.941640753217586557e-01 2.410846757939592777e+01
1.969242643459733415e+02 4.955461259393625362e-01 2.422087256341596984e+01
1.970071963807549480e+02 5.133868158129625270e-01 2.426298371771616047e+01
1.971774603380265489e+02 5.266422648354496250e-01 2.433793477009012207e+01
1.973297918286257300e+02 5.246249748063689378e-01 2.442786343612334932e+01
1.974978009559183363e+02 5.372397857821542555e-01 2.449775056865624379e+01
1.976388672943479889e+02 5.367197172554778462e-01 2.457742542685209131e+01
1.977057635829662274e+02 5.425016555814690111e-01 2.462580439664852605e+01
1.978009451210733971e+02 5.580119345829374078e-01 2.464679069131323530e+01
1.979292508853761774e+02 5.641447841985546274e-01 2.474877810889407215e+01
1.980844382540093989e+02 5.549635052258788948e-01 2.480317655696639889e+01
1.981265116178630024e+02 5.631172439607267100e-01 2.480274826523854870e+01
1.982209067547723862e+02 5.698025539143704021e-01 2.483911527165932398e+01
1.983232270881921124e+02 5.878807837378711154e-01 2.491390256543146009e+01
1.984590999395352924e+02 5.899610578445768638e-01 2.500146842878120523e+01
1.986193206357432928e+02 5.829356338717571751e-01 2.508222121447698072e+01
1.987659511675448414e+02 6.081904494543779460e-01 2.512317526129394452e+01
1.988691694739569868e+02 6.098622268290576631e-01 2.521536595548645465e+01
1.989771187843712994e+02 6.485344504909158481e-01 2.522760466154156234e+01
1.990055839883677322e+02 6.661358008695401622e-01 2.522415673317785334e+01
1.987088911923065950e+02 6.386765425700382526e-01 2.507959027957732445e+01
1.977757334945725631e+02 5.677456738936397240e-01 2.459656358872477000e+01
1.968324875471480766e+02 4.850385822464081120e-01 2.412414521608937434e+01
1.963146918459013648e+02 4.469296161930264022e-01 2.391564452506406369e+01
1.960657697734012856e+02 4.350904091445682575e-01 2.383266390256543232e+01
1.960026093403587595e+02 4.357994299041202391e-01 2.381731198353056200e+01
1.960059780887391696e+02 4.268574904264201830e-01 2.387381949843079809e+01
1.960898332901442416e+02 4.401813221617574823e-01 2.388755002735308608e+01
1.961876385649707686e+02 4.486409835593562212e-01 2.393571305174052100e+01
1.963546525438369201e+02 4.587166364343094327e-01 2.397990627969249289e+01
1.965136513489389927e+02 4.777594224180127247e-01 2.400344612881863426e+01
1.965093414384843413e+02 4.758213123722322968e-01 2.399660065935331588e+01
1.964532226253203078e+02 4.700663672223661660e-01 2.392790482566007171e+01
1.963928676830497295e+02 4.558535602199764170e-01 2.392019197546860099e+01
1.963528350033111565e+02 4.603182315510638833e-01 2.391776978779764562e+01
1.963300365667559220e+02 4.738814027813768592e-01 2.386621102185367604e+01
1.964407373815899405e+02 4.872646195041893669e-01 2.392504894762603840e+01
1.966039669171633477e+02 4.885045060608678158e-01 2.395340617891796953e+01
1.968266174311134193e+02 5.096347643315769504e-01 2.408716816388816895e+01
1.969974410469033330e+02 5.195772508709798343e-01 2.415278137686792803e+01
1.971627544556735927e+02 5.251216492470703878e-01 2.421986661771904181e+01
1.973166029627710145e+02 5.185281160922519117e-01 2.429367495897037088e+01
1.974081314243759095e+02 5.323342259076905281e-01 2.434639443148772031e+01
1.975617423915234099e+02 5.430595145547205682e-01 2.440293433819930158e+01
1.977004387290892851e+02 5.330234516714175141e-01 2.456796701793786397e+01
1.978697435288358975e+02 5.539125709020759070e-01 2.463176628948201952e+01
1.980174807808585911e+02 5.556887218911059634e-01 2.472671208718436020e+01
1.980923940427859975e+02 5.578733696121620511e-01 2.476234307966945991e+01
1.981810018427341618e+02 5.768657683337652387e-01 2.484356374708473680e+01
1.983267236042728427e+02 5.972978031153723943e-01 2.496003570297428809e+01
1.984594850421813419e+02 6.319840344360945217e-01 2.496956969278166483e+01
1.986366772479917131e+02 6.255002735308513584e-01 2.505201225130286957e+01
1.987517887478045679e+02 6.329503901413722211e-01 2.512149628573896365e+01
1.988933283665889178e+02 6.526446114422274070e-01 2.519322975151881749e+01
1.990193271141055504e+02 6.656103337076386683e-01 2.525027712994155138e+01
1.990048875644237114e+02 6.553187354236849060e-01 2.519098931790043494e+01
1.984287416141199571e+02 5.929824940255103982e-01 2.489221984682272293e+01
1.972728290288215192e+02 5.135775675909129978e-01 2.431892977455299132e+01
1.963473985776395807e+02 4.708401716046183294e-01 2.390077668365437091e+01
1.958659644841783916e+02 4.461090236388240982e-01 2.358315517837090880e+01
1.956659972358987716e+02 4.306005441824306557e-01 2.351775791080014955e+01
1.956279296593821186e+02 4.404368575624082460e-01 2.349291699058478144e+01
1.957042015778411326e+02 4.459524632172986447e-01 2.355307398289712495e+01
1.957594152198324196e+02 4.300948720163542682e-01 2.366894848982177280e+01
1.958844152198324196e+02 4.452380438225216897e-01 2.371061155739829118e+01
1.960640242146785397e+02 4.551481385505743993e-01 2.380549077193285612e+01
1.962025405977368848e+02 4.706620166421928708e-01 2.391274545794822970e+01
1.962313243212115879e+02 4.630517405199965353e-01 2.393678558060522477e+01
1.961776582879847979e+02 4.578924447899571093e-01 2.384771889666292211e+01
1.961695009501598008e+02 4.422705939938383346e-01 2.382494745328380858e+01
1.961744892891077257e+02 4.384465607094526485e-01 2.381707264403558710e+01
1.961503160001151684e+02 4.469997984509516131e-01 2.380846721948691425e+01
1.962150492355532663e+02 4.448997293484207027e-01 2.379106561861161495e+01
1.963148969940399127e+02 4.618064553280930573e-01 2.385442940024761782e+01
1.964235157352221393e+02 4.721484408741470351e-01 2.388677982206098349e+01
1.965707509141689115e+02 4.952348046413866389e-01 2.393903861103913044e+01
1.967261416313955920e+02 4.922853502634533807e-01 2.400471840718666172e+01
1.968853833750827675e+02 5.200289366848060979e-01 2.402445581756931858e+01
1.970421597420172191e+02 5.366405372721776423e-01 2.412997394258731276e+01
1.971536433589588455e+02 5.518250986150701198e-01 2.421017786703521324e+01
1.972927733868878022e+02 5.662268578503354410e-01 2.433870857447237412e+01
1.974352109786645997e+02 5.682459474244910824e-01 2.438011610664823792e+01
1.975480910425844456e+02 5.761819412052633371e-01 2.442927427946215246e+01
1.977056178198151599e+02 5.681109815438657451e-01 2.457138435403529897e+01
1.978979118078949568e+02 5.722193429501022388e-01 2.474792332498344294e+01
1.980773876364055184e+02 5.733818490685554936e-01 2.486154660101926339e+01
1.982148368892343910e+02 5.920287351357577110e-01 2.494326934151046515e+01
1.983231695027496926e+02 5.952859117215167917e-01 2.497029670899196674e+01
1.984954417523250072e+02 6.280952175290086537e-01 2.497345850968875069e+01
1.986409457689096314e+02 6.156135728887737191e-01 2.500311501252483382e+01
1.987943641847340928e+02 6.542516051942068867e-01 2.505628257176585905e+01
1.987397515907978516e+02 6.513003512711986742e-01 2.498359894618640453e+01
1.981235693616653748e+02 5.706681350954478926e-01 2.469915745299588394e+01
1.969537984797443073e+02 5.055192047450404180e-01 2.418391710575566478e+01
1.962256557542253290e+02 4.582379574443580794e-01 2.388159353315481681e+01
1.958461244997264714e+02 4.362079266361463814e-01 2.369781679191500245e+01
1.957665324206040793e+02 4.236866920042613449e-01 2.364193551870087262e+01
1.957456702945495408e+02 4.405592266275085711e-01 2.369604963865134906e+01
1.958066946675880331e+02 4.282557369496990951e-01 2.374211619302640131e+01
1.959210251648383405e+02 4.411314819613601501e-01 2.381825674469494203e+01
1.961989325098615211e+02 4.441943076790187406e-01 2.393198079525495814e+01
1.964321355561314135e+02 4.764673490541591061e-01 2.406510754081368120e+01
1.965918613774437915e+02 4.852545276554087184e-01 2.417416177190406401e+01
1.966908147620281682e+02 4.602696438340387330e-01 2.422477937577380303e+01
1.966575447726814616e+02 4.695013100688146257e-01 2.418410605798854007e+01
1.966696215196798221e+02 4.785566208862399584e-01 2.416033586709279746e+01
1.966645108116668155e+02 4.722348190377472776e-01 2.413646130258270617e+01
1.966742913391494767e+02 4.811443667040972150e-01 2.415749078632921609e+01
1.967559852869194685e+02 4.866815668998877298e-01 2.411551639745472286e+01
1.968596120900636208e+02 4.890155768621692323e-01 2.413138118683596645e+01
1.970201549048400693e+02 5.040309809680112441e-01 2.416421208718436020e+01
1.971420254959546128e+02 4.911714318620252762e-01 2.420729139673490593e+01
1.971042980334571553e+02 5.115170884800323003e-01 2.422201707408367000e+01
1.971780073997293528e+02 5.281880740548788866e-01 2.431592453427773393e+01
1.972529350580173286e+02 5.429713368460453715e-01 2.444250993348881451e+01
1.974540792087760224e+02 5.659389306383346696e-01 2.457212936569635175e+01
1.977126288474273679e+02 5.849079352739627868e-01 2.473106338717572328e+01
1.979682164348852496e+02 5.977368921136736457e-01 2.483960654746480046e+01
1.982738547695142586e+02 6.025380783737871448e-01 2.495320462986956755e+01
1.985431045031816097e+02 6.260707293196280387e-01 2.506228405459100017e+01
1.988625777403472341e+02 6.404292994730932387e-01 2.516027828165039892e+01
1.991296230312976832e+02 6.570444991506146915e-01 2.530567612507558195e+01
1.993950721257666032e+02 6.828247818951369563e-01 2.542451268319369007e+01
1.996611942500935868e+02 7.359095620627105205e-01 2.548428457285998050e+01
1.999038665025481691e+02 7.724511243557629081e-01 2.563762200915608602e+01
2.001222197028591268e+02 8.129174944574011352e-01 2.568679637787567316e+01
2.002963130920503261e+02 8.273192536926664564e-01 2.569617740635167280e+01
2.002502897267570745e+02 8.137110938354783496e-01 2.568207977023408617e+01
1.996922705939938396e+02 7.237824278022515490e-01 2.544530642653537100e+01
1.987401834816158441e+02 6.175030952175289967e-01 2.493945430595145396e+01
1.980720249920819924e+02 5.582080849961129632e-01 2.463003872621001378e+01
1.976796899743744689e+02 5.495486740951887050e-01 2.446154012265699151e+01
1.975586813653508500e+02 5.444199706314243326e-01 2.440871807607036814e+01
1.975684672914687212e+02 5.331944084535429340e-01 2.443305512366473664e+01
1.975935349543635482e+02 5.300254095764590501e-01 2.449091049782614959e+01
1.977563092050329772e+02 5.426132273761192781e-01 2.463912642883878945e+01
1.979424001612392487e+02 5.470005182689815504e-01 2.471326048774869832e+01
1.981386567475742027e+02 5.710172468399988821e-01 2.480991225418214441e+01
1.982258483055483680e+02 5.837526273358094597e-01 2.479723985776395878e+01
1.982321035242290748e+02 5.865959085543174245e-01 2.474843259623967029e+01
1.981453474561630799e+02 5.768099824364401051e-01 2.468180443983760952e+01
1.980830382079410299e+02 5.744273847571333969e-01 2.459481803000201694e+01
1.980753433532003100e+02 5.865041317554922085e-01 2.456958840805044630e+01
1.981736668970084452e+02 5.916292361291065616e-01 2.466938038063977601e+01
1.983476523134951606e+02 5.950159799602660060e-01 2.478972135844058755e+01
1.985496566467996900e+02 6.250521868071751141e-01 2.486897152399873434e+01
1.987534479283636983e+02 6.436018974403270310e-01 2.501481205551236542e+01
1.989484664276870944e+02 6.433139702283262595e-01 2.513122822550459290e+01
1.991071377155855089e+02 6.659468486366646456e-01 2.519527583426909700e+01
1.992543387031758471e+02 6.704978981313524100e-01 2.526777410670582569e+01
1.993999326970142079e+02 6.744407013906884574e-01 2.534640522875816870e+01
1.995234228786962660e+02 6.791357144913765520e-01 2.543040799285940423e+01
1.996513183467219505e+02 6.983296622613802684e-01 2.546512301690132674e+01
1.997396958049005207e+02 7.264529526935590287e-01 2.558327574789093362e+01
1.998891624197403019e+02 7.243546831361031835e-01 2.566421028763928547e+01
2.000037880423828938e+02 7.374283781060148035e-01 2.571202240073709433e+01
2.001484408741470133e+02 7.714415795686850874e-01 2.576483724914341522e+01
2.003265274538596543e+02 7.900308801934871061e-01 2.586507730845642072e+01
2.004977523682013327e+02 8.149059917652817786e-01 2.593845015979960422e+01
2.006437656560421487e+02 8.168009127292620297e-01 2.602797572773602752e+01
2.008305854280038147e+02 8.023973539489217544e-01 2.610474971927096988e+01
2.007996746422504373e+02 8.063797471999079036e-01 2.611552359563502179e+01
2.003128958999164979e+02 7.413351904638507683e-01 2.585068274740145711e+01
1.994671798969220617e+02 6.731900175635598949e-01 2.531172439607267322e+01
1.988233566554374931e+02 6.269579050416055344e-01 2.496156171719789185e+01
1.983450105813250275e+02 5.839379804785350681e-01 2.473923512136131819e+01
1.981938775877458170e+02 5.827880711756068255e-01 2.471280340329964531e+01
1.982108994846102803e+02 5.928853185914600976e-01 2.469637355676485058e+01
1.982739339494975752e+02 5.931534508076358181e-01 2.474318692234603034e+01
1.983995098039215748e+02 6.117967377846880161e-01 2.482540813682301106e+01
1.986919052863436264e+02 6.537423339379804244e-01 2.498538589444588354e+01
1.990911757507702191e+02 6.444998704327545846e-01 2.515406985114163163e+01
1.991264504333304615e+02 6.640519276726843945e-01 2.518714369007514975e+01
1.990797450404537869e+02 6.505715355158215862e-01 2.520051071089228500e+01
1.989640108980449611e+02 6.471056117013619380e-01 2.514114011977772023e+01
1.988547623160864930e+02 6.342298666897008275e-01 2.507124578906452328e+01
1.988402777777777715e+02 6.362219630877313792e-01 2.512162585298436568e+01
1.988902457458754327e+02 6.666468716708415787e-01 2.518309831274653732e+01
1.990031977915982964e+02 6.523656819556016284e-01 2.522639176816100814e+01
1.992098773430076903e+02 6.699238432524258213e-01 2.535355482134116656e+01
1.993505711756068024e+02 6.924469494111888945e-01 2.539259055310817459e+01
1.995331134289251622e+02 7.079212375111572086e-01 2.544907647346750679e+01
1.996285630992485096e+02 7.214448187498200271e-01 2.547741211021853758e+01
1.997730953614926079e+02 7.318281938325991165e-01 2.558320556563300840e+01
1.999066018110621599e+02 7.375903371627652305e-01 2.563545535688577814e+01
1.999966366502548283e+02 7.505992485099767242e-01 2.566467457026863741e+01
2.000947262532031914e+02 7.755553396101465546e-01 2.571901003426333787e+01
2.002118766375860162e+02 7.726112838674382699e-01 2.579578582534335496e+01
2.002748337220350834e+02 7.872919725893293696e-01 2.578581454608275081e+01
2.004296341884771664e+02 8.238947194149318642e-01 2.587375831389824654e+01
2.005775675909130200e+02 8.354136074400391188e-01 2.589490656761970655e+01
2.006718979441997135e+02 8.302219198986495741e-01 2.596748581958480884e+01
2.006891501828337709e+02 8.436627220638622804e-01 2.593432920157784238e+01
2.004141922921885453e+02 7.899139097636117546e-01 2.581411059284213039e+01
1.996290669718695199e+02 7.031416457919438256e-01 2.545498617949382236e+01
1.987830810371138170e+02 6.327272465520716871e-01 2.508720415478967070e+01
1.982410148714405125e+02 5.842439031412859363e-01 2.481242801819700006e+01
1.979575937203075000e+02 5.666731450289367311e-01 2.471330187728542072e+01
1.978537095822176184e+02 5.521760099046960635e-01 2.460298076646223819e+01
1.977625518268981466e+02 5.598312746537674744e-01 2.454253944602804438e+01
1.978253631481961463e+02 5.670456508594626799e-01 2.459562602574069246e+01
1.980133706199072776e+02 5.904559327402032487e-01 2.468012366473755392e+01
1.981903648757593999e+02 6.033046845757392695e-01 2.477524941694739624e+01
1.983630024329849277e+02 6.061263712533471182e-01 2.489288747804555157e+01
1.984540144251533320e+02 5.879509659957962153e-01 2.494260710892286426e+01
1.984468540352998787e+02 5.943159569260890729e-01 2.494770342057528012e+01
1.983852556073824474e+02 5.864141545017419466e-01 2.489525927845440734e+01
1.984038035184705393e+02 5.840603495436353931e-01 2.492166940197517988e+01
1.984482090927413651e+02 6.040676916875413749e-01 2.486066482393250965e+01
1.985656438052460260e+02 6.164035731767009141e-01 2.491284803201750719e+01
1.987081263856497060e+02 6.169110448878523112e-01 2.498167703204629930e+01
1.989048886441507591e+02 6.454140393308571699e-01 2.502930379200138233e+01
1.990503674671043086e+02 6.561717197892372733e-01 2.507366437764533273e+01
1.992020871123779955e+02 6.654105842043132046e-01 2.523722143042239097e+01
1.992351177622297200e+02 6.748833894791397281e-01 2.529737842273473092e+01
1.993300365667559220e+02 6.818620252800091652e-01 2.533207365178083137e+01
1.993728801359016529e+02 6.849320491779677944e-01 2.533542800380064008e+01
1.994837609052431446e+02 6.882828021076271563e-01 2.541250971754340426e+01
1.995926513777316984e+02 7.026845613428924775e-01 2.546274401831217205e+01
1.997220764590711326e+02 7.151572082577524192e-01 2.554592439031412709e+01
1.998324947453283755e+02 7.203201030779419201e-01 2.565297212864587806e+01
1.999257327747545503e+02 7.479737122455443199e-01 2.570577977887190002e+01
2.000502612939448852e+02 7.362172842705364539e-01 2.580368762776770097e+01
2.001394161555958533e+02 7.644233537761654373e-01 2.574884109297169843e+01
2.000097211424951809e+02 7.556991592525409418e-01 2.561550560018427447e+01
1.994416857418444522e+02 6.945398203334197662e-01 2.530778159281333828e+01
1.984694851141631489e+02 6.274707753879819050e-01 2.472960935475511945e+01
1.976066302438743492e+02 5.335705133742190132e-01 2.433716636434309422e+01
1.971280196366358552e+02 5.165414183294463335e-01 2.420190535832541556e+01
1.969337749416947361e+02 4.896580144539460222e-01 2.403989411476778670e+01
1.968740138492989047e+02 4.835449598341539090e-01 2.403165759695948722e+01
1.968634001324465146e+02 4.857224093749100136e-01 2.398416040424980622e+01
1.968294049264345915e+02 4.835683539201289793e-01 2.400095555843482842e+01
1.968311342892516791e+02 4.825696064035012167e-01 2.403329878206789161e+01
1.969220347096253931e+02 5.009087702628775007e-01 2.409720962540669831e+01
1.970193703031873440e+02 5.110654026662060367e-01 2.413353344274567291e+01
1.971197327315654491e+02 5.168743341683222914e-01 2.419503649477412210e+01
1.971217230284184154e+02 5.049829403126889771e-01 2.422567554922115818e+01
1.971307027583426930e+02 5.127587745817857590e-01 2.421129898361694188e+01
1.971567385764878679e+02 5.091866776079007062e-01 2.422223301949267338e+01
1.972149016728571098e+02 5.023250122369065096e-01 2.427980226598715774e+01
1.972369928881978751e+02 5.044268808845123742e-01 2.431306325760847642e+01
1.972737395986294757e+02 5.038582246408107590e-01 2.433422950678068730e+01
1.973634145288071124e+02 5.290626529613313700e-01 2.438571089228642919e+01
1.975201423080245320e+02 5.349633612622729517e-01 2.447539122109930787e+01
1.976052517923469054e+02 5.396781693587860973e-01 2.456805339610146532e+01
1.977520262877544610e+02 5.576178342115113429e-01 2.459927370360772869e+01
1.978714117071204441e+02 5.745299588264086710e-01 2.467018657683337679e+01
1.979890659641242792e+02 5.870080043764935862e-01 2.471364199130459838e+01
1.981152518643286840e+02 5.803370907834499715e-01 2.473520593993838190e+01
1.983134447611643907e+02 5.916760243010567022e-01 2.484834513834902481e+01
1.985002267426794447e+02 6.269938959431056169e-01 2.495298508537041826e+01
1.986591571650686774e+02 6.397184791684662475e-01 2.501084585816705541e+01
1.987763345426276373e+02 6.310554691773919700e-01 2.507166148397685035e+01
1.989076041576689420e+02 6.447536062883303387e-01 2.507831800120929344e+01
1.990927935417926449e+02 6.780847801675736752e-01 2.519079676657741018e+01
1.992275434770090214e+02 6.740537991995623202e-01 2.527271745702686445e+01
1.992010559730500177e+02 6.705644812991276016e-01 2.522314718839077585e+01
1.986431628084420140e+02 6.019226339581353891e-01 2.492919329993377531e+01
1.976557488266966232e+02 5.172702340848233105e-01 2.450160339466182791e+01
1.968833210964268119e+02 4.582595519852581400e-01 2.414275071261985062e+01
1.964671816964671223e+02 4.380632576084765861e-01 2.397683805533960921e+01
1.962665342201491399e+02 4.376997495033255747e-01 2.390423900837868132e+01
1.962357386052805737e+02 4.481191154876047467e-01 2.384101199216837941e+01
1.962258734991794142e+02 4.465481126371253495e-01 2.377815388269845442e+01
1.962345203132647953e+02 4.626414442428953833e-01 2.379620331980075321e+01
1.963403623563962981e+02 4.613421726987417815e-01 2.385612277216319654e+01
1.965285641789755573e+02 4.744086694883533628e-01 2.395974777576228831e+01
1.966887596815525114e+02 4.846156891537819478e-01 2.406787524113903842e+01
1.967015760415766863e+02 4.856072384901097272e-01 2.410112903458005817e+01
1.966714480579309452e+02 5.004066971869511882e-01 2.404556987993435158e+01
1.966729542771587376e+02 4.970595433474417901e-01 2.409048472546140474e+01
1.967059525351990885e+02 4.949558751547608604e-01 2.409614429472229347e+01
1.967838782355820513e+02 4.924868993118539651e-01 2.412843353200311114e+01
1.968682499064236424e+02 4.980762863148195940e-01 2.420816237655120773e+01
1.970133274308254840e+02 5.259170481702225564e-01 2.425488756442371496e+01
1.971392973856209210e+02 5.279379372894532629e-01 2.430359585096887542e+01
1.972677705076156656e+02 5.291670265756817093e-01 2.434443832599118807e+01
1.974650474360081773e+02 5.441716334110736630e-01 2.442207789870720802e+01
1.976250773804382277e+02 5.482745961820851832e-01 2.452609520313264824e+01
1.978516563012870222e+02 5.725180674325530683e-01 2.462029239008378667e+01
1.979983408194408412e+02 5.772904609714664126e-01 2.466374060637470933e+01
1.981388115084506580e+02 5.947694422849904017e-01 2.476117337537070640e+01
1.982578622124326841e+02 6.042026575681667122e-01 2.478303784803201637e+01
1.984126734761452440e+02 6.034810399930897740e-01 2.485673281794362310e+01
1.985232735164550490e+02 6.035980104229651255e-01 2.490565884944286168e+01
1.986722830468457630e+02 6.075804036739512748e-01 2.500022134404422403e+01
1.988055843482767671e+02 6.273664017736316767e-01 2.502459618208516900e+01
1.989699367999769777e+02 6.375050387262100049e-01 2.519075897613083370e+01
1.991940143531715250e+02 6.401791627076675040e-01 2.531089120670294434e+01
1.994157758918545369e+02 6.767063286401198141e-01 2.543012726382770339e+01
1.997696726267599558e+02 6.703215427140019056e-01 2.556133749388154541e+01
1.997991725691745160e+02 6.850094296161930441e-01 2.557897663470674487e+01
1.995908932221934435e+02 6.801704529095045082e-01 2.544493751979499407e+01
1.988326944948317134e+02 6.195131870663096452e-01 2.504399527799372294e+01
1.978038639831850389e+02 5.636157179465031142e-01 2.455313696697474768e+01
1.970447384901096939e+02 5.098705047364026077e-01 2.418078769687022955e+01
1.967564747631798809e+02 4.942810457516340072e-01 2.402419668307851808e+01
1.966553313322392000e+02 4.747397857821542555e-01 2.401510358181451821e+01
1.966613508105151027e+02 4.868165327805130671e-01 2.405489332296795268e+01
1.966936724396072691e+02 4.803849586824450735e-01 2.413128221185684197e+01
1.967794063660706456e+02 4.971225274250669623e-01 2.417113673663297746e+01
1.969820765310529396e+02 4.980222999625694702e-01 2.428233062681754006e+01
1.972080562033917772e+02 5.225716938757881680e-01 2.438631194034148209e+01
1.973743935533097158e+02 5.133364285508623670e-01 2.443892523969940456e+01
1.973778342834931436e+02 5.149092309464167183e-01 2.440825199389594147e+01
1.974094252972848551e+02 5.163632633670207639e-01 2.445502037085024938e+01
1.973898642423195327e+02 5.078082260804468451e-01 2.440784529670899161e+01
1.973833588868733955e+02 5.037862428378105939e-01 2.451481565460251488e+01
1.974583477296939407e+02 5.258954536293225512e-01 2.454941550775963677e+01
1.975952679162707568e+02 5.283482335665543594e-01 2.466780038006391962e+01
1.977662642883879016e+02 5.434626126515217370e-01 2.474595462267138757e+01
1.978989429472229347e+02 5.523073766951714925e-01 2.481212569462439888e+01
1.979647127206242203e+02 5.461619302640292606e-01 2.481635102646050939e+01
1.980667793181883667e+02 5.667847168235869981e-01 2.482363378537905518e+01
1.981458063401572076e+02 5.764392761509889995e-01 2.487856489879358435e+01
1.982029454953787706e+02 5.729841496069794093e-01 2.487078186634418842e+01
1.982805166853819401e+02 5.795920791223978519e-01 2.489000640638046846e+01
1.983445301027900030e+02 5.890738821225993682e-01 2.488261567475742098e+01
1.984922871498085328e+02 6.392020097319397465e-01 2.491050502432985070e+01
1.986575717658575968e+02 6.453672511589070293e-01 2.495142667933546576e+01
1.987997196308773198e+02 6.580486453024675386e-01 2.495182977743226616e+01
1.989247178313322308e+02 6.756751893121418773e-01 2.500897433128904979e+01
1.990167987532751681e+02 6.904422561976332195e-01 2.508100292246120233e+01
1.991837479485186009e+02 6.618384872304281519e-01 2.518479888284241852e+01
1.993241088652788449e+02 6.650362788287120797e-01 2.531057628631482004e+01
1.994578078661714358e+02 6.779768074630733166e-01 2.536212065589818820e+01
1.996105010653306806e+02 6.836669689902392655e-01 2.545305886671849294e+01
1.996739530246753702e+02 6.939081800120929788e-01 2.551154948029138225e+01
1.995926099881949938e+02 6.877537358555757541e-01 2.546823622988108582e+01
1.989937591776798911e+02 6.380682963346866465e-01 2.516509746336126341e+01
1.978115912297371324e+02 5.556149405430307331e-01 2.462401384929889758e+01
1.969770090121217265e+02 4.862532751720365365e-01 2.426247084736978366e+01
1.965677168811724300e+02 4.649502605741268613e-01 2.402842201491462859e+01
1.963783957415565453e+02 4.398969940399067302e-01 2.398151687253462327e+01
1.962843515159367769e+02 4.287938009271256012e-01 2.390877566151277023e+01
1.962392297227260940e+02 4.327941896288618473e-01 2.392851307189542354e+01
1.962803529267800968e+02 4.388226656301287276e-01 2.396723208372923253e+01
1.963248304828539403e+02 4.501993895943105506e-01 2.388371879588839874e+01
1.965230863637672485e+02 4.633738590884224351e-01 2.394241635714491423e+01
1.966148883562235596e+02 4.808366444962713371e-01 2.394704298753275040e+01
1.966317896835680017e+02 4.752778497595807616e-01 2.392130409432495597e+01
1.966239742593072606e+02 4.739893754858771624e-01 2.394346549192364293e+01
1.965532413405890964e+02 4.771763698137110876e-01 2.386836327776338251e+01
1.964723247962915025e+02 4.530480694480435444e-01 2.397269190348679757e+01
1.965107450836428598e+02 4.479229650744291913e-01 2.401004686015375356e+01
1.965949260027065293e+02 4.572248135671302394e-01 2.410755521004290003e+01
1.967633796176326655e+02 4.800268492125190911e-01 2.419546478650197230e+01
1.969958592467824019e+02 5.039446028044110015e-01 2.421916299559471497e+01
1.972518391350666604e+02 5.304231090380351343e-01 2.429143992398721608e+01
1.974427366761682663e+02 5.360376896720508988e-01 2.438910663384296384e+01
1.977706875701822469e+02 5.478625003599090215e-01 2.452222798076646271e+01
1.978333333333333428e+02 5.657535774956090613e-01 2.457219055022890331e+01
1.980151539690766072e+02 5.781344476116437869e-01 2.471289877918862032e+01
1.982022508709798103e+02 5.848809420978376972e-01 2.483648973539489191e+01
1.983842712562264126e+02 5.871771616135440519e-01 2.493111701361895882e+01
1.985482566007313210e+02 6.082228412657280092e-01 2.503616365782730213e+01
1.987115131294808634e+02 6.202959891739368015e-01 2.511447805994644611e+01
1.988549152774178594e+02 6.342730557715009487e-01 2.517701585039301904e+01
1.990062030318735538e+02 6.490329244766922523e-01 2.523941687541389456e+01
1.991424609858627832e+02 6.600155480694480659e-01 2.530223539489217188e+01
1.992501169704298718e+02 6.649409029397368442e-01 2.536654393769255122e+01
1.993706990872707365e+02 6.786120468745501233e-01 2.543433280066799185e+01
1.995507183783939524e+02 6.826160346664362777e-01 2.555151017822694470e+01
1.996489375485877247e+02 7.031092539805936514e-01 2.558736431430134317e+01
1.997507810025625474e+02 6.886139184014281600e-01 2.568174325530505797e+01
1.997364602228556691e+02 6.904440557427082847e-01 2.562614631021277845e+01
1.992908658691083019e+02 6.401827617978175233e-01 2.536190291094411364e+01
1.981819484034436130e+02 5.659371310932596044e-01 2.479867409518873700e+01
1.973074756701505805e+02 4.865843914658374292e-01 2.437092942904033777e+01
1.967335539575595362e+02 4.692799660245889903e-01 2.407211316979067561e+01
1.965151341740807993e+02 4.560101206415018149e-01 2.393784371310932713e+01
1.964572608044686319e+02 4.446351962223950016e-01 2.389477700037430452e+01
1.964807898563243214e+02 4.495245601911836419e-01 2.396720329100803326e+01
1.965182221934294944e+02 4.377717313063257398e-01 2.401710287639284758e+01
1.966148937548587696e+02 4.601094843223633157e-01 2.407420244162275935e+01
1.968366606921770199e+02 4.766868935533097318e-01 2.426061551639745417e+01
1.970621310932596373e+02 4.936817972416572831e-01 2.431225706141487564e+01
1.971271036681926887e+02 4.952186087357116073e-01 2.434408921424663674e+01
1.971556768448936054e+02 4.923681293369036038e-01 2.435627213440442418e+01
1.971659162563703944e+02 5.003491117445509895e-01 2.433342870922230716e+01
1.972047162477325628e+02 5.104175664392042178e-01 2.434991434165442925e+01
1.972911843885865721e+02 5.127803691226857641e-01 2.437566763122282509e+01
1.974315147130805315e+02 5.261545881201232788e-01 2.448338659986755417e+01
1.976003930206443897e+02 5.505204284356914890e-01 2.456219587688232409e+01
1.977673044254412389e+02 5.726854251245284688e-01 2.466910684978837409e+01
1.979638795312544914e+02 5.795596873110477887e-01 2.475336514929026066e+01
1.981602206962080004e+02 5.869342230284184669e-01 2.485817425354870380e+01
1.983406448849730737e+02 6.021421784572860147e-01 2.492074263626155428e+01
1.985991027468255936e+02 6.443001209294290099e-01 2.505040345800581747e+01
1.987810907402608507e+02 6.496123779908439255e-01 2.513617877400593059e+01
1.989354809104258379e+02 6.536649534997552857e-01 2.520116214620943751e+01
1.991178792001382192e+02 6.622649794132043910e-01 2.528691406812357911e+01
1.993033637096542066e+02 6.767333218162449038e-01 2.532316230456940431e+01
1.994299491088652871e+02 6.892905473496300228e-01 2.529419862658719964e+01
1.995413139558319529e+02 7.125802597103452207e-01 2.535951311508450701e+01
1.996656301287034694e+02 7.181282571765857936e-01 2.542424815006766181e+01
1.998235636031211300e+02 7.322600846506003291e-01 2.549629833578071469e+01
1.999747775762287176e+02 7.410544614321499246e-01 2.559674354323227163e+01
2.001893841236935430e+02 7.626741959632604706e-01 2.580047543980881741e+01
2.003828532147073247e+02 7.862356396303014083e-01 2.587837594656070905e+01
2.005923670496098623e+02 8.072777201923353463e-01 2.600832469551697201e+01
2.008048663297918210e+02 8.286293225072701718e-01 2.610165990037718586e+01
2.008808845123952551e+02 8.491459359074026159e-01 2.616976188419567606e+01
2.005758022371944378e+02 8.093058074918660916e-01 2.592180616740088084e+01
1.997096434021479467e+02 7.114195531369669201e-01 2.546864472661311396e+01
1.988638464196251050e+02 6.465909418099105022e-01 2.503437311047767011e+01
1.984196233192249110e+02 6.014511531484840745e-01 2.479138773718004174e+01
1.982350709740577486e+02 5.996983962454291994e-01 2.473080965132014697e+01
1.981939369727332974e+02 5.989983732112521553e-01 2.482272321557110217e+01
1.982626292073363743e+02 6.043232270881920831e-01 2.486714858483775359e+01
1.985052132820822806e+02 6.192882439319340460e-01 2.494002116265008340e+01
1.986563768679277757e+02 6.404508940139932438e-01 2.504871188563530993e+01
1.989209909734819064e+02 6.748168063113645365e-01 2.520032535774955917e+01
1.991779570124672603e+02 6.593893063833462520e-01 2.528616365782730213e+01
1.993395435633871671e+02 6.601361175894733258e-01 2.534367711842446269e+01
1.993566860297716801e+02 6.448039935504304987e-01 2.536597348190377588e+01
1.994301182661023404e+02 6.486748150067662699e-01 2.542388824105266210e+01
1.994350616164233543e+02 6.585597161037689551e-01 2.541005153897094715e+01
1.995202322852782686e+02 6.705140940370274416e-01 2.543935533097232948e+01
1.996292829172785162e+02 7.425660792951541689e-01 2.549745364371886680e+01
1.998272112809881662e+02 7.381427975007918141e-01 2.559967320261437962e+01
2.000238133799775540e+02 7.347812473006823941e-01 2.569394417091359273e+01
2.002728992110794479e+02 7.831638161872678250e-01 2.577884490800725459e+01
2.005136639457545016e+02 8.057984941406812762e-01 2.586114530246753773e+01
2.007121753620684785e+02 8.381543145892718094e-01 2.595132230572111354e+01
2.008910231493478307e+02 8.422752728110333154e-01 2.599220077164492793e+01
2.010775172036509275e+02 8.571845037574501447e-01 2.609262438455558453e+01
2.012806318562667229e+02 8.763910483429788734e-01 2.620399103106734628e+01
2.014261736632979307e+02 8.782031902335090123e-01 2.627530880193486951e+01
2.015368654804065613e+02 8.790777691399613847e-01 2.633940319887132375e+01
2.016929904120238461e+02 8.859808240476807484e-01 2.644186389680688620e+01
2.018357735164550490e+02 9.295909993953528350e-01 2.649135318591460120e+01
2.019681624485330076e+02 9.293642567159021706e-01 2.658819930321614677e+01
2.021154390170164845e+02 9.418656963519622671e-01 2.672260372577812504e+01
2.023089135066655047e+02 9.541781837551467360e-01 2.685538495868244624e+01
2.025393074630733281e+02 9.811929544211223098e-01 2.700407057095966223e+01
2.027451898160145163e+02 1.003568497883734922e+00 2.716647411534363954e+01
2.028398422878696294e+02 1.062982278080101262e+00 2.711775683107310542e+01
2.029075393740462516e+02 1.088019348708646472e+00 2.706694667588033809e+01
2.027043833318936947e+02 1.071337565863349717e+00 2.691856338717572328e+01
2.019458354927874097e+02 9.686663211540122997e-01 2.654313149635772007e+01
2.012889295586075775e+02 8.820146267023696307e-01 2.622075919207624395e+01
2.009239782183064165e+02 8.305224439261754688e-01 2.603695905675045452e+01
2.007722369784918328e+02 8.058038927759062497e-01 2.595542886758227397e+01
2.007964498574760341e+02 8.023217730557714589e-01 2.599787293772134333e+01
2.008967996890386019e+02 8.307131957041260506e-01 2.598131892257637432e+01
2.010768495724281024e+02 8.432560248769110922e-01 2.616365422821110798e+01
2.013476847053065057e+02 8.398332901442515652e-01 2.636043268261783368e+01
2.015859534709625507e+02 8.773322104172065483e-01 2.648031837551467049e+01
2.017704590279577417e+02 8.734991794074458138e-01 2.655132302553914414e+01
2.018161134865106021e+02 8.860923958423310154e-01 2.660526618870749616e+01
2.017588897526705125e+02 8.753455126544009701e-01 2.652315114738993884e+01
2.016971167688808180e+02 8.797418012726382353e-01 2.651003066424807741e+01
2.016508216722812392e+02 8.786296824162851404e-01 2.646699814286948182e+01
2.016792454867409390e+02 8.739112752296219755e-01 2.646087429097924115e+01
2.017752044283205066e+02 8.841290921655005075e-01 2.646377515764014987e+01
2.018792433272868720e+02 8.979693933373643633e-01 2.656170280153177288e+01
2.019800952319253611e+02 9.027291900607526953e-01 2.659535609397944356e+01
2.020640782010307817e+02 9.000910569807952788e-01 2.661792418876508037e+01
2.021868719587688190e+02 9.361251475626961582e-01 2.674021047479197222e+01
2.023451653422014829e+02 9.583117387924332542e-01 2.679381532348622130e+01
2.024057398289712353e+02 9.646569347269010608e-01 2.680586687685353198e+01
2.025214631741095843e+02 1.000473280354726269e+00 2.683493132935993941e+01
2.026670679652183935e+02 1.013509184878062852e+00 2.690592878120411058e+01
2.027605957214016428e+02 1.007162189398520091e+00 2.698706127091071494e+01
2.028593925455644751e+02 1.019220940946128806e+00 2.706028476001266725e+01
2.029652849759580704e+02 1.048409562062710521e+00 2.710560810227174500e+01
2.030792573637384351e+02 1.081603970516253455e+00 2.710261905790216375e+01
