2.044925667391410968e+02 1.518926125124650639e+01 3.089943600725834116e+01
2.044957120204018111e+02 1.519334815517156834e+01 3.089808242467836052e+01
2.045085252815876800e+02 1.520572983930293809e+01 3.091075836589233461e+01
2.045836621928691841e+02 1.530719785519282006e+01 3.098205031796112507e+01
2.047929885076261769e+02 1.534363505582710729e+01 3.084829903058638934e+01
2.048402184041457588e+02 1.540937208808095349e+01 3.043214758627454231e+01
2.049713311863464753e+02 1.544686207516633658e+01 2.987642837292180786e+01
2.049506792434323472e+02 1.547997907505190440e+01 2.968926779029278507e+01
2.049594775302022072e+02 1.554365467296594794e+01 2.947956057608997682e+01
2.050918409050040054e+02 1.558511222638178140e+01 2.955269326968661758e+01
2.052665854735086839e+02 1.570518709846168903e+01 2.975347305095551675e+01
2.054037550473263423e+02 1.579234277680600229e+01 2.987383237154860893e+01
2.055644390315672467e+02 1.596889212208399478e+01 2.996449297869905593e+01
2.057512710271207084e+02 1.613970999329747613e+01 3.008618789949485972e+01
2.059108744339638122e+02 1.630400680060813201e+01 3.014919161040362283e+01
2.059434437887234139e+02 1.629257327818737622e+01 3.018147324712690605e+01
2.059023687695149647e+02 1.623465367576138974e+01 3.017524153602197146e+01
2.058856500629383106e+02 1.619011132726291891e+01 3.008255055500155351e+01
2.060034444426280515e+02 1.622474538588546977e+01 3.006888231351457463e+01
2.062568766245443044e+02 1.639767209952428573e+01 3.019678769351489933e+01
2.065220545683412183e+02 1.651545994016772667e+01 3.033920321721076974e+01
2.067105572902192137e+02 1.664611825865197403e+01 3.044453907897533185e+01
2.068596017720815325e+02 1.674951202367134684e+01 3.050257311471121824e+01
2.069511402461950809e+02 1.683748017851596401e+01 3.052709126873845591e+01
2.069466233999771134e+02 1.685350738094848921e+01 3.044746857170881782e+01
2.069880253714995604e+02 1.686166157165977353e+01 3.046496542479279412e+01
2.070346193457684194e+02 1.688579719147962166e+01 3.051071422732994520e+01
2.070657991531934954e+02 1.682501839106766184e+01 3.065312811626424150e+01
2.070961566755488832e+02 1.677095846070850627e+01 3.077610959441565441e+01
2.071221608278432598e+02 1.670738258325023295e+01 3.086753690474244394e+01
2.070901587353484388e+02 1.661831423386898976e+01 3.088417714276372905e+01
2.070520164783966379e+02 1.657695640090892653e+01 3.083783492177665764e+01
2.070751761455591691e+02 1.661830769482271108e+01 3.083800984126465039e+01
2.071392637033888491e+02 1.666426574684082240e+01 3.085468440927890654e+01
2.073125566036193561e+02 1.675381962040836470e+01 3.098600971048372443e+01
2.074250053129751166e+02 1.686024586814013304e+01 3.106679635775122250e+01
2.075774926027038987e+02 1.697493747036994804e+01 3.112510503343087365e+01
2.076673766981085691e+02 1.701864772522927538e+01 3.098813980480946739e+01
2.076856140981837768e+02 1.702271337725392897e+01 3.084288796978960789e+01
2.076860538490461181e+02 1.702793644047015675e+01 3.073969201092020853e+01
2.076288633502803691e+02 1.701749031403769763e+01 3.066156348596557280e+01
2.077233427604583937e+02 1.707154370535057453e+01 3.070395448823789053e+01
2.078542577365091404e+02 1.712299292148240326e+01 3.092303379052165369e+01
2.079444606104199806e+02 1.717551944548887377e+01 3.106276830524268107e+01
2.079640074545127675e+02 1.720576580405747791e+01 3.111777312778931304e+01
2.080142812770757246e+02 1.723107518268460581e+01 3.119670922495954102e+01
2.080954128590344965e+02 1.726935149008517101e+01 3.130218894574226240e+01
2.081870036455183026e+02 1.736466626342548025e+01 3.137980742508705134e+01
2.082389906982066634e+02 1.737206846381455350e+01 3.147725392751467055e+01
2.082527112520638752e+02 1.737871867388141567e+01 3.155613117326837980e+01
2.082558222033316326e+02 1.738072452632783538e+01 3.157786532834186133e+01
2.082472593222278476e+02 1.737551454120416494e+01 3.159620244887283036e+01
2.082524496902126714e+02 1.740336270454954004e+01 3.148134900524758351e+01
2.082944614278007691e+02 1.743904791486161798e+01 3.141704402412907982e+01
2.083198133102287102e+02 1.745635023131876196e+01 3.134844288960455216e+01
2.083274133167677462e+02 1.747188046623400126e+01 3.134082653544980346e+01
2.082265943012211551e+02 1.742094946951987211e+01 3.128496836736362141e+01
2.080402527341387326e+02 1.726366415458305426e+01 3.115008745974399673e+01
2.078829919406254589e+02 1.714328031256641083e+01 3.105092772719098804e+01
2.078503768125418958e+02 1.713200863154109044e+01 3.099903385591211347e+01
2.075708620097758796e+02 1.696493599908453476e+01 3.073030847950826328e+01
2.072563911003580017e+02 1.679051838289385401e+01 3.054688332706674814e+01
2.071373673799676283e+02 1.675054846250674245e+01 3.053811610076670391e+01
2.071543590917264623e+02 1.680975789181147917e+01 3.056175802259240371e+01
2.071891697045985836e+02 1.683470108384691954e+01 3.066156021644243168e+01
2.071819162675123778e+02 1.678174298278596055e+01 3.070487485900181568e+01
2.071581893380850374e+02 1.671947164506056893e+01 3.064644030668127073e+01
2.071181769138971163e+02 1.666426574684082240e+01 3.061747560118356759e+01
2.070733239607003213e+02 1.655446862075166337e+01 3.053347828219254367e+01
2.070369096467280201e+02 1.649499272531101468e+01 3.052497261774370330e+01
2.071097562570498951e+02 1.650471955665266321e+01 3.057250657991531995e+01
2.072421948308839035e+02 1.657787023262657300e+01 3.066034885811904331e+01
2.074135750600774770e+02 1.675235323928005116e+01 3.079508427195893461e+01
2.075923117163361837e+02 1.696189534256428644e+01 3.092335910807408794e+01
2.077577937257850920e+02 1.714524529597358082e+01 3.103031992283925433e+01
2.079191332494155802e+02 1.725958542446584332e+01 3.115118438475748164e+01
2.080553824524693027e+02 1.738316686011345169e+01 3.121977244118945194e+01
2.081198182145134012e+02 1.738895391607134044e+01 3.129169050693956322e+01
2.081937454022330769e+02 1.734095568161383838e+01 3.131430089421457907e+01
2.083537166304294601e+02 1.741229013748344912e+01 3.138294780206306811e+01
2.085284562946494304e+02 1.752403916888721724e+01 3.148379624331791149e+01
2.086181736443739680e+02 1.757956384561311580e+01 3.153433653201680542e+01
2.086694659233950802e+02 1.758943944025763884e+01 3.161063575877458121e+01
2.086454790668780959e+02 1.756730640336106930e+01 3.159037942816040356e+01
2.085816334537607588e+02 1.749509408052835369e+01 3.162997335338640781e+01
2.084571659773422141e+02 1.743263311046083786e+01 3.155397328799594447e+01
2.082218240669598401e+02 1.732495136584329032e+01 3.134820911870003712e+01
2.080627029147798908e+02 1.716179725687008428e+01 3.124732798221379326e+01
2.080493975903614512e+02 1.717665560478004139e+01 3.121858560428961482e+01
2.080785846234326755e+02 1.719469846822840964e+01 3.120751826846054655e+01
2.080684409278906628e+02 1.721757695640090802e+01 3.121254516028837145e+01
2.080730215298098642e+02 1.724957904889571836e+01 3.120686763335567449e+01
2.079984518807931977e+02 1.725699269261578195e+01 3.117418057576302459e+01
2.079625410733844433e+02 1.726929427343021928e+01 3.120483562472413297e+01
2.079676562423370569e+02 1.729781432378087658e+01 3.122317111049353500e+01
2.080216458779487141e+02 1.732088407905706973e+01 3.126416112210034015e+01
2.080272531101338984e+02 1.730420297199653490e+01 3.128511059162021368e+01
2.080367821353255522e+02 1.726344509653267068e+01 3.130649981200241783e+01
2.079257098952117815e+02 1.715604126138202901e+01 3.120412613820274217e+01
2.078432018440110483e+02 1.710777492602703731e+01 3.114449984469765198e+01
2.078206764643376800e+02 1.709981200241944777e+01 3.112274770724689787e+01
2.077996959343479659e+02 1.709199293783001750e+01 3.111355380817707683e+01
2.078802210197642637e+02 1.717169083389187634e+01 3.115083781530463725e+01
2.079544048650504351e+02 1.725971947491458280e+01 3.115275702538784586e+01
2.079708587402527371e+02 1.733108335649245646e+01 3.114017916986807322e+01
2.080042945186444570e+02 1.736492292099197243e+01 3.115521243726602307e+01
2.079964967059554226e+02 1.735735560968432623e+01 3.115800951431233656e+01
2.079982540746431994e+02 1.736877441925095056e+01 3.114247110558925158e+01
2.080052851841558947e+02 1.739493223913292397e+01 3.117841951251410038e+01
2.079929361952559361e+02 1.743725458141929963e+01 3.118771149727812286e+01
2.079349920714063842e+02 1.741838289385493255e+01 3.109587549655882555e+01
2.078238805970149201e+02 1.728740579686452605e+01 3.104474342417158539e+01
2.075449919079302390e+02 1.718512857399748128e+01 3.078881986562259954e+01
2.071235977832633068e+02 1.694079057069526328e+01 3.046093737228425269e+01
2.067145608213042181e+02 1.672909058213859623e+01 3.017014598420820448e+01
2.065458942963168738e+02 1.659629399552075313e+01 3.002322015334063465e+01
2.065317094701737801e+02 1.659911559399061787e+01 3.002475192493174916e+01
2.066008582498242561e+02 1.670090402314822242e+01 3.012114400614670373e+01
2.066530447434241751e+02 1.676650700495332913e+01 3.020029752660574474e+01
2.066175050268918199e+02 1.678436514034428129e+01 3.018798940674502518e+01
2.065717169900769932e+02 1.672488434061892093e+01 3.009748737146687247e+01
2.066584803256445184e+02 1.681680371417828823e+01 3.021888966994163894e+01
2.068071537166304381e+02 1.693391639829330941e+01 3.018080626440633552e+01
2.069250510862990495e+02 1.702826339278416157e+01 3.013787415605434106e+01
2.070074708603750082e+02 1.710313220316816896e+01 3.012438246881692194e+01
2.070058410030896994e+02 1.708701835837243266e+01 3.007736345653986376e+01
2.069439816252799460e+02 1.703534844942864979e+01 3.002466364780696750e+01
2.068719932647823327e+02 1.690607640875578355e+01 3.013774174036716857e+01
2.069095829723234772e+02 1.686451586536103875e+01 3.027776070360138050e+01
2.070587909303428091e+02 1.694926517467427374e+01 3.044006800608131158e+01
2.072443657942489210e+02 1.707273381177355276e+01 3.062479769825570841e+01
2.073832894672312079e+02 1.718496346307890832e+01 3.072973631295875663e+01
2.074859459547824940e+02 1.725304310866260238e+01 3.084352062251720739e+01
2.075586552451324849e+02 1.736408101878340915e+01 3.091997678638570690e+01
2.077080168707394137e+02 1.744403884193490484e+01 3.103858691209887155e+01
2.078122067646433777e+02 1.753055042422062826e+01 3.113160157591015320e+01
2.078835036209968905e+02 1.759590165274394735e+01 3.116056791616942689e+01
2.079689967468244731e+02 1.760489611090222439e+01 3.119846659364731778e+01
2.080611842212813372e+02 1.758264210164947272e+01 3.120489774566379637e+01
2.080808536724918554e+02 1.758776871393307317e+01 3.119125402560036520e+01
2.082139167252456105e+02 1.767265861274133343e+01 3.128064769253404265e+01
2.083505419234604688e+02 1.780823265926664689e+01 3.135231890928708154e+01
2.084053554789034024e+02 1.783673145771689050e+01 3.134456360039888168e+01
2.082591293259878000e+02 1.769051347860914447e+01 3.121250429124912174e+01
2.079951938009841399e+02 1.745288453679030738e+01 3.104714815844109310e+01
2.078527472168184147e+02 1.733414526491311136e+01 3.094576678491441868e+01
2.077925716434258163e+02 1.729333671184057764e+01 3.091799545536283489e+01
2.078093541057036759e+02 1.734877311144169454e+01 3.097134099491589154e+01
2.078712543525526826e+02 1.737262918703306980e+01 3.102444132023344281e+01
2.078942015007111195e+02 1.742474702064703962e+01 3.100881626914714317e+01
2.079268574978339359e+02 1.746882673162119204e+01 3.104257409556815972e+01
2.078328734204116301e+02 1.738488989880825741e+01 3.098551437772800909e+01
2.077093181409491365e+02 1.725953474685717026e+01 3.095151787611776939e+01
2.076566216017393742e+02 1.721772245018064140e+01 3.090852201206454097e+01
2.076135717905543459e+02 1.719580193228817677e+01 3.093017442905952308e+01
2.077094211309280638e+02 1.726179235258537403e+01 3.099522322669238861e+01
2.079171748050546853e+02 1.741247486554086166e+01 3.115510781252554295e+01
2.081182831733991634e+02 1.753566232365009725e+01 3.124967386506677869e+01
2.082333900050677471e+02 1.762704059112978427e+01 3.129226430825064043e+01
2.082893446240865671e+02 1.766552614801131327e+01 3.129059358192607476e+01
2.083999051838289347e+02 1.775496068398424043e+01 3.137405796864527474e+01
2.084947213548904017e+02 1.784236811561033775e+01 3.142042471105589385e+01
2.085931258275980440e+02 1.788983505255758288e+01 3.154201010282650230e+01
2.087071766032923961e+02 1.794861127004626411e+01 3.163323306795703971e+01
2.087918997564205199e+02 1.797899821810988996e+01 3.171734482025796709e+01
2.088931274623596153e+02 1.803572117506661598e+01 3.176596753363521941e+01
2.088897614882869220e+02 1.805411714701410730e+01 3.175075444246456513e+01
2.088514982589789213e+02 1.800476532997662460e+01 3.161910055418417187e+01
2.088085824982426288e+02 1.800492390184891534e+01 3.149513168004446584e+01
2.088113387062496997e+02 1.802965620964182492e+01 3.147959163655980674e+01
2.088399192427784499e+02 1.808491932451651962e+01 3.144625884814699646e+01
2.088269801049517014e+02 1.809060339049549526e+01 3.145652351604518415e+01
2.087720946199996774e+02 1.805195926174167553e+01 3.131599941148583355e+01
2.086818868418041291e+02 1.796507004953327424e+01 3.119475241536022025e+01
2.084179349691847563e+02 1.776994327377352079e+01 3.099287080479312095e+01
2.080437315067597410e+02 1.750616141635742551e+01 3.074526327835085127e+01
2.078458109234768187e+02 1.733595494597113174e+01 3.062357489660132970e+01
2.077387422144480240e+02 1.731459188177404229e+01 3.065401742655833672e+01
2.076582530937862714e+02 1.730488630233280389e+01 3.062716319824753697e+01
2.076531869676807673e+02 1.730919062954668064e+01 3.067640058197511976e+01
2.077274639943764214e+02 1.731819162675123991e+01 3.066889702636870396e+01
2.077776135750600872e+02 1.739741053767308188e+01 3.075968187539847420e+01
2.078235372970852097e+02 1.744835951676448005e+01 3.081293913782674920e+01
2.079134737048601380e+02 1.751292932925732870e+01 3.092843667751058589e+01
2.079429909597685082e+02 1.754096549018325746e+01 3.096763989472135492e+01
2.079303558875938052e+02 1.753723005999574980e+01 3.098231514933547004e+01
2.079222425659217492e+02 1.752496607869742107e+01 3.096998741233591090e+01
2.079628876428373019e+02 1.753857873829101877e+01 3.097874156054339423e+01
2.080177960144512781e+02 1.760060159225776744e+01 3.091073057494564580e+01
2.080674813228490621e+02 1.763681810008010231e+01 3.086766768566804586e+01
2.081467574504258664e+02 1.770131925258700889e+01 3.082746235961484871e+01
2.081878373739190238e+02 1.775891353746056112e+01 3.085045528109725055e+01
2.082745663794935638e+02 1.779209919733206746e+01 3.090793186313776175e+01
2.084241143679194295e+02 1.786279773095094114e+01 3.098767553252358198e+01
2.084819048241813846e+02 1.792432688692354148e+01 3.105049778489807366e+01
2.085374458485229923e+02 1.793539585751418031e+01 3.109687270111654200e+01
2.086191561360775495e+02 1.800754932893037719e+01 3.110879828676987557e+01
2.086986039136191948e+02 1.805916529074234589e+01 3.127049091889947974e+01
2.087391394615095521e+02 1.804098020303738537e+01 3.138328292818492571e+01
2.088035180068986847e+02 1.806328162037566898e+01 3.146506351048699557e+01
2.088326739795001004e+02 1.810442366480848619e+01 3.150279707704631349e+01
2.088728956531689960e+02 1.813108335649245717e+01 3.154680649327295683e+01
2.089423893675107422e+02 1.821015513887299520e+01 3.156396985499664964e+01
2.090018963234212208e+02 1.823949420477023509e+01 3.155507675205571161e+01
2.090474375112389964e+02 1.825704010070131389e+01 3.159163165552304164e+01
2.090504994196596442e+02 1.827442905952166896e+01 3.160856615062693109e+01
2.090449935426917989e+02 1.828071308299684361e+01 3.157194585669680009e+01
2.090210197642673791e+02 1.823531411943568159e+01 3.163750960422422409e+01
2.088586846708407450e+02 1.810652923771068146e+01 3.156489513004528291e+01
2.086564368736819688e+02 1.794658580046100127e+01 3.143286197708064122e+01
2.085518513674780650e+02 1.786420362590116184e+01 3.138791420771280372e+01
2.085528779977440195e+02 1.786300534567033438e+01 3.140667636625198256e+01
2.086051102646678999e+02 1.792877507315558105e+01 3.138093541057036973e+01
2.086808961762926913e+02 1.801338706249693544e+01 3.142653871932778742e+01
2.088169361298654678e+02 1.813442971342629662e+01 3.149645747167775411e+01
2.088751434503277835e+02 1.818641676611466096e+01 3.153188438966176932e+01
2.089043059619754388e+02 1.823955469094832438e+01 3.149729120007846817e+01
2.088453139559595115e+02 1.811180134377401174e+01 3.154850501054421130e+01
2.087108678949175271e+02 1.800577070834218674e+01 3.145967206682905370e+01
2.086531591767340785e+02 1.793620506449134311e+01 3.150552549410668490e+01
2.086137483448039234e+02 1.790842065684719842e+01 3.146628958166451540e+01
2.085861584737866110e+02 1.791668110706053696e+01 3.140634287489169552e+01
2.085549116411371529e+02 1.800644913439374761e+01 3.123082015987968063e+01
2.085820911870003727e+02 1.809851890601755642e+01 3.109147471841231791e+01
2.086005296627486985e+02 1.819571038564025400e+01 3.100505795229765837e+01
2.086457994801458256e+02 1.825561131908911250e+01 3.097309999836523886e+01
2.086903696195909959e+02 1.832288502721878132e+01 3.097135570777002300e+01
2.087653790194700036e+02 1.825920125549688677e+01 3.125127920092854339e+01
2.088774811593729055e+02 1.825866995798662629e+01 3.140626604109790421e+01
2.089090108057739883e+02 1.824655473999117206e+01 3.151579833581272183e+01
2.089875839858756592e+02 1.828005754360726343e+01 3.161614654002713820e+01
2.091315165683085127e+02 1.837254254466985870e+01 3.174221281326118671e+01
2.091495512579490423e+02 1.840727141946346990e+01 3.167188046623400055e+01
2.090714488891795213e+02 1.835442775171241436e+01 3.154155890863317424e+01
2.088655637475274318e+02 1.822862140556799915e+01 3.140389727158293809e+01
2.087737555377548233e+02 1.817967173987673846e+01 3.132078108907815661e+01
2.086804433473377856e+02 1.815314282911837296e+01 3.126245770054437401e+01
2.086412613820274373e+02 1.813466348433081166e+01 3.126167955403704468e+01
2.085468816923051634e+02 1.812012064540386902e+01 3.119716205391443609e+01
2.083083650749538265e+02 1.795656111556129630e+01 3.102871458697748963e+01
2.079458534272776262e+02 1.764861127004626340e+01 3.080192247960635044e+01
2.078365140344280917e+02 1.759333507707900779e+01 3.070954700756894695e+01
2.077924424972617885e+02 1.759526900001634786e+01 3.075251508067548301e+01
2.077743064524039198e+02 1.764774975069886054e+01 3.076207843586012913e+01
2.078070507266515108e+02 1.763907570580830608e+01 3.083289794183518495e+01
2.078876232201533298e+02 1.771577217962760287e+01 3.087478053325922289e+01
2.079656356770365164e+02 1.778698893266417258e+01 3.094642395906556942e+01
2.080783966258521218e+02 1.789463961681188664e+01 3.094996812214938586e+01
2.081674535319023676e+02 1.794055843455231880e+01 3.094387046149319076e+01
2.082081917902274029e+02 1.794897745663794808e+01 3.092281800199440767e+01
2.082143368589691192e+02 1.797787513691128325e+01 3.090555818933808396e+01
2.082570090402314804e+02 1.800712756044530849e+01 3.092561344427915060e+01
2.082701345408772227e+02 1.798139641333311545e+01 3.099643295025420642e+01
2.083213696032433688e+02 1.801960079122460101e+01 3.099270405911297743e+01
2.081926664595968646e+02 1.789547824949731236e+01 3.092581451995226516e+01
2.080474849193245177e+02 1.780053129751025764e+01 3.085637802226545290e+01
2.079701737751549047e+02 1.780605679161694255e+01 3.084462245181540396e+01
2.079745287799774474e+02 1.783285380327279412e+01 3.078233803599745144e+01
2.080032924098020430e+02 1.789434045544457419e+01 3.084609210246685507e+01
2.080315999411485848e+02 1.794252505272105935e+01 3.086051233427604501e+01
2.080424645665429750e+02 1.795894623269196089e+01 3.087015742753919412e+01
2.080819113632276753e+02 1.798916153079073510e+01 3.086179562210851657e+01
2.081301629857285320e+02 1.801993428258488450e+01 3.085675238266498965e+01
2.081641954520933098e+02 1.806280263523565210e+01 3.085508819538670267e+01
2.082332036422487818e+02 1.811718624838567138e+01 3.086146376550980008e+01
2.082843635055827178e+02 1.811310424874531932e+01 3.090736787039610434e+01
2.083324516519265615e+02 1.815650880319105553e+01 3.092187310980693482e+01
2.083919373559366477e+02 1.821721567409393217e+01 3.094096385542168548e+01
2.084311699988556654e+02 1.823546124797698198e+01 3.089313236664432338e+01
2.084602801981330913e+02 1.825185300223962415e+01 3.093798205031795945e+01
2.083826976835428582e+02 1.817962923607591819e+01 3.088084386392244696e+01
2.081358732078926153e+02 1.801024832028248568e+01 3.066952150528845422e+01
2.076844959212698711e+02 1.766009873959882981e+01 3.044615585816808689e+01
2.073412156087034646e+02 1.737946249039577751e+01 3.034139216295303498e+01
2.071550473263474430e+02 1.723891549917444621e+01 3.029172320217096370e+01
2.070784342253682269e+02 1.719405437216981980e+01 3.023172581778947432e+01
2.070825423811936901e+02 1.719951938009841186e+01 3.027259485704010089e+01
2.071069362933416187e+02 1.727537885599385348e+01 3.026728024717595034e+01
2.071748491932451657e+02 1.738130977096990293e+01 3.031037583168494720e+01
2.072961370584100393e+02 1.751985744879109319e+01 3.039747429337431228e+01
2.073874809958967376e+02 1.758411502182406849e+01 3.047232021709633543e+01
2.074580716352519971e+02 1.765051903679848166e+01 3.049167579408543105e+01
2.075013503130568324e+02 1.768079318631377461e+01 3.052893037550473210e+01
2.075018963234212208e+02 1.772901374834480492e+01 3.051673014990763733e+01
2.074995798662764912e+02 1.773286851612692416e+01 3.055746186918637974e+01
2.074973696686338371e+02 1.773984077422307948e+01 3.056131990649163654e+01
2.075475241536022111e+02 1.777435059096630710e+01 3.057867126579588302e+01
2.076678377008713312e+02 1.783779405273740792e+01 3.057077863693580255e+01
2.077219548478854279e+02 1.786369684981445616e+01 3.048574814863252058e+01
2.077710189468865849e+02 1.789674518971408190e+01 3.047395661342793005e+01
2.078520557126743142e+02 1.797955730656683571e+01 3.048731751973974724e+01
2.078860881790390920e+02 1.800580503833515778e+01 3.050089584934037390e+01
2.078951038890977827e+02 1.802288012293406894e+01 3.050414739010315301e+01
2.078071962204312513e+02 1.795435582220333259e+01 3.054533684262150217e+01
2.077227689591473165e+02 1.788522665969168557e+01 3.060493044089519543e+01
2.076797273217701161e+02 1.784862761766196471e+01 3.062355364470091956e+01
2.077109463634728854e+02 1.791222801654378571e+01 3.064805218158931410e+01
2.077662209216785811e+02 1.792173742459662122e+01 3.071423877327491780e+01
2.078358437821843552e+02 1.796339768844714158e+01 3.073893184679014468e+01
2.078991662715992845e+02 1.799484723153128130e+01 3.082084484477939057e+01
2.080281162642428683e+02 1.800371581304866808e+01 3.082681499403312131e+01
2.080426689117392129e+02 1.806479214006636980e+01 3.090177371630347736e+01
2.080080969740563432e+02 1.806467280247175822e+01 3.078183289467231276e+01
2.078838027823641994e+02 1.800935737522682345e+01 3.069355086560625168e+01
2.076143237808765605e+02 1.779548151902045205e+01 3.048594105049778591e+01
2.073162233738209181e+02 1.760522469797779976e+01 3.033641104444916792e+01
2.071307416913243173e+02 1.745729512350623835e+01 3.022018113158195973e+01
2.070440551895505905e+02 1.745028526589397089e+01 3.014711382844811993e+01
2.070683036079187787e+02 1.748664563273446504e+01 3.007260630037109195e+01
2.071046917657059794e+02 1.752940445636004085e+01 3.006430988540321536e+01
2.071868303607918733e+02 1.762351931470794852e+01 3.012112438900786415e+01
2.072914567360350588e+02 1.772050481437282343e+01 3.016379166598551720e+01
2.074113550538654067e+02 1.779043501005378403e+01 3.025022151019273764e+01
2.074611646041424819e+02 1.781398375046999405e+01 3.033351097742394131e+01
2.075195141488613899e+02 1.783677559627928133e+01 3.036556538228899171e+01
2.075834627519576259e+02 1.786092429419169392e+01 3.042256461395105660e+01
2.075868221869840227e+02 1.788268624021186426e+01 3.043944679668470243e+01
2.076294518644455707e+02 1.792367625181867297e+01 3.045783786434748563e+01
2.076432623301891454e+02 1.793896127249840688e+01 3.048065259681875361e+01
2.076790848604730968e+02 1.797994801458207448e+01 3.045450622026777410e+01
2.077347125271779191e+02 1.801451831750339139e+01 3.051995880400843575e+01
2.077890994098510760e+02 1.808967811544686199e+01 3.052117997090124391e+01
2.078515456670644710e+02 1.809484723153128272e+01 3.060672867862222191e+01
2.079376698108580968e+02 1.811767504209511159e+01 3.068818557813342807e+01
2.080110934920141972e+02 1.817531183076948054e+01 3.076725736051396964e+01
2.081025992708963486e+02 1.822524889244903790e+01 3.080717660329240815e+01
2.081845825636330858e+02 1.827977309509407888e+01 3.086799300322048012e+01
2.083370665838387481e+02 1.837621421915613595e+01 3.085399780941949643e+01
2.084391263834169763e+02 1.842901211358323366e+01 3.079780288044988623e+01
2.084833009105622068e+02 1.846770528518415588e+01 3.075240064736558310e+01
2.085322325938761878e+02 1.848948848310473991e+01 3.071841231956319263e+01
2.085917117588399776e+02 1.855467133118634493e+01 3.076366251982148370e+01
2.085864576351539199e+02 1.853315132987853886e+01 3.081442677085546933e+01
2.084636886760065977e+02 1.845167644799006013e+01 3.082468163018423724e+01
2.081892023998299805e+02 1.822920338068692558e+01 3.065557862385771060e+01
2.077415981429108456e+02 1.790531460986415269e+01 3.036217979107747311e+01
2.074404276536267275e+02 1.764766474309722000e+01 3.020288698893266499e+01
2.073150414412058069e+02 1.757119223161301846e+01 3.008456294649425544e+01
2.072684572755063641e+02 1.760189141913651767e+01 2.999609455460921126e+01
2.073005263932255389e+02 1.767135243824688118e+01 3.001334455869611517e+01
2.073602360595707239e+02 1.769999999999999929e+01 3.005247584639780456e+01
2.074435827434568580e+02 1.779910251589805625e+01 3.008274018734367417e+01
2.075316538882804025e+02 1.786207353157541888e+01 3.029560412613820120e+01
2.076259829003939785e+02 1.795997940200421894e+01 3.041550407873011608e+01
2.076770217913717147e+02 1.799692174396364308e+01 3.050310114269833761e+01
2.076713998463324060e+02 1.801289499926435766e+01 3.053130077978126877e+01
2.076330058360988176e+02 1.796956727861241276e+01 3.050924784620163166e+01
2.076511565938107822e+02 1.793128933645027701e+01 3.047222049664056343e+01
2.076909548642330492e+02 1.796405813212142988e+01 3.044191528665544055e+01
2.077197005116803723e+02 1.796748622713377230e+01 3.043160974971800314e+01
2.077897124454398465e+02 1.802446257213385294e+01 3.043338837030619004e+01
2.078480570858740180e+02 1.806527112520639022e+01 3.048483104739173655e+01
2.079108319301629990e+02 1.807531673505419079e+01 3.060490428471007363e+01
2.079694822710107758e+02 1.812714194634712683e+01 3.064197086854882102e+01
2.079738536234490311e+02 1.814476631083356395e+01 3.069146654460447010e+01
2.080080969740563432e+02 1.818348727338117854e+01 3.072158212224746876e+01
2.080859426852593685e+02 1.826376060551568514e+01 3.071839433718592005e+01
2.081508770495823057e+02 1.829856140981837953e+01 3.077544424645665444e+01
2.081910366023115557e+02 1.833875202301744167e+01 3.081073057494564438e+01
2.082247878896862971e+02 1.835049778489807437e+01 3.082261856108286580e+01
2.081621765215543292e+02 1.828832126334374308e+01 3.075683739026662877e+01
2.081548871197135782e+02 1.828821827336482997e+01 3.073984404374622059e+01
2.080407840316489967e+02 1.825895113697667327e+01 3.058029131451177918e+01
2.078056154059930236e+02 1.810632489251442578e+01 3.030532114891042994e+01
2.073498831145477368e+02 1.778698239361789035e+01 3.000143695542005062e+01
2.070109986758431262e+02 1.756327344656781975e+01 2.978317993820601117e+01
2.068424253322652930e+02 1.743859018162201124e+01 2.969568913373984387e+01
2.067460773896127364e+02 1.737403671674486105e+01 2.972095927808928906e+01
2.067020630691013707e+02 1.739675826780663925e+01 2.973859835542986119e+01
2.067374327704304449e+02 1.744740481600758386e+01 2.975795393241895681e+01
2.067707328636118405e+02 1.748992659920550707e+01 2.988163508852234074e+01
2.068666116296938071e+02 1.760570204835624608e+01 2.994271305030161301e+01
2.069520622517205766e+02 1.769253404390969564e+01 2.994070883261676386e+01
2.069882199081264105e+02 1.772977391247486523e+01 2.992855928462833859e+01
2.069917101240783950e+02 1.773361396740285301e+01 2.990428634483660630e+01
2.070187899494858641e+02 1.776864036880220965e+01 2.989393176505206640e+01
2.069930179333344142e+02 1.775269000016347576e+01 2.991280018309329591e+01
2.070021954847885297e+02 1.776590050841084789e+01 2.995405339131287548e+01
2.070104690130944505e+02 1.773530758038939936e+01 3.002822252374491185e+01
2.070634581746252252e+02 1.778204050939170600e+01 3.008069346585800474e+01
2.071233133347501223e+02 1.781423223422863700e+01 3.011894034755031058e+01
2.072094276699743318e+02 1.788006244789197652e+01 3.019645420215461584e+01
2.072756747478380248e+02 1.790137973876510102e+01 3.026343038367853921e+01
2.073377401056056044e+02 1.789703127298883345e+01 3.031961386931715907e+01
2.073653021856762280e+02 1.794150005721665408e+01 3.035639436988115136e+01
2.074249137663271938e+02 1.797415115005476594e+01 3.038909777508950327e+01
2.075003187785061414e+02 1.803854440829805128e+01 3.046956400908927520e+01
2.075562766670481096e+02 1.803759788134900433e+01 3.053753902993248559e+01
2.076540092527504839e+02 1.805608049565970674e+01 3.057580225924048989e+01
2.077216475127102626e+02 1.807868761341158503e+01 3.065779045626195298e+01
2.077461525886449465e+02 1.811192885517647255e+01 3.063213123865884313e+01
2.077077062660411002e+02 1.807758741887495546e+01 3.062791028428503637e+01
2.074991679063608672e+02 1.793999771133380250e+01 3.044916381945693118e+01
2.070667620277582444e+02 1.763711235716270664e+01 3.015231073547922946e+01
2.067296267839335542e+02 1.736980595380163805e+01 2.995658400222327700e+01
2.065517778032074148e+02 1.722262673489071716e+01 2.984689803992087676e+01
2.064564924555753578e+02 1.715945464354023997e+01 2.981633780713082871e+01
2.063925275048634091e+02 1.719991335763678819e+01 2.972968236582694246e+01
2.063764904938614677e+02 1.726118585604289635e+01 2.966044040476696608e+01
2.063600186362818931e+02 1.729982017622729629e+01 2.960464762714358145e+01
2.063978895228131023e+02 1.735247911592094283e+01 2.962502166059080366e+01
2.064611760474734865e+02 1.740185218485883922e+01 2.967384054535645888e+01
2.065413349462980932e+02 1.747312288502721955e+01 2.971764234686370898e+01
2.065282225237449154e+02 1.753079727321770065e+01 2.977706919945725872e+01
2.065373461280672132e+02 1.754083797878079309e+01 2.980252734138725756e+01
2.065605106995144808e+02 1.753969201092020569e+01 2.982141537656732666e+01
2.065835036209968791e+02 1.756449461346062790e+01 2.983423844632260469e+01
2.066032319236239516e+02 1.760205653005509063e+01 2.981689853034934856e+01
2.065967026859132716e+02 1.763253829428977681e+01 2.983912147913227031e+01
2.066616730149907539e+02 1.769791567899821771e+01 2.980813620833401600e+01
2.066902061434339828e+02 1.773369407071978543e+01 2.986574847558483725e+01
2.067451537493256524e+02 1.779651632309427711e+01 2.993840218404145759e+01
2.067882902028739238e+02 1.779868892122084034e+01 2.994348465776266366e+01
2.068196939726340986e+02 1.777692697520066645e+01 3.004111752300926952e+01
2.068582727109251209e+02 1.777739942129440465e+01 3.007917313759788058e+01
2.069118111523434322e+02 1.782126988278759683e+01 3.013014336858969244e+01
2.069858838338428200e+02 1.785551486815647948e+01 3.015102417812362035e+01
2.070993362868025827e+02 1.791474881888476389e+01 3.003937977146033234e+01
2.071551225253796815e+02 1.793818639551421512e+01 2.998064442301090438e+01
2.071885599385329613e+02 1.797878242958264394e+01 2.990413758153373180e+01
2.071165241699498267e+02 1.783330336270454808e+01 2.975192166222556267e+01
2.068513037223520996e+02 1.767840316489839836e+01 2.959812983276389176e+01
2.064974742933743244e+02 1.740146638112831212e+01 2.942223112259076956e+01
2.062116705628484112e+02 1.715941377450099026e+01 2.934623923100815901e+01
2.060534223733468480e+02 1.700622026777394424e+01 2.929321900900753661e+01
2.060084124830393364e+02 1.696147847836392941e+01 2.933967075901979626e+01
2.060294322473067439e+02 1.698769351490085100e+01 2.934030177698582520e+01
2.060112406205554976e+02 1.708840300142224322e+01 2.940076506841477055e+01
2.060176864854261112e+02 1.717285478412973632e+01 2.950828497163688624e+01
2.060415834300567326e+02 1.729035327197528105e+01 2.958424907227280798e+01
2.061052230632162434e+02 1.736322603848228852e+01 2.962337545568978925e+01
2.061629334161612519e+02 1.741669418515309431e+01 2.963255954619018695e+01
2.062183501986235399e+02 1.743515881708652770e+01 2.962975919962073590e+01
2.062193016298572843e+02 1.740846643017115980e+01 2.959984796717398936e+01
2.062159601772081601e+02 1.739641987216164409e+01 2.963115038171682514e+01
2.062400451194193352e+02 1.742077618479344636e+01 2.964742770266956740e+01
2.062806264406336254e+02 1.742718118062480670e+01 2.965459286263098448e+01
2.062932745909009213e+02 1.749175426264079292e+01 2.958357391574438822e+01
2.063596328325513696e+02 1.756286639093688251e+01 2.950657501103464142e+01
2.063949011786631047e+02 1.759939350345752018e+01 2.950723708947050028e+01
2.064406761373853669e+02 1.765939906164685880e+01 2.950168216965555601e+01
2.065074430694283194e+02 1.771707508459891045e+01 2.949642641120792419e+01
2.065437184286671766e+02 1.775890536365271188e+01 2.956445047489823708e+01
2.066190923803763155e+02 1.778521848588383492e+01 2.960851547301826159e+01
2.067100701312713511e+02 1.786342384463226196e+01 2.967742067319481336e+01
2.067855323601052646e+02 1.792955975870919261e+01 2.973396053685570095e+01
2.068696228605057854e+02 1.797656896241683100e+01 2.980586062022853966e+01
2.069497408902911388e+02 1.801662879469029477e+01 2.982352912327737116e+01
2.070302103938140590e+02 1.805838223995030489e+01 2.982424024456033251e+01
2.070840463618381193e+02 1.809122950417681608e+01 2.983319056415621873e+01
2.070934576841967498e+02 1.809734841673341776e+01 2.982074348956204801e+01
2.069851857906524231e+02 1.799935917346455128e+01 2.972524071864118511e+01
2.066859819195370278e+02 1.769472625917509845e+01 2.956725245622925868e+01
2.063373559366366408e+02 1.737666214382632290e+01 2.939051184384757320e+01
2.061409540468522721e+02 1.720797109741544162e+01 2.927352176685030472e+01
2.060796750093998924e+02 1.712363701754099310e+01 2.926639420640499623e+01
2.060511533242876396e+02 1.710659462817348242e+01 2.927480995896748439e+01
2.060647954095895216e+02 1.721394778571545459e+01 2.930005394713181133e+01
2.061307874646482787e+02 1.733292409802030321e+01 2.939045135766948391e+01
2.061846463193343197e+02 1.742588808422291535e+01 2.944268035507021253e+01
2.062810678262575266e+02 1.753070899609291899e+01 2.951669745467623684e+01
2.063553726438998979e+02 1.759090091710124071e+01 2.957744355985679618e+01
2.064055222245835353e+02 1.765037027349561072e+01 2.958334341436301429e+01
2.064420460675810318e+02 1.766146866979450891e+01 2.959227084729692336e+01
2.064604175181049754e+02 1.765331447908322460e+01 2.960366840496313756e+01
2.064784930767847584e+02 1.762182570172140217e+01 2.961510192738388980e+01
2.064774533684262110e+02 1.763980971375324813e+01 2.958893266417092960e+01
2.065430089421457751e+02 1.767157967010511399e+01 2.962635235650880361e+01
2.065340831439734472e+02 1.774271631982475483e+01 2.959247519249317548e+01
2.065765869447941157e+02 1.779674192019093937e+01 2.954613297150610407e+01
2.065957430808716424e+02 1.781638194569321954e+01 2.958828529858920220e+01
2.066080462964476681e+02 1.785393732324140359e+01 2.955220284121561036e+01
2.066259551094472897e+02 1.786385869120988801e+01 2.951034150169197900e+01
2.067064687515325829e+02 1.787853885010871124e+01 2.955124487093557306e+01
2.067620457406287358e+02 1.791793987346945372e+01 2.955546582530937982e+01
2.067720978895228257e+02 1.792426476598388163e+01 2.955080675483480590e+01
2.068129734678197167e+02 1.794515211456409176e+01 2.956856353500841905e+01
2.068392457210115936e+02 1.796976181523924865e+01 2.962550391525396165e+01
2.068576940053293356e+02 1.797609651632309280e+01 2.971065210639028464e+01
2.069240408036487793e+02 1.799721600104624741e+01 2.973343577839172269e+01
2.069296414967876956e+02 1.796122509032057835e+01 2.971243563126317966e+01
2.067971146458289127e+02 1.785878112177339005e+01 2.962541073384446833e+01
2.064741691324320243e+02 1.759743669385819942e+01 2.939213189256346936e+01
2.061536757613901898e+02 1.733685733435778431e+01 2.920706380474407737e+01
2.058946134606267719e+02 1.716260319432410952e+01 2.904761079596540796e+01
2.057651795785584738e+02 1.707623056677183726e+01 2.900162331823903372e+01
2.057322048029294876e+02 1.703370551405077649e+01 2.898899805463373269e+01
2.056649180167072757e+02 1.710725997613248239e+01 2.912137777705121877e+01
2.056304899380425297e+02 1.715974726586127375e+01 2.923894002059799746e+01
2.057018636281898409e+02 1.728974677543280336e+01 2.930422095437380392e+01
2.057630167890013126e+02 1.736026875480211373e+01 2.938062480587206338e+01
2.057973909205342409e+02 1.739571528992496496e+01 2.940648346438672078e+01
2.058603390495496228e+02 1.741293750306517651e+01 2.939652776642526533e+01
2.058860538490461067e+02 1.742529630053456557e+01 2.936641545830540778e+01
2.058911167056284910e+02 1.744472707655588550e+01 2.928556832485982042e+01
2.058807425087051115e+02 1.745775122198427454e+01 2.926531853329191790e+01
2.058464860800052350e+02 1.745233362214121087e+01 2.924270814601690205e+01
2.058897516797175058e+02 1.745146556374752578e+01 2.924529433882068474e+01
2.059505729839303001e+02 1.749432574259044415e+01 2.926348596557192039e+01
2.060133167677494157e+02 1.751791208252276277e+01 2.928831635905903141e+01
2.060861993428258359e+02 1.758042699972208922e+01 2.936330450703764683e+01
2.061499337921564177e+02 1.759573981134851550e+01 2.937843259060666057e+01
2.062453303035752299e+02 1.762553988000849969e+01 2.947858462343267405e+01
2.062824475650226361e+02 1.766013143483023029e+01 2.950867077536741334e+01
2.063502885354171212e+02 1.766920763106701031e+01 2.953486456000392479e+01
2.064269735659053993e+02 1.772312043288486549e+01 2.955177780320740055e+01
2.064599679586732179e+02 1.773298458419839463e+01 2.958630560232790074e+01
2.064857105491164191e+02 1.772607771656504028e+01 2.964555263114874606e+01
2.065572951235062362e+02 1.776400581975119053e+01 2.969272204149024930e+01
2.065978780794821148e+02 1.777345474162593320e+01 2.975380163803109212e+01
2.066197675369047317e+02 1.778381259093361066e+01 2.978653446894770340e+01
2.066786761700805926e+02 1.779852707982540849e+01 2.981590949959948489e+01
2.065614114531395558e+02 1.771519020450867288e+01 2.965200013078092667e+01
2.062472135489038862e+02 1.743680175246440456e+01 2.935178270749211293e+01
2.058083421882918458e+02 1.713306468751532563e+01 2.913293554135129426e+01
2.055205375096042246e+02 1.691463275081329343e+01 2.891982311879812428e+01
2.053897140802014007e+02 1.681413905281914722e+01 2.883673472724003162e+01
2.053423942717954560e+02 1.686665740301776850e+01 2.877122656160598879e+01
2.053407513364175827e+02 1.693793464223243106e+01 2.875158163181900051e+01
2.053351996861257760e+02 1.699832600415229322e+01 2.876367723267561516e+01
2.054098412646515612e+02 1.710023213614294235e+01 2.883313825178597867e+01
2.055009432574259165e+02 1.719372415033267387e+01 2.886226643344068421e+01
2.055929721600104756e+02 1.725014140687580877e+01 2.900478658187703473e+01
2.056538768370633079e+02 1.730073400794494276e+01 2.912446257213385437e+01
2.056606970623334689e+02 1.730924130715535014e+01 2.910941622664334361e+01
2.055989929868728723e+02 1.729582481895015533e+01 2.911916104036226471e+01
2.056056873355021253e+02 1.724568504683591996e+01 2.913789377319318064e+01
2.056080822612022132e+02 1.725486586781318010e+01 2.910542904317405188e+01
2.056672638995602540e+02 1.726495398146180449e+01 2.920649981200241996e+01
2.056721224109463719e+02 1.726539046280100109e+01 2.928096647104019823e+01
2.057355576989096164e+02 1.733305651370747569e+01 2.930016838044171124e+01
2.058239116574847571e+02 1.736570924130715454e+01 2.937680273332134462e+01
2.058692256134442857e+02 1.744497556031452845e+01 2.934651387095192021e+01
2.059174265583364729e+02 1.749309967141292432e+01 2.935315427244936259e+01
2.059576106324892635e+02 1.757132464730019095e+01 2.930708669140605949e+01
2.059850533749652755e+02 1.760351310261398439e+01 2.931392489905347176e+01
2.060130159716205469e+02 1.765615405993035836e+01 2.932025469585261135e+01
2.061157836229585882e+02 1.769249807915515404e+01 2.939180167072632344e+01
2.061493076784750826e+02 1.766925176962940114e+01 2.939628745647447161e+01
2.061926353991270275e+02 1.769649997547857723e+01 2.943970999329747684e+01
2.063076130846316119e+02 1.767257523990125989e+01 2.939437315067597467e+01
2.063648117572052172e+02 1.774653185332919136e+01 2.946767749423746707e+01
2.064419757728335298e+02 1.775822366807800989e+01 2.946872374164228248e+01
2.065035556064148068e+02 1.779484559676971145e+01 2.949252260057870600e+01
2.065338428340226642e+02 1.785900344934691120e+01 2.949855160124895903e+01
2.063326527275996796e+02 1.767436203429729602e+01 2.936266204574062755e+01
2.058833712053097145e+02 1.736112536986480492e+01 2.909348384038187874e+01
2.055142387732749114e+02 1.704782985401579154e+01 2.897953115038171745e+01
2.052682692779258105e+02 1.682616599368981980e+01 2.894217521374507385e+01
2.051957545242026413e+02 1.674830230010952903e+01 2.894175998430628738e+01
2.051471514279642179e+02 1.671326445537918204e+01 2.892155923558549091e+01
2.051770839123113888e+02 1.673075476941687967e+01 2.896842294551339592e+01
2.051871818345294400e+02 1.689810204181720010e+01 2.890719131614654103e+01
2.052219826388321167e+02 1.701652580471138165e+01 2.889068185905085784e+01
2.052765902143172525e+02 1.715031305684065899e+01 2.889237710679897475e+01
2.053352160337414887e+02 1.726524006473655959e+01 2.894670840757875396e+01
2.053927318500596755e+02 1.731953703552336776e+01 2.894866848670121584e+01
2.053833924572101068e+02 1.728221052459498708e+01 2.894675091137957423e+01
2.054090418662437969e+02 1.725087051053603915e+01 2.892426149646074052e+01
2.054196808945415285e+02 1.725689787644472162e+01 2.890424220627421548e+01
2.054429059521668819e+02 1.725304637818573994e+01 2.894086250020434647e+01
2.054870919226430885e+02 1.729092870804793236e+01 2.893120596361020702e+01
2.055194945317225574e+02 1.731819816579751858e+01 2.893742459662258426e+01
2.055932059309149622e+02 1.739963871769302273e+01 2.900722564613950993e+01
2.056339229373395767e+02 1.745060731392326403e+01 2.898836049762142153e+01
2.057238609798760933e+02 1.750077324222262121e+01 2.904496575174510653e+01
2.057603112586029397e+02 1.754343561491556613e+01 2.910625459776691670e+01
2.058260384822873448e+02 1.755351228523320017e+01 2.921639502378578257e+01
2.059046934004675506e+02 1.757939546517140528e+01 2.930605679161694255e+01
2.059880613362541055e+02 1.762698010495169143e+01 2.940859557633519117e+01
2.060454545454545325e+02 1.764563109970410792e+01 2.945303656961632299e+01
2.061011377940527325e+02 1.767572052116198833e+01 2.947923525853754256e+01
2.061691324320347860e+02 1.771335763678867536e+01 2.949000016347615727e+01
2.062354236484608805e+02 1.777245917182978729e+01 2.955550996387177065e+01
2.063208873485802144e+02 1.782878651648656998e+01 2.956522698664399940e+01
2.063369897500449497e+02 1.787145706298736414e+01 2.952349315852282885e+01
2.063086053849046095e+02 1.786781154468620869e+01 2.951812787105000879e+01
2.062407398930865838e+02 1.775922087263572635e+01 2.936238577103529579e+01
2.059381978388452126e+02 1.752803125664122064e+01 2.911105425773650879e+01
2.055905118438475654e+02 1.726428863350280452e+01 2.887483611515260407e+01
2.053283075313465531e+02 1.704343888443870370e+01 2.868516126922888176e+01
2.051810694610191206e+02 1.692366317372611206e+01 2.857630086151934634e+01
2.051101338869725907e+02 1.696288927759886178e+01 2.848165143613804062e+01
2.051276242010102919e+02 1.703447875627339769e+01 2.847231694757319787e+01
2.051544342907587009e+02 1.711191250756077054e+01 2.851393961190760251e+01
2.052261104117964408e+02 1.718664236321132677e+01 2.857040100701312824e+01
2.053409213516208638e+02 1.730700985761226818e+01 2.863404064017263195e+01
2.054701312713540631e+02 1.736214219156136096e+01 2.888453842507070490e+01
2.055283663827630676e+02 1.740146965065145324e+01 2.901215608703470750e+01
2.055672459171829871e+02 1.742016314920469000e+01 2.913598273691782126e+01
2.055631508394500599e+02 1.738988082588154427e+01 2.918194242369750313e+01
2.055355838550947283e+02 1.739070964999754665e+01 2.914987657550146238e+01
2.055500220692811979e+02 1.738998381586045738e+01 2.918684507364600833e+01
2.056039953572771424e+02 1.741458697748933204e+01 2.920254368900295816e+01
2.056449379607984156e+02 1.747503882558728705e+01 2.919986104526654813e+01
2.057102597636134647e+02 1.750938026188880414e+01 2.922180281505942290e+01
2.057881970214644127e+02 1.756513707475764718e+01 2.928831962858217253e+01
2.058097987608507253e+02 1.756141799218583799e+01 2.926898203397034592e+01
2.059313547269130709e+02 1.762589789279233798e+01 2.927540174265583417e+01
2.059611711431887784e+02 1.768089290676954661e+01 2.926654133494629662e+01
2.060325775285674581e+02 1.768705432312697212e+01 2.917617008059374584e+01
2.060608785208677318e+02 1.772801490902551791e+01 2.923260368475257920e+01
2.060971473410602925e+02 1.775470729594088581e+01 2.925099638717692940e+01
2.061533635219303164e+02 1.777997253600562289e+01 2.924781514116166292e+01
2.062274116820061920e+02 1.781065374115185307e+01 2.929226103872750286e+01
2.062336303150185586e+02 1.780214153765673402e+01 2.930384822873583772e+01
2.062873126154550221e+02 1.783123865884160963e+01 2.933227346291543469e+01
2.062934168151575136e+02 1.781674976704647761e+01 2.936193130731882661e+01
2.060765101110003172e+02 1.768041882591424141e+01 2.924275718886400455e+01
2.057223717120857884e+02 1.739532458190972974e+01 2.899652449690212563e+01
2.053514279642314193e+02 1.710064082653545015e+01 2.880056399274165813e+01
2.051328799594579095e+02 1.695464354023965470e+01 2.868236582694413883e+01
2.050090909090909008e+02 1.683900704582236685e+01 2.862348825423811860e+01
2.049654787399257714e+02 1.684925863562799364e+01 2.864239917608016839e+01
2.049825080512007389e+02 1.689783884520442570e+01 2.869307024570466425e+01
2.050045380981183882e+02 1.692143989799087933e+01 2.875900835363162145e+01
2.050983390822448484e+02 1.702012554968857927e+01 2.886988769188014103e+01
2.051720439423910136e+02 1.717008876755325275e+01 2.882159683510160164e+01
2.052084876820715635e+02 1.726534959376175138e+01 2.876769220709159569e+01
2.052146948717529540e+02 1.733713360906311962e+01 2.868770659299341119e+01
2.052121528175115657e+02 1.738559121152179898e+01 2.868078337774435482e+01
2.052060715044710832e+02 1.739677461542234127e+01 2.869759526573049158e+01
2.052414019715224640e+02 1.732069935099965718e+01 2.869849438459400659e+01
2.052695133314805958e+02 1.729590819179022887e+01 2.874059439930686111e+01
2.053483954815190202e+02 1.728687940363898079e+01 2.882104755521407213e+01
2.054363015154239633e+02 1.734419741380719771e+01 2.887012636706936419e+01
2.055293194487584003e+02 1.740914322146115012e+01 2.891327916823331279e+01
2.055659201255496953e+02 1.745350901571005764e+01 2.892761439244086219e+01
2.056123914927007945e+02 1.749182455738830555e+01 2.894059439930686040e+01
2.056852462768305259e+02 1.754168642003563860e+01 2.898436840986742169e+01
2.057794167170718254e+02 1.759013748344803929e+01 2.902918539830965727e+01
2.058586323584705156e+02 1.765985025584018686e+01 2.912295368720472055e+01
2.059227591505778889e+02 1.764416798809893550e+01 2.920901734482025702e+01
2.059737506334701038e+02 1.763161792352585522e+01 2.929581501038073554e+01
2.060441140409671164e+02 1.765229602262510156e+01 2.933836621928691812e+01
2.061187196547383564e+02 1.767728825750764088e+01 2.940736623563453378e+01
2.061928773438393989e+02 1.771865262951398634e+01 2.947201124715960319e+01
2.062577283353222981e+02 1.772779258145199677e+01 2.945589903712543389e+01
2.061446371646695468e+02 1.764249235748966171e+01 2.933777770512170946e+01
2.058173006816955706e+02 1.738215003841689565e+01 2.913157051544032328e+01
2.053987902764381772e+02 1.709287243955468938e+01 2.886523679521341990e+01
2.049873060764087427e+02 1.679079629236075988e+01 2.860516257703813991e+01
2.047647741576890894e+02 1.669566461231629262e+01 2.837228098281865485e+01
2.046175360873616569e+02 1.662479442873257085e+01 2.822799202236353722e+01
2.045530087786696356e+02 1.663301891419136425e+01 2.817635807817429949e+01
2.045227607853394716e+02 1.666121855127429541e+01 2.817171535531542759e+01
2.045851743473214412e+02 1.671757205211619990e+01 2.820942930473590593e+01
2.046508803191054540e+02 1.685337169573817562e+01 2.831630184237629067e+01
2.047194994360072542e+02 1.695261153160811318e+01 2.840631671870657726e+01
2.047840839613542414e+02 1.702618070654395055e+01 2.843955959523303534e+01
2.048280214480718087e+02 1.708091579343152944e+01 2.848414281277075588e+01
2.048640090892743331e+02 1.710475225188406156e+01 2.852952052443151132e+01
2.048739566134279357e+02 1.710120318451553700e+01 2.856402870641316838e+01
2.049116918147488207e+02 1.709701492537313428e+01 2.859748246718216080e+01
2.049601412433996472e+02 1.708896535940233008e+01 2.866667048111033012e+01
2.049920092854457039e+02 1.710086805839368296e+01 2.874099818541465723e+01
2.050153602197119653e+02 1.714943518987755766e+01 2.868932991123244847e+01
2.050931029409360633e+02 1.721429108564515786e+01 2.869967141292442392e+01
2.051359173464550167e+02 1.727892628860080748e+01 2.863845613117326749e+01
2.051932664170930707e+02 1.733407660492717284e+01 2.864554118781775571e+01
2.052733337692697546e+02 1.735556881528829010e+01 2.860196007912245975e+01
2.053020271043468199e+02 1.738671102319726813e+01 2.862795442284742720e+01
2.053268607673570898e+02 1.740277745990747249e+01 2.878945251835019903e+01
2.054178139968285564e+02 1.741884062709453929e+01 2.889991335763678748e+01
2.054741511500547517e+02 1.746337970606986900e+01 2.896360203364339370e+01
2.055248908796652074e+02 1.748762975919962059e+01 2.905991728106455696e+01
2.055672115871900019e+02 1.754412548429811380e+01 2.909338411992611029e+01
2.057117163361723726e+02 1.754956924032629928e+01 2.910711775187589012e+01
2.057665495087541387e+02 1.756027692860996225e+01 2.912380212845956251e+01
2.057057723431037459e+02 1.751933595985025605e+01 2.903805234506547350e+01
2.054048846675712241e+02 1.725025257066256756e+01 2.883548249987739354e+01
2.049656879894067458e+02 1.691186182995210174e+01 2.856350231318762312e+01
2.045372267904726016e+02 1.661888803518007052e+01 2.838790276438181337e+01
2.042677886580242159e+02 1.643875038825587254e+01 2.829656863546451717e+01
2.041551421425185140e+02 1.637463340471792250e+01 2.828996092919847527e+01
2.041279184580928927e+02 1.638223504601853975e+01 2.836045675238266384e+01
2.041664988311454749e+02 1.639081917902273844e+01 2.835573392620686306e+01
2.041892432688692338e+02 1.649148125745859872e+01 2.839074561475208824e+01
2.042422226218305923e+02 1.662922299782576729e+01 2.842217554069738839e+01
2.043188438966176648e+02 1.672404897745663632e+01 2.846479867911265060e+01
2.043485507838681769e+02 1.680058034035736014e+01 2.847471677755799391e+01
2.043413692762910614e+02 1.682504127772964253e+01 2.848465122361903568e+01
2.043830279053800041e+02 1.679277762338362834e+01 2.845131843520622539e+01
2.044446387994310896e+02 1.679156789982181053e+01 2.845647447319808521e+01
2.044537297085220189e+02 1.679695116967190316e+01 2.846216180870020196e+01
2.045244413202334499e+02 1.681021399028951535e+01 2.847937094374785261e+01
2.045972715829396407e+02 1.687646433767634946e+01 2.851732356835755411e+01
2.046405437216981795e+02 1.694996158310310364e+01 2.841219368655081823e+01
2.047163606937928080e+02 1.706101420607804187e+01 2.838833434143630186e+01
2.047981510846643118e+02 1.712461950924457810e+01 2.836788510895685889e+01
2.048602769286099488e+02 1.719681711922316225e+01 2.838737473639469755e+01
2.049340357358879317e+02 1.725833319710320168e+01 2.838095175818606819e+01
2.049856664105540176e+02 1.725678180837324760e+01 2.848266008402674387e+01
2.049640712102140014e+02 1.724520769645747009e+01 2.853841526213401636e+01
2.049052181589315182e+02 1.720400189632342247e+01 2.852972323486619644e+01
2.049457226463520385e+02 1.725169443036732986e+01 2.856090631181442063e+01
2.050575991891582532e+02 1.735160451848097907e+01 2.862677739451700987e+01
2.051609439113305200e+02 1.741970868548822082e+01 2.871219041702767782e+01
2.052881430743325950e+02 1.745083781530463796e+01 2.882030864298442197e+01
2.053899625639600401e+02 1.748018668977129764e+01 2.891522943878635132e+01
2.054407382583250126e+02 1.753597292834840005e+01 2.893462751957627077e+01
2.053634140360628351e+02 1.746957708718183611e+01 2.892898105311340373e+01
2.050640957316375363e+02 1.724041621029572724e+01 2.869814291085645053e+01
2.047041261382027528e+02 1.693995847705611979e+01 2.845512089061810457e+01
2.043465122361903639e+02 1.666429026826437365e+01 2.822361576564058083e+01
2.041747968808749363e+02 1.652449853688839454e+01 2.810482908567785287e+01
2.040886285985189090e+02 1.647191643098853930e+01 2.807891321050824729e+01
2.040978976966209473e+02 1.656980431904006679e+01 2.811033005836098653e+01
2.041457618806297205e+02 1.668365565382288906e+01 2.819133576367886818e+01
2.041913194160631804e+02 1.674362851678082720e+01 2.830165928299357603e+01
2.042951120629056163e+02 1.689355086560625097e+01 2.840973663991107045e+01
2.044239525265240047e+02 1.696995308234293987e+01 2.848174788707067151e+01
2.045078419512514074e+02 1.705157672753428955e+01 2.835060731392326261e+01
2.045659086822186907e+02 1.709122950417681608e+01 2.828149286426574704e+01
2.045603014500335064e+02 1.709437642019911507e+01 2.822438246881692336e+01
2.045290644259534645e+02 1.710203527815468050e+01 2.814836115152604989e+01
2.045531183076948309e+02 1.712477154207059016e+01 2.818803354530741601e+01
2.046276192967255838e+02 1.707355282732013535e+01 2.826837226790472712e+01
2.046894279969266393e+02 1.707514998937405082e+01 2.839611090222491185e+01
2.047459237220251396e+02 1.710473263474522199e+01 2.845386375897075482e+01
2.048281031861502868e+02 1.709143711889620931e+01 2.853644047015742657e+01
2.049149564336041465e+02 1.718606692713867545e+01 2.856659855160124906e+01
2.050145689951120573e+02 1.725567017050563123e+01 2.855954292066502020e+01
2.050971097415441875e+02 1.729710974154419745e+01 2.858171192231613134e+01
2.051577904562619494e+02 1.734445407137368989e+01 2.860499910088113751e+01
2.052199914992398249e+02 1.738944270978077711e+01 2.859258799104150484e+01
2.052971996534305390e+02 1.745611319089110935e+01 2.865312648150267449e+01
2.053511827499958997e+02 1.749007372774680746e+01 2.861087443396380792e+01
2.053631573784963393e+02 1.750835036209968720e+01 2.861310915303003100e+01
2.053865230256167251e+02 1.751365843291755908e+01 2.861111147439146052e+01
2.054174429059521572e+02 1.755581239476222422e+01 2.862468326494580850e+01
2.054956319170848928e+02 1.758429484559676936e+01 2.868035507021301100e+01
2.055448464141504985e+02 1.764313481878668100e+01 2.878708701835837402e+01
2.055573686877768864e+02 1.765661833221624732e+01 2.886561279037452366e+01
2.055062447891974955e+02 1.758707720978895139e+01 2.883873404064017265e+01
2.051674420885713914e+02 1.735552140720275816e+01 2.867531019600791353e+01
2.048255464190547741e+02 1.708395644995177420e+01 2.843573588792074602e+01
2.045300567262264906e+02 1.687202105572902155e+01 2.833233721861666510e+01
2.043805218158931609e+02 1.674668388615520342e+01 2.828932991123244634e+01
2.043073139232643030e+02 1.672348661947654946e+01 2.826854064834643765e+01
2.042841526213401835e+02 1.670776511745761894e+01 2.830692321524905708e+01
2.043458419839466274e+02 1.676364617220578523e+01 2.836297918948521257e+01
2.044413349462980705e+02 1.683333932745908967e+01 2.834799986921907333e+01
2.045260809860881750e+02 1.694276045838714495e+01 2.834746530218567528e+01
2.045902453777116534e+02 1.701806901963348650e+01 2.835593336711840706e+01
2.046272678229880171e+02 1.705083454578149826e+01 2.835902633600889189e+01
2.046817380785012404e+02 1.707796177927449222e+01 2.837459090091710223e+01
2.046709584607085048e+02 1.710567425740955727e+01 2.838449428650831408e+01
2.046346618495692269e+02 1.710479312092331483e+01 2.839778326331104452e+01
2.046041473901031509e+02 1.704784293210835244e+01 2.837890830622353633e+01
2.045163002076147052e+02 1.701425021660590886e+01 2.831963675597913976e+01
2.044617760049696642e+02 1.698144382141864739e+01 2.828958983832207963e+01
2.044906557028657232e+02 1.706738814143957228e+01 2.825608703470598826e+01
2.045091546647921348e+02 1.712447728498798583e+01 2.823425152441516417e+01
2.045358895555083336e+02 1.719289859573981261e+01 2.824957414461101024e+01
2.045607379313726994e+02 1.724584525346978126e+01 2.825632570989521142e+01
2.045718935443265707e+02 1.725169279560575930e+01 2.824658416569943142e+01
2.046549247192297116e+02 1.729477203249906125e+01 2.828246881692305337e+01
2.047320936391427324e+02 1.729133903320200716e+01 2.838028150594235655e+01
2.047959212698827969e+02 1.731194193326903275e+01 2.837700544375602973e+01
2.048268656716417979e+02 1.734843308103513237e+01 2.837024897418711333e+01
2.048094391133053307e+02 1.732302071242909136e+01 2.836895587778522554e+01
2.048928920566935403e+02 1.730179006391917795e+01 2.833836621928691812e+01
2.049644913439374818e+02 1.730106586454365569e+01 2.838105965244968942e+01
2.049928332052770088e+02 1.735252815876804533e+01 2.841698517271256108e+01
2.050143859018162118e+02 1.734801131255006368e+01 2.842391492700789613e+01
2.050153291592421283e+02 1.735000245214235548e+01 2.839804809468538949e+01
2.049125124650569774e+02 1.729507119386637370e+01 2.834538261594546427e+01
2.045751434503277721e+02 1.705771198770659325e+01 2.811884389661767969e+01
2.042126268983668638e+02 1.682251557110395623e+01 2.791841722384790003e+01
2.040191888313089521e+02 1.668074414346667567e+01 2.781118830818525112e+01
2.038371303395399821e+02 1.656197381111964972e+01 2.769630707361331190e+01
2.035092936195255788e+02 1.644842817675042212e+01 2.738673227509767827e+01
2.032541433031992142e+02 1.634879436334210823e+01 2.715665429697078537e+01
2.031644619182292217e+02 1.635075117294142544e+01 2.709290676954766042e+01
2.031938451226888560e+02 1.641593729054617512e+01 2.710000163476156843e+01
2.032702457046639779e+02 1.648233149695116850e+01 2.712187310980693411e+01
2.032588579555671799e+02 1.654006146703503433e+01 2.726912589298850875e+01
2.032754148207483809e+02 1.655100783050792046e+01 2.738569910578542022e+01
2.033021971195501010e+02 1.655905739647872466e+01 2.740605188733223230e+01
2.032605581076000192e+02 1.648992659920550707e+01 2.742100995569796140e+01
2.032206454038678487e+02 1.645564237955894171e+01 2.742449199784211444e+01
2.032190335289598124e+02 1.650392342776806132e+01 2.742672017786205885e+01
2.032383711235716248e+02 1.657937257850942459e+01 2.748932500694773751e+01
2.032374899870853824e+02 1.665189223651730543e+01 2.750790734171421192e+01
2.032872619378463526e+02 1.668545062202677798e+01 2.756426574684082453e+01
2.033209069657190469e+02 1.675260335780026466e+01 2.762048192771084487e+01
2.034721894361707371e+02 1.680721256804694974e+01 2.765242680355070348e+01
2.036036553268705802e+02 1.685708423926370259e+01 2.774193490379428084e+01
2.036995929443690727e+02 1.692732340488139897e+01 2.778331071913161310e+01
2.037895522388059817e+02 1.696026875480211160e+01 2.781501038073596987e+01
2.038399077994474453e+02 1.701970705072665169e+01 2.786631083356492411e+01
2.039074594170440378e+02 1.704370044628990755e+01 2.785280279871180653e+01
2.039557208481143107e+02 1.708717856500629395e+01 2.782702424351408510e+01
2.039728515146065888e+02 1.708735348449428670e+01 2.786601167219761166e+01
2.040098788641676606e+02 1.709612888460218016e+01 2.787527586601494178e+01
2.040622255644014444e+02 1.714379853198411041e+01 2.789305553285053207e+01
2.041961141717480643e+02 1.711569371107223958e+01 2.796156675548871107e+01
2.042748066894443468e+02 1.708339409197168735e+01 2.801036929263866782e+01
2.042908469699694365e+02 1.699950793676742222e+01 2.805226986643997833e+01
2.041720700985761141e+02 1.690701966618168584e+01 2.797522682316784071e+01
2.039061467035032820e+02 1.667327164833008979e+01 2.778977456637949217e+01
2.036050481437282258e+02 1.649804645992382035e+01 2.761902045086723945e+01
2.034054895293521383e+02 1.640801687073940229e+01 2.754669859900933560e+01
2.033445717742067416e+02 1.641890765231891081e+01 2.754655473999117277e+01
2.033507707900802757e+02 1.644143139723071556e+01 2.757965375749946801e+01
2.034068480162168271e+02 1.649246047963904616e+01 2.761797747298556516e+01
2.034502885354171156e+02 1.662952215919308330e+01 2.764493796079841914e+01
2.035047277304605018e+02 1.672116198852397417e+01 2.767464484804891356e+01
2.035445145575517927e+02 1.677814814209347460e+01 2.766626996452567511e+01
2.035810416700724090e+02 1.681755406973892875e+01 2.766466135914076929e+01
2.036424367755962805e+02 1.685746840823265913e+01 2.772760785339458067e+01
2.036909663075640537e+02 1.688616828235601730e+01 2.779415572738716023e+01
2.036990011606807229e+02 1.690154158016053287e+01 2.783145281260728154e+01
2.036590443183861510e+02 1.686807474129898310e+01 2.782699808732896329e+01
2.036422258913537462e+02 1.689786009710483583e+01 2.781750339213025924e+01
2.037156888067875400e+02 1.692916905069395739e+01 2.783572607935132837e+01
2.037674192019094050e+02 1.699271713720553834e+01 2.782994392767814773e+01
2.038631590132579277e+02 1.698021938500269812e+01 2.783895146392898567e+01
2.039287096826927836e+02 1.700251916757940762e+01 2.785369537852904287e+01
2.039692141701132755e+02 1.699819195370355374e+01 2.783132039692010906e+01
2.040642330516094205e+02 1.704710401987870227e+01 2.783645191348841763e+01
2.041515260499256215e+02 1.712677412499386875e+01 2.787852086773144222e+01
2.042340847787350242e+02 1.713250232953523877e+01 2.794375112389857918e+01
2.043042552843667750e+02 1.719560903042291145e+01 2.804199048568766273e+01
2.043423354203789302e+02 1.720654722008795190e+01 2.808280721256804568e+01
2.043830524268035447e+02 1.727516960651288969e+01 2.810672213957594323e+01
2.044220692811953484e+02 1.729408052835493947e+01 2.815773487436857181e+01
2.044332657631884445e+02 1.728937731931797828e+01 2.816447990060649786e+01
2.043740726814993991e+02 1.723184842490722701e+01 2.814816334537607645e+01
2.042322146114989039e+02 1.708943290121135661e+01 2.808616501283287903e+01
2.039552761929672613e+02 1.687841624299095855e+01 2.795091464909842927e+01
2.037361151526049809e+02 1.674955289271059655e+01 2.786009056579097987e+01
2.036037485082800629e+02 1.667650520671559988e+01 2.774212126661326394e+01
2.035552565758284231e+02 1.665283712870477828e+01 2.768981380065717346e+01
2.035918768697585506e+02 1.668280230828333544e+01 2.770205816481666261e+01
2.036673096728842154e+02 1.674516846217979094e+01 2.771544195779045694e+01
2.036716401562832175e+02 1.680915956907685072e+01 2.778618953425642957e+01
2.037042536496051923e+02 1.688100243579473769e+01 2.783044743424171585e+01
2.037467345637638800e+02 1.693568847983521763e+01 2.785608376518284857e+01
2.037533259224142057e+02 1.691562832060943933e+01 2.784941066845400570e+01
2.037435337006097598e+02 1.693646662634254696e+01 2.785210148599826852e+01
2.037430056726226439e+02 1.690007519903222288e+01 2.787341877687139302e+01
2.037734743587647870e+02 1.687559464452109736e+01 2.785178597701525405e+01
2.037913864412875284e+02 1.685486423305161097e+01 2.782581451995226374e+01
2.038720226904905815e+02 1.689185888738127517e+01 2.788570237530856133e+01
2.039124830393487002e+02 1.689961583103104559e+01 2.789956024913766441e+01
2.039478135064000810e+02 1.692121920517892519e+01 2.788911902698991341e+01
2.040003907080152317e+02 1.698594432002092347e+01 2.790128982687874881e+01
2.040387749096794323e+02 1.702003400304065650e+01 2.787953768942799826e+01
2.040459269915482707e+02 1.703393438067057986e+01 2.789069166762027763e+01
2.040166353337365877e+02 1.704054699122132988e+01 2.784615749292965603e+01
2.040738895882035706e+02 1.708629088947376928e+01 2.793034607902437472e+01
2.040970623334586662e+02 1.711548282682970523e+01 2.796164358928250238e+01
2.040618266825783564e+02 1.711879321900900663e+01 2.800783050792042062e+01
2.040844109136682505e+02 1.717425740955681590e+01 2.801391345572248426e+01
2.040965833483186600e+02 1.720969086658710978e+01 2.802627552271501088e+01
2.040350934266237175e+02 1.715896584983080331e+01 2.788441908747609332e+01
2.038070016838044296e+02 1.697856337153226036e+01 2.767340569877883283e+01
2.033860832747543839e+02 1.667604747347599314e+01 2.739431920354416405e+01
2.030125745859966457e+02 1.639484396200814231e+01 2.718423435941867794e+01
2.028321148910431475e+02 1.626502591097088413e+01 2.704462899086168193e+01
2.027442840561704145e+02 1.625723463732814622e+01 2.710509718657533895e+01
2.026861829952101459e+02 1.626349740890291073e+01 2.714646482810482198e+01
2.027014287816122078e+02 1.627549328930375339e+01 2.720909908289876000e+01
2.027553661048536071e+02 1.634001896323421121e+01 2.727023099180984289e+01
2.028206830033839481e+02 1.641189779470664334e+01 2.731336744535809302e+01
2.028958934789361024e+02 1.646752219188831390e+01 2.737473802945840262e+01
2.029595625378038619e+02 1.651032024979156887e+01 2.740469340046754354e+01
2.030016968825096910e+02 1.655957234637328312e+01 2.741474391460005577e+01
2.030113926533815061e+02 1.656421179970901392e+01 2.743085122034951340e+01
2.030187278285462185e+02 1.655853427277631695e+01 2.745533340962220592e+01
2.030085890372889139e+02 1.656764479900606446e+01 2.741569534583381085e+01
2.030290431740530721e+02 1.659430776021317300e+01 2.743249252096581614e+01
2.030423517679946315e+02 1.660376158637262733e+01 2.742333785617367781e+01
2.030877883310719199e+02 1.664156871720259545e+01 2.744126138202743093e+01
2.031346504062382508e+02 1.666763172091350498e+01 2.744681630184237520e+01
2.031911216099131821e+02 1.669978748099589794e+01 2.747463667424106148e+01
2.032571970378120341e+02 1.675559333671183992e+01 2.753320037272563781e+01
2.033140327933170965e+02 1.681395269000016413e+01 2.753324287652645808e+01
2.033994131205963640e+02 1.684325415638129186e+01 2.760721256804695045e+01
2.034829478020630802e+02 1.691924114367919429e+01 2.769401186836899953e+01
2.035130568406598002e+02 1.700632979679913603e+01 2.764731163459809338e+01
2.035423403246636553e+02 1.707051707508459870e+01 2.767339425544784248e+01
2.035746546566183213e+02 1.709555508329110296e+01 2.768778996583348473e+01
2.035713867682398472e+02 1.710277582514590122e+01 2.769852381030226596e+01
2.034830524268035390e+02 1.704024129080773520e+01 2.763376926975200831e+01
2.032435075444246593e+02 1.683267397950008970e+01 2.743575713982115616e+01
2.028707753674126764e+02 1.656065128900949901e+01 2.719491098723251099e+01
2.025701557927776264e+02 1.632602049991008641e+01 2.702450344117310621e+01
2.024146948717529426e+02 1.621993264782331323e+01 2.693401448398751086e+01
2.023771329551584870e+02 1.619773258570237573e+01 2.694090827352830431e+01
2.023748916970459959e+02 1.621801016821696706e+01 2.701618904382795705e+01
2.024424972617743776e+02 1.624575207206029148e+01 2.718822154288796966e+01
2.025423158032400863e+02 1.629404783312353899e+01 2.725862581942423546e+01
2.026691585882199149e+02 1.636609994932238976e+01 2.736102564940903292e+01
2.027207483938467476e+02 1.643171273969691626e+01 2.741113763057657948e+01
2.027508721452976204e+02 1.649390233934380845e+01 2.737751712412744709e+01
2.027656225989439349e+02 1.653861960733027203e+01 2.735731801016821763e+01
2.027770136175638811e+02 1.657597554396691208e+01 2.732225237449118183e+01
2.027290938516617302e+02 1.650646711677102019e+01 2.727001683804417098e+01
2.027661212012228020e+02 1.653489888999689228e+01 2.728412483039348757e+01
2.028418744176161965e+02 1.652452796259665391e+01 2.730888983341779763e+01
2.029104281440552029e+02 1.651777803207402329e+01 2.740308479508263773e+01
2.029642477644635505e+02 1.653012211668928089e+01 2.741883245328668650e+01
2.030336335845416897e+02 1.657105654640270842e+01 2.742045250200258266e+01
2.030925291396249861e+02 1.661047882166386103e+01 2.744753559693318579e+01
2.031320838305733218e+02 1.666086217325203123e+01 2.755349430285592760e+01
2.031548838501904584e+02 1.669959948341534428e+01 2.762051789246538291e+01
2.032032842359941753e+02 1.675506530872472410e+01 2.769341191087280052e+01
2.032759117882656881e+02 1.682966438344967486e+01 2.774542511974628667e+01
2.033336875316735188e+02 1.689111180134377577e+01 2.776298572853149338e+01
2.033208383057331048e+02 1.688532638014745402e+01 2.774028706413169587e+01
2.033804237301989417e+02 1.690404113060110092e+01 2.779303755047326518e+01
2.034113109153030052e+02 1.690362263163917689e+01 2.777319971882101157e+01
2.032301760638210908e+02 1.678196694512105580e+01 2.767446502427620914e+01
2.028930342809501326e+02 1.650496804041130616e+01 2.748292491540108884e+01
2.024623334586650572e+02 1.618731751973974653e+01 2.719668797305913088e+01
2.021685161269228956e+02 1.600156119729937387e+01 2.705027218780140785e+01
2.020010936554903367e+02 1.588568766245443165e+01 2.698811364862434914e+01
2.018916921417011281e+02 1.584109136682414842e+01 2.689591473083650897e+01
2.019009432574258938e+02 1.586705138055614661e+01 2.689856958362622663e+01
2.019638161874090656e+02 1.594781514116166221e+01 2.697656242337055232e+01
2.020515374932566033e+02 1.607356590541269625e+01 2.699467558156642966e+01
2.021191757532163820e+02 1.618467084075787454e+01 2.706127903745238683e+01
2.021768010985597641e+02 1.623487109905020276e+01 2.706806166320642149e+01
2.022043729871998039e+02 1.627549165454218638e+01 2.711040362263164027e+01
2.022581223128606780e+02 1.626363309411322433e+01 2.702506416439162251e+01
2.022774778898497630e+02 1.622235372970852296e+01 2.695608213042127943e+01
2.022937421327099514e+02 1.623460136339114968e+01 2.691895832992758031e+01
2.022932092004381275e+02 1.622878488172500155e+01 2.689075705808307859e+01
2.023077029965179463e+02 1.623514737375553807e+01 2.692262510012914589e+01
2.023268820192574822e+02 1.626101584083961527e+01 2.696533815043076032e+01
2.023505288453679043e+02 1.629784701901227706e+01 2.702400320413267565e+01
2.023771166075428027e+02 1.632445766784914554e+01 2.708007716074610371e+01
2.024696817119223056e+02 1.636326690752153823e+01 2.714540059832273400e+01
2.025244004511941966e+02 1.641788592633764310e+01 2.716891173922283542e+01
2.025755537754818363e+02 1.648223668078010817e+01 2.721094799823445598e+01
2.026037288911412304e+02 1.652062742149057684e+01 2.718255055500155137e+01
2.026832829281849229e+02 1.657867780484216524e+01 2.720850893397198078e+01
2.027244691111801274e+02 1.663730198950483086e+01 2.721713230125386218e+01
2.027327442742476080e+02 1.663928168576613231e+01 2.721652907423452206e+01
2.027977391247486594e+02 1.667492929656209810e+01 2.719223488254237964e+01
2.028401955174837781e+02 1.668565987150774177e+01 2.720655702865737169e+01
2.027301090385967086e+02 1.663182226872210734e+01 2.710003269523140190e+01
2.024062366153896448e+02 1.636728515146065988e+01 2.691142044432819347e+01
2.019441058671592657e+02 1.607679128999035356e+01 2.661468015889882466e+01
2.016305782151673043e+02 1.579574798515636580e+01 2.645469258308675720e+01
2.014280982818656014e+02 1.561080413921629528e+01 2.637777541645550983e+01
2.013530120481927668e+02 1.554396364290268195e+01 2.635334880907619493e+01
2.013314152130911623e+02 1.553637344493305683e+01 2.635215216360693802e+01
2.013596606234980584e+02 1.555554429386473991e+01 2.636181523924735615e+01
2.013480260254041809e+02 1.565900671887005302e+01 2.642955158490134338e+01
2.013397181671053318e+02 1.576859132595510893e+01 2.648608981380065686e+01
2.014118700037599581e+02 1.585774631769956322e+01 2.659781105425773617e+01
2.014711644406663424e+02 1.593721207761847936e+01 2.663091661081231365e+01
2.015256641218878144e+02 1.599425871736607263e+01 2.666819571365516239e+01
2.015535498847493159e+02 1.602616272416668153e+01 2.675564728384365054e+01
2.014965359402331160e+02 1.598832780239002105e+01 2.673826322930800714e+01
2.014925618348563887e+02 1.598265027545732408e+01 2.669886711023197279e+01
2.014655751908584023e+02 1.593839727975674769e+01 2.666540517565513113e+01
2.014713638815778722e+02 1.596745516666394238e+01 2.668104003531085056e+01
2.014356884798352212e+02 1.597190171813440962e+01 2.661417665233525653e+01
2.014426836245933430e+02 1.597535269980873274e+01 2.659539160713410055e+01
2.014513315132987827e+02 1.599114122705203478e+01 2.654986186264733306e+01
2.014064409605859112e+02 1.597286949698386493e+01 2.650470974808324343e+01
2.013694986186264657e+02 1.597704958231841843e+01 2.644173055859802801e+01
2.014084533520785953e+02 1.596256396004642752e+01 2.655708096974056431e+01
2.014293243530431141e+02 1.594405028526589341e+01 2.661998332543198487e+01
2.014176734073335524e+02 1.591751647022281801e+01 2.665193637507969626e+01
2.014281277075738501e+02 1.595050432394435269e+01 2.666326527275996838e+01
2.014407006588089075e+02 1.594018407415278560e+01 2.669567442088571241e+01
2.014052573932092116e+02 1.590235732618397613e+01 2.660421768485066352e+01
2.013890372889114246e+02 1.589797779993787863e+01 2.651852348334995213e+01
2.013707541155122556e+02 1.586150626931062035e+01 2.642548756763826034e+01
2.011630069804319021e+02 1.570443183861633862e+01 2.626343201844010977e+01
2.007196073302708896e+02 1.537039119844370738e+01 2.603282437756453049e+01
2.002059145673603382e+02 1.504750617122492606e+01 2.581833712053096974e+01
1.998951758186068446e+02 1.486636805021987584e+01 2.566285004332118191e+01
1.997541334946297980e+02 1.477265370845662140e+01 2.558255709404783218e+01
1.997608131304049266e+02 1.476794559513495031e+01 2.560756567654607707e+01
1.997580732700135684e+02 1.479306534141995400e+01 2.562029066060715010e+01
1.996915139526900020e+02 1.490510372562161834e+01 2.555698778833107099e+01
1.996995488058066712e+02 1.502733484821238896e+01 2.558096320151705783e+01
1.997121299308495850e+02 1.513324287652645950e+01 2.559163002076147109e+01
1.997646956891337311e+02 1.523292246325873300e+01 2.562394108319301722e+01
1.997766915695345915e+02 1.526489513004528220e+01 2.565583364666263577e+01
1.998487943633421082e+02 1.519162348171519206e+01 2.573405208350362017e+01
1.998352160337414887e+02 1.510186689771296820e+01 2.579047097480832562e+01
1.998551862810809041e+02 1.507760540125222803e+01 2.581909238037632193e+01
1.998750371908257080e+02 1.504632750813293818e+01 2.584328358208955123e+01
1.999267757597554294e+02 1.505240882117343126e+01 2.589379771460332336e+01
1.998477726373608334e+02 1.508273037877425615e+01 2.580011770283304173e+01
1.997880171976917154e+02 1.510618593778097463e+01 2.573823216883817366e+01
1.997938532964967067e+02 1.515453728073760509e+01 2.570525248892449000e+01
1.998225302839580877e+02 1.521394615095388403e+01 2.571637213712380188e+01
1.998512808356901189e+02 1.526764806852920486e+01 2.572179464125157367e+01
1.998794624903957811e+02 1.527357080969740544e+01 2.568361805430678046e+01
1.998802259240489718e+02 1.526934168151575122e+01 2.562109496329960123e+01
1.999553023491523902e+02 1.531987543116836470e+01 2.560536692223439204e+01
1.999943927678148157e+02 1.533440682676431699e+01 2.562532409148125723e+01
2.000501757368687663e+02 1.534383940102336119e+01 2.563043762567229678e+01
2.000543754393421807e+02 1.531876869758545645e+01 2.567643981625279892e+01
2.001217799283974443e+02 1.535117294142649236e+01 2.572210034166516834e+01
2.002213434470582456e+02 1.541929182128786557e+01 2.576057445521570699e+01
2.001829314544473561e+02 1.539986104526654742e+01 2.573687204721191435e+01
2.000391460005558315e+02 1.533386408592306793e+01 2.563197920583282752e+01
1.997378855993853222e+02 1.512167530365696244e+01 2.547342531591767312e+01
1.991467002337709005e+02 1.476249693482205672e+01 2.518316686011345240e+01
1.984737457291853957e+02 1.429734024292556960e+01 2.484372006342874784e+01
1.980229226267348963e+02 1.398368671429271970e+01 2.462068300338395588e+01
1.978089290676954874e+02 1.380650635104870005e+01 2.447583822399503006e+01
1.976732144316751487e+02 1.384848702816694122e+01 2.450090729267136425e+01
1.976406646940543794e+02 1.395440813457357265e+01 2.456975037190825617e+01
1.976876526458615899e+02 1.404583707966193096e+01 2.462879959457913159e+01
1.977667031763417356e+02 1.415195435745696528e+01 2.466291379902241232e+01
1.978471154632096898e+02 1.423384119926108760e+01 2.475061548773111397e+01
1.979156430334635672e+02 1.433326576318843948e+01 2.476814503604649431e+01
1.979412254172729035e+02 1.436576645796210627e+01 2.475993853296496638e+01
1.978951578362295720e+02 1.432722531918719611e+01 2.475230419643294866e+01
1.978110526229749269e+02 1.423164734923411423e+01 2.466734890716189099e+01
1.977842932108351874e+02 1.424213270994425429e+01 2.466128557649866693e+01
1.977965866178417969e+02 1.427497833940919669e+01 2.472960226251001359e+01
1.978590966307563974e+02 1.438035997449772019e+01 2.484389825243988170e+01
1.979328995765967534e+02 1.446417583495447268e+01 2.494975723790685151e+01
1.980623285543803433e+02 1.452837455657092391e+01 2.504440012424187856e+01
1.982108286606398337e+02 1.463286851612692274e+01 2.511190433375292130e+01
1.982950875414820757e+02 1.472708146016903363e+01 2.501853656144251303e+01
1.984191545013159725e+02 1.478505500972683073e+01 2.496670971538800998e+01
1.985017590034493367e+02 1.485684883359762054e+01 2.494823364012358624e+01
1.985677069199457208e+02 1.492547939383040934e+01 2.494237301989504729e+01
1.986774484641414915e+02 1.499900769972699521e+01 2.500591620212192012e+01
1.988372692942734261e+02 1.498910758365892271e+01 2.507656405813212075e+01
1.989055254941066835e+02 1.498127053669222342e+01 2.514454561802160981e+01
1.989374850828006629e+02 1.498012620359320657e+01 2.516470222818001901e+01
1.990080724526327742e+02 1.501527030782560423e+01 2.520989030749865023e+01
1.990671543705350643e+02 1.502047048437985310e+01 2.522854457177420784e+01
1.991146441941442902e+02 1.502043125010217217e+01 2.527789311928855298e+01
1.991502542054241474e+02 1.506145068741724025e+01 2.526863709927906854e+01
1.992109447287113255e+02 1.510052639322554846e+01 2.529964689150087409e+01
1.992768174461754711e+02 1.516202448872831887e+01 2.532379068512857501e+01
1.993058279249971463e+02 1.516409246211440021e+01 2.531231792843014006e+01
1.992411256968171074e+02 1.507438655572084762e+01 2.532412744601199961e+01
1.989198672573605222e+02 1.482771084337349343e+01 2.521012571316473583e+01
1.984435565872717575e+02 1.444303346356933915e+01 2.496704484150986403e+01
1.980848457602458552e+02 1.412345719376828868e+01 2.479012440535547768e+01
1.978760409344297102e+02 1.399048732242402515e+01 2.468997727681417587e+01
1.977194373150676086e+02 1.399350345752072045e+01 2.466741756714783307e+01
1.976482254663157505e+02 1.402690000163476114e+01 2.464645665429696919e+01
1.976357342531591712e+02 1.406690752153798307e+01 2.464175998430629022e+01
1.977165061875725485e+02 1.415345016429353819e+01 2.474033937650193593e+01
1.978359140769318856e+02 1.427415605433947476e+01 2.481291625116476851e+01
1.979493371041833427e+02 1.436447990060649715e+01 2.491430579849928861e+01
1.980275996795867286e+02 1.440364715306272636e+01 2.495978159585424550e+01
1.980698419185561647e+02 1.440756404178450545e+01 2.497593467492766095e+01
1.980270438606529240e+02 1.436413987019993144e+01 2.493363031501855431e+01
1.979462457700544462e+02 1.433450327769694788e+01 2.491451177845711129e+01
1.979424841836818132e+02 1.434934037370649484e+01 2.492689673211162216e+01
1.979325971457062963e+02 1.437408085530725366e+01 2.491946510601428955e+01
1.979119860718314214e+02 1.439153683935198025e+01 2.489977113338019521e+01
1.979882967419201805e+02 1.446048617809092462e+01 2.491375161432705099e+01
1.980345637638750418e+02 1.450018145853427320e+01 2.494755194454888780e+01
1.981341256477742832e+02 1.456132971506105811e+01 2.502039855487077347e+01
1.982722924261496473e+02 1.466680126203593204e+01 2.512213630641970852e+01
1.983748377499141782e+02 1.473740824900688295e+01 2.517841787775252982e+01
1.984339785192329657e+02 1.480557944123849623e+01 2.519534256428699948e+01
1.985018701672361203e+02 1.482726782298801638e+01 2.525097513527651927e+01
1.985295744715633361e+02 1.487677657713622459e+01 2.516354808651158237e+01
1.985798711807882739e+02 1.490532932271828237e+01 2.512609242941917032e+01
1.986612986545912349e+02 1.497536741266286242e+01 2.509220055254941073e+01
1.986902584558042122e+02 1.497179709339392772e+01 2.509600791224599803e+01
1.987578836376714548e+02 1.502585211946837518e+01 2.511650782233411405e+01
1.988325513723823406e+02 1.502452796259665568e+01 2.514745876313939732e+01
1.988075280770299571e+02 1.495200993935034539e+01 2.512007160255676652e+01
1.985940429288388316e+02 1.471517058736983152e+01 2.502267087345310514e+01
1.981124617874482965e+02 1.436675875823511106e+01 2.476164195452093253e+01
1.976692615781988138e+02 1.407773945170096930e+01 2.454057805169115980e+01
1.973904055843455296e+02 1.391026793742132739e+01 2.439719638390740641e+01
1.972544522731359677e+02 1.385920289025845520e+01 2.439689231825538229e+01
1.972305716761210306e+02 1.386163868499779284e+01 2.439224796063493983e+01
1.972496248222196868e+02 1.382807539520361040e+01 2.440670906148338304e+01
1.972684834316914930e+02 1.385150316326363829e+01 2.443886155204263488e+01
1.973074577822824551e+02 1.396445210965980621e+01 2.451351784342253737e+01
1.973721698190318818e+02 1.408010658645436486e+01 2.460701476189697701e+01
1.974024832028248682e+02 1.414391296529401210e+01 2.468303607918785048e+01
1.974600464272285762e+02 1.422180771934413279e+01 2.473085448987265167e+01
1.974793366137548958e+02 1.423485148191136318e+01 2.472762093148714158e+01
1.975235323928005187e+02 1.429344951038891054e+01 2.462417321933595815e+01
1.975626424286017766e+02 1.430850893397198043e+01 2.456117114318876560e+01
1.975895309869055723e+02 1.436974383286197643e+01 2.449960602246162367e+01
1.976238037632211331e+02 1.438219090745614714e+01 2.448562554151477144e+01
1.976258096156675492e+02 1.439467558156642824e+01 2.447179055434764905e+01
1.976896928283009913e+02 1.443074986513217084e+01 2.456339932320871000e+01
1.977757107125925700e+02 1.446656585636984893e+01 2.462690327115790012e+01
1.978564336041588376e+02 1.451302251066681848e+01 2.465903450981674183e+01
1.979543476483954692e+02 1.458646907848490315e+01 2.472059145673603453e+01
1.980593140540452168e+02 1.464684736231220619e+01 2.474942211178499463e+01
1.981304441647185683e+02 1.467982867698746219e+01 2.480641480440077729e+01
1.982029409360644649e+02 1.470489938042536515e+01 2.487375063347010951e+01
1.982896781154468613e+02 1.471700152032826026e+01 2.492306321622991305e+01
1.983299733533864071e+02 1.474139543247617290e+01 2.494031975936309564e+01
1.983803027578427702e+02 1.475156037991858859e+01 2.496043713524382568e+01
1.984484134638962871e+02 1.476709388435696724e+01 2.494861944385411334e+01
1.985341158392048442e+02 1.478812672671690898e+01 2.497435059096630638e+01
1.986307253437086331e+02 1.484958885746513957e+01 2.498411992610877874e+01
1.986883245328668863e+02 1.488620588187212945e+01 2.497809419496166328e+01
1.986336515669189566e+02 1.483092478462016395e+01 2.492660410979058838e+01
1.982880204672148636e+02 1.453369407071978614e+01 2.482785306763008748e+01
1.977478020630690878e+02 1.414491180461329733e+01 2.465767438819048252e+01
1.973789933138251911e+02 1.381844828431773209e+01 2.451201386277811523e+01
1.971259616484935577e+02 1.364024619509244651e+01 2.436911444965751627e+01
1.969860734661849619e+02 1.356096352846937236e+01 2.431819980055908914e+01
1.969214856713148265e+02 1.358703797551127224e+01 2.433191871965473752e+01
1.968973108172173170e+02 1.364651877523663259e+01 2.434671494662503477e+01
1.969206993509996551e+02 1.369487992676268107e+01 2.436652989161530769e+01
1.969521243726602506e+02 1.375638456131173193e+01 2.441547138349871560e+01
1.970778865802422786e+02 1.385217505026891871e+01 2.447673897762011563e+01
1.971504536463356771e+02 1.392412908077356981e+01 2.449370453319383500e+01
1.972275980448251573e+02 1.400130290497130936e+01 2.453552990796292477e+01
1.971981559889490256e+02 1.399851563649441744e+01 2.453381013879125661e+01
1.972300894214578761e+02 1.398781121773389380e+01 2.451773879779634058e+01
1.972374213270994403e+02 1.395165029180494010e+01 2.454206568471988348e+01
1.972568308512203430e+02 1.397792581451995275e+01 2.454808978110542483e+01
1.973496509784048101e+02 1.405049941965964244e+01 2.453867355446208265e+01
1.974484216377041434e+02 1.412917395497866657e+01 2.453275244805545086e+01
1.975233623775972376e+02 1.419031567245917103e+01 2.454763204786581809e+01
1.976146687155678308e+02 1.423744748328456211e+01 2.460862827156659094e+01
1.977091775514541325e+02 1.431728106455673455e+01 2.468736329306370791e+01
1.977827957692370546e+02 1.440370110019453698e+01 2.473574896601330764e+01
1.978293668568439330e+02 1.444783802782364113e+01 2.478429484559676865e+01
1.978917281064556732e+02 1.450304883032809578e+01 2.483233885337823565e+01
1.979309394974742986e+02 1.455103071716990115e+01 2.482013699301956677e+01
1.980570123097546116e+02 1.455609193899069886e+01 2.485474489545699583e+01
1.981539765575190870e+02 1.454880417191152731e+01 2.486979124094750659e+01
1.982158310310441323e+02 1.455361527521210974e+01 2.487322097072141958e+01
1.982973287995945668e+02 1.458616991711758892e+01 2.492367952134181053e+01
1.983823592878978559e+02 1.464798842588808370e+01 2.496011181769139142e+01
1.984808177077373159e+02 1.469795164375275931e+01 2.499374376747151416e+01
1.985692174396364180e+02 1.474133821582122295e+01 2.497555541024341608e+01
1.986721649147471851e+02 1.477701852184858922e+01 2.499794183518334023e+01
1.987021055729021839e+02 1.474785274067777152e+01 2.499863987837374069e+01
1.984754769416880436e+02 1.461611384479573594e+01 2.490375831684948693e+01
1.979336989750044893e+02 1.434426443903156745e+01 2.455404848702816523e+01
1.973160746105180579e+02 1.395896911935394158e+01 2.423871932778604332e+01
1.970173088555034155e+02 1.373342270029916179e+01 2.407580062447891933e+01
1.968610877703486892e+02 1.364319857448791140e+01 2.395744061728596819e+01
1.968043533700609657e+02 1.360676464337676350e+01 2.395327197528240504e+01
1.968209674518971326e+02 1.365102090860048101e+01 2.402578509424400366e+01
1.968547923035425242e+02 1.370825718069019672e+01 2.408838011476026253e+01
1.969011165421523231e+02 1.375362671854310115e+01 2.418074250870510511e+01
1.969563338837030528e+02 1.384597930391852394e+01 2.421218060845825804e+01
1.970779421621356562e+02 1.391199424563927423e+01 2.431320723872423173e+01
1.971176505206715603e+02 1.405554102434160058e+01 2.437920746759085233e+01
1.971712723349299381e+02 1.410849258635627912e+01 2.443280149090255193e+01
1.971872161645223969e+02 1.413811773552827233e+01 2.442596491801670666e+01
1.971945415311176930e+02 1.415793268051854703e+01 2.444426770855470821e+01
1.972208170538326897e+02 1.418660312893364583e+01 2.448934625884814764e+01
1.972577920910235321e+02 1.417143908061009228e+01 2.444813882395252591e+01
1.973137238233803714e+02 1.422520965817135519e+01 2.441165584999427907e+01
1.973718592143335968e+02 1.429316669663729478e+01 2.441457062987363358e+01
1.974018832453286620e+02 1.431182586519756050e+01 2.441044939595559882e+01
1.974996109267463282e+02 1.437734383940102312e+01 2.445360056235798041e+01
1.976587288094031578e+02 1.442724984061074700e+01 2.451906131990649129e+01
1.978124552484020171e+02 1.445379836850795385e+01 2.457565349593761894e+01
1.979108678949175157e+02 1.450594235830704015e+01 2.463227509767700241e+01
1.980037141782870833e+02 1.457364764349119746e+01 2.469130470320903825e+01
1.981136273724477235e+02 1.464693563943698784e+01 2.473144136927628978e+01
1.982302218371450522e+02 1.462781710287554482e+01 2.486574193653855502e+01
1.983078991679063563e+02 1.461921335273250477e+01 2.497747788984976580e+01
1.983740808553072554e+02 1.460850566444884002e+01 2.505937454022330968e+01
1.984353337365745347e+02 1.463338019649834010e+01 2.515740628729299999e+01
1.985598371777476245e+02 1.471098723251213869e+01 2.524847395007438067e+01
1.986322701933922872e+02 1.479145183175034006e+01 2.521574765820405162e+01
1.986086102891893290e+02 1.480248810710957841e+01 2.518562390675320017e+01
1.983741151853002123e+02 1.468204704843798503e+01 2.506287456474473174e+01
1.981826535449804680e+02 1.458392211995880317e+01 2.495209494695198771e+01
1.980169099736803275e+02 1.450183747200470741e+01 2.485858495038498717e+01
1.977117490314037695e+02 1.434838403818802988e+01 2.461933105556554580e+01
1.972479769825571054e+02 1.408929067695476611e+01 2.433097709699040223e+01
1.967185954128590311e+02 1.375372807376044193e+01 2.403315296464010586e+01
1.963876412025306024e+02 1.350813784309558407e+01 2.385212437266024921e+01
1.961959408870216350e+02 1.338442235699923089e+01 2.374004838894247271e+01
1.960406172859688354e+02 1.338467084075787561e+01 2.367222703568684494e+01
1.959356672279348004e+02 1.342649621552696537e+01 2.363398342351768022e+01
1.959260940641807451e+02 1.349867093884356883e+01 2.366402543689002869e+01
1.959498831145477311e+02 1.359770315999411494e+01 2.369738765101109834e+01
1.961069444671494750e+02 1.368216311650945727e+01 2.378305406156512092e+01
1.962304833989962560e+02 1.371499239835869943e+01 2.387228098281865485e+01
1.963370208105147867e+02 1.372716973729381529e+01 2.391736607215837651e+01
1.964069837014271513e+02 1.373044252995700631e+01 2.397249513658432818e+01
1.964729479655392197e+02 1.374900524758463938e+01 2.404677870232626447e+01
1.965040018963234161e+02 1.377658857955567129e+01 2.406632391165748430e+01
1.964952248614539485e+02 1.376686338297559331e+01 2.408122639812983223e+01
1.965060093835314206e+02 1.376705791960242564e+01 2.411287538212551596e+01
1.966026303313661572e+02 1.381291625116476673e+01 2.418740089257981651e+01
1.966971849405764203e+02 1.390157427539193336e+01 2.420683330336270345e+01
1.967304752251883997e+02 1.393197920583283000e+01 2.423454905102090962e+01
1.968100881136486180e+02 1.398548495201974795e+01 2.421431233754556800e+01
