2.004208505894772543e+02 4.118449124827438190e+00 2.516322282018913370e+01
2.005690356491632258e+02 4.218283761138056143e+00 2.533317092256697478e+01
2.008057161207450179e+02 4.315412781727312463e+00 2.555236270753512073e+01
2.017528698720646219e+02 4.788478432588458844e+00 2.646790541787552087e+01
2.032632826168803888e+02 5.000454011915044461e+00 2.635064484456551526e+01
2.039902848832488189e+02 5.215563380801571114e+00 2.620837301323647850e+01
2.048920042226799296e+02 5.447201736318738163e+00 2.609171040683897047e+01
2.053752648402837622e+02 5.693073180814859136e+00 2.617085612620793000e+01
2.057885780937405400e+02 5.906277914350467562e+00 2.624166722033973542e+01
2.063929454668940480e+02 6.170328291217268557e+00 2.622353258181442470e+01
2.067661026583689647e+02 6.388464406204091617e+00 2.635267497914498236e+01
2.070795812755150962e+02 6.568917532242227963e+00 2.647213917126215321e+01
2.074132283569198023e+02 6.672487616179065384e+00 2.659566363253825827e+01
2.076628094109656786e+02 6.799884097771281333e+00 2.667059405428949148e+01
2.079132911065340750e+02 6.895950066071653062e+00 2.676936932946500391e+01
2.081729933042470293e+02 7.026904819908606825e+00 2.690695339549236209e+01
2.083897821481038477e+02 7.103488878553658736e+00 2.695617124000620279e+01
2.084824190345418060e+02 7.159675621405739321e+00 2.699718364966521378e+01
2.065174776131523231e+02 6.180763182955728574e+00 2.603058859138189263e+01
2.020270266279833891e+02 4.320030415107154020e+00 2.381041865066182339e+01
1.995065444156534511e+02 3.538347396629238251e+00 2.259735787212366986e+01
1.986030164108697136e+02 3.213503716991857218e+00 2.203278851903527880e+01
1.983381613624786723e+02 3.148668600831247666e+00 2.207210668910888174e+01
1.984877195313711127e+02 3.217338825770159172e+00 2.233266523449900021e+01
1.988509438280217694e+02 3.358632501347271315e+00 2.268015045142810848e+01
1.991528285311422621e+02 3.459891923017296644e+00 2.287547892720306564e+01
1.994606043156969974e+02 3.531053676758280968e+00 2.304582936534301751e+01
1.997507622232557480e+02 3.657789441823725340e+00 2.318243527561845241e+01
2.003966956791353766e+02 3.929775799319351393e+00 2.344116669988705226e+01
2.010390634804627155e+02 4.151905742697052482e+00 2.378572114071416266e+01
2.013129027971563403e+02 4.238260285400010652e+00 2.388191260824308415e+01
2.012902022014041279e+02 4.177038808790851654e+00 2.393436021231516619e+01
2.011595538133309731e+02 4.103178821636067397e+00 2.383642652020168384e+01
2.011375250075668646e+02 4.083445913523648940e+00 2.378768114337179540e+01
2.012359570054407527e+02 4.137473331413933586e+00 2.384902442805572065e+01
2.014896241667220238e+02 4.238345181936970185e+00 2.395935670571907394e+01
2.018331081729527057e+02 4.403177345174555057e+00 2.412265334898382463e+01
2.022927306417439866e+02 4.595438472157627352e+00 2.432219712237651166e+01
2.026535630707446671e+02 4.745904664880148616e+00 2.452097313578278204e+01
2.030153551997283330e+02 4.880642851342472888e+00 2.464680456817191967e+01
2.032875334972205508e+02 4.991041569773879694e+00 2.482715434190419401e+01
2.036494105227411922e+02 5.150432972338493620e+00 2.498415018566503676e+01
2.041085789796174481e+02 5.297846580884252532e+00 2.521547110195704988e+01
2.044888416421204909e+02 5.474283731608826642e+00 2.538097505518274843e+01
2.047684133206357728e+02 5.586553865007124031e+00 2.548745745945267416e+01
2.050226415372917188e+02 5.706077115584789361e+00 2.557078894720912032e+01
2.052829010992255974e+02 5.856971482145889141e+00 2.567740054186137399e+01
2.055506389387194588e+02 5.910777430809321942e+00 2.572815759750182707e+01
2.057243151064159576e+02 5.967761462878066858e+00 2.578938645641854777e+01
2.059451494548165726e+02 6.053503274053404049e+00 2.580903815914778576e+01
2.061899726116389502e+02 6.135974722978908780e+00 2.595627459231206657e+01
2.064416539321861137e+02 6.291645442532426635e+00 2.609134498261466462e+01
2.066780428026192453e+02 6.467735624801600913e+00 2.611947157442473255e+01
2.069408049668165290e+02 6.605544851209590895e+00 2.626623553990506466e+01
2.068343188713928100e+02 6.536686377427856520e+00 2.620802235362729604e+01
2.037138506854472553e+02 5.106349522733816038e+00 2.464678611240301365e+01
1.996466569220206964e+02 3.601968123195948390e+00 2.265045881041496045e+01
1.977459378852641692e+02 3.011708339792852573e+00 2.189652219490768559e+01
1.971407621494326747e+02 2.765814748374046950e+00 2.165277316383555117e+01
1.971524151219188070e+02 2.772152459415764270e+00 2.164876087967576979e+01
1.976097933692113600e+02 2.800766283524904310e+00 2.187677083102636288e+01
1.979592644268745403e+02 2.955898094626418171e+00 2.208703371499863266e+01
1.980880303265194584e+02 3.070161451066374170e+00 2.229692748359282106e+01
1.981319513653577928e+02 3.141127573656973482e+00 2.238933551849637027e+01
1.984802892388102578e+02 3.291933352527332879e+00 2.263861020677843428e+01
1.993268811965243970e+02 3.611594652256402416e+00 2.305221875253766939e+01
1.999645686148576260e+02 3.846628869251950800e+00 2.335080725533187262e+01
2.001219520297654526e+02 3.891668327685867901e+00 2.338861205235532381e+01
1.999512140204785169e+02 3.847810038461822568e+00 2.325124207324725489e+01
1.997222443691449030e+02 3.744705039901372157e+00 2.311186041532862490e+01
1.997561513077757809e+02 3.785019821495803072e+00 2.312162720823274853e+01
1.999716888505008967e+02 3.850305258417676235e+00 2.324145313342044616e+01
2.002426970522445799e+02 3.959707365328254181e+00 2.337936571213429815e+01
2.005447109457474255e+02 4.071368458352711883e+00 2.352657999837589387e+01
2.008785315113798333e+02 4.211300098184690199e+00 2.368999844971541080e+01
2.012702773532950857e+02 4.368856997320222035e+00 2.390740740740740833e+01
2.016959928834555171e+02 4.511254327877807668e+00 2.408848433843450820e+01
2.021809219025683149e+02 4.653876818816025107e+00 2.427078304136307096e+01
2.025277574764319866e+02 4.786824795694638368e+00 2.443746078149107959e+01
2.029189459541263432e+02 4.906576897806716353e+00 2.463855483947172331e+01
2.032600122546305386e+02 5.065551199994094311e+00 2.481256690216227767e+01
2.036109856118825689e+02 5.205217076753851480e+00 2.494879631475206594e+01
2.040080873179338425e+02 5.310994470651635879e+00 2.508576026694424144e+01
2.043316243291328078e+02 5.407809743169520011e+00 2.522045785071497548e+01
2.045776914047793014e+02 5.507024265644955285e+00 2.527242929594932619e+01
2.048035088107840807e+02 5.642268140175255908e+00 2.536784562118426933e+01
2.051267173092965379e+02 5.800459917761093820e+00 2.554231538694365256e+01
2.054243276563388179e+02 5.912397847319114774e+00 2.563086616614621249e+01
2.055845643331192605e+02 5.972969680862844299e+00 2.565065444156534369e+01
2.041155220398792380e+02 5.281738385784628953e+00 2.493023719354195578e+01
1.998451708635085140e+02 3.676459297647258762e+00 2.281794122206719422e+01
1.974393838726109038e+02 2.959146309953565090e+00 2.170315372179035762e+01
1.966395772890690239e+02 2.698403206874404603e+00 2.145557327309370521e+01
1.964659491063716814e+02 2.636642821813242499e+00 2.136224983205250183e+01
1.967513454255531258e+02 2.698831380712983119e+00 2.157779475708516870e+01
1.972422873341749039e+02 2.899523102931514273e+00 2.187517994374681507e+01
1.977774898677828617e+02 3.003074731099447003e+00 2.215065813271912631e+01
1.983136151898360424e+02 3.237485143106032304e+00 2.244397197676049416e+01
1.990179722277589462e+02 3.478391985766910999e+00 2.277831299507599994e+01
1.999875755763736720e+02 3.858119430971733266e+00 2.326013775385910165e+01
2.005219549826884986e+02 4.068555799171704734e+00 2.350450320761263612e+01
2.005105493175056779e+02 4.052366398688902471e+00 2.348755712060475886e+01
2.000787692216833022e+02 3.873127662244664648e+00 2.332503192848020390e+01
1.997586760569618889e+02 3.719177020353022112e+00 2.304988225219439002e+01
1.997444946441358695e+02 3.690297433171660924e+00 2.297872418960718832e+01
2.000037945060867060e+02 3.772868543249249029e+00 2.308129027971563474e+01
2.004730361216309120e+02 3.936700403812223747e+00 2.328092633195284122e+01
2.009558538007810569e+02 4.162949674809351741e+00 2.358354557467573187e+01
2.014865974206217345e+02 4.393373640732620267e+00 2.392113849947216409e+01
2.019904952790143113e+02 4.604684812378653014e+00 2.417404528307458378e+01
2.023734893953151754e+02 4.770664924442082011e+00 2.433974486745066912e+01
2.028214293623900915e+02 4.944230357525155384e+00 2.454906650720882411e+01
2.032707166005950228e+02 5.063199935035693322e+00 2.473788378771436314e+01
2.036007278955255799e+02 5.165016720926627336e+00 2.490362397478203604e+01
2.038991945902450311e+02 5.267376106423346194e+00 2.503331266287215939e+01
2.040882075019009392e+02 5.352601156069364485e+00 2.507417742637993641e+01
2.042774640297064082e+02 5.416853069932599851e+00 2.515585158608877947e+01
2.045562531836201288e+02 5.494289785101027057e+00 2.526328999918794693e+01
2.049376121187960962e+02 5.644711683978178129e+00 2.540908688237769297e+01
2.052222000752995257e+02 5.733273536642083279e+00 2.550228851534412655e+01
2.046038985966233383e+02 5.325581910393550444e+00 2.512863670926257953e+01
2.010170605127750889e+02 3.978868144604640555e+00 2.344649303479281599e+01
1.978329273064174458e+02 2.980108372275005912e+00 2.195279383429672393e+01
1.967922249536760262e+02 2.645859632804021810e+00 2.149241467898035651e+01
1.965548062513380501e+02 2.560073527783314429e+00 2.135510744948656026e+01
1.968635085154917590e+02 2.655006311872965430e+00 2.153977218198864563e+01
1.975164551635550367e+02 2.823983640806443152e+00 2.179989148007884481e+01
1.980072272791028922e+02 3.119157826353361695e+00 2.218174872101521444e+01
1.984545582058039770e+02 3.302427302726286040e+00 2.249528270546807462e+01
1.990934341756546360e+02 3.524376379568725515e+00 2.288278002938158551e+01
2.000991185524771367e+02 3.921068367550328837e+00 2.338287230822610496e+01
2.007487431621376288e+02 4.151710111546667470e+00 2.371595464310233936e+01
2.007777851600853296e+02 4.136735100657763731e+00 2.362969237924390242e+01
2.003181774559091650e+02 3.923268295203714562e+00 2.336985729999483397e+01
1.998331524667980830e+02 3.755139931639832174e+00 2.306734879188536880e+01
1.997140500077514105e+02 3.706645553267040150e+00 2.299908828501613201e+01
1.999187318672070433e+02 3.789043179116928339e+00 2.314185473095180257e+01
2.003696469042293131e+02 3.964620291010564124e+00 2.333476550100030167e+01
2.008918934880665006e+02 4.175506979971799204e+00 2.359219025683048088e+01
2.013484043142205451e+02 4.400242877918779882e+00 2.380089178275345319e+01
2.018094774064477122e+02 4.538557792394747104e+00 2.405321536405849869e+01
2.022177706907625065e+02 4.688998147040802422e+00 2.428501982149580485e+01
2.025927808414354274e+02 4.808657970308359175e+00 2.436915228962268998e+01
2.028617810555223286e+02 4.906647029728552489e+00 2.445295993621686392e+01
2.031379125787138662e+02 5.034242833624934299e+00 2.461497574911965813e+01
2.034128481680803873e+02 5.132933212263488976e+00 2.470998973859249048e+01
2.036958046346126991e+02 5.260920278460640809e+00 2.485813050443307404e+01
2.040418060077219025e+02 5.321709890077440441e+00 2.499878561040610236e+01
2.043403428343631560e+02 5.454702160801423005e+00 2.511308218723008423e+01
2.044639706479451320e+02 5.499656722698381017e+00 2.521669656501229184e+01
2.030726013037155155e+02 4.853018256446600454e+00 2.449620918506706957e+01
1.990011959338249881e+02 3.350737123410035601e+00 2.245377937235621246e+01
1.963184284543662557e+02 2.589765168796462458e+00 2.135770971290205722e+01
1.956128976295410382e+02 2.345263142353036567e+00 2.100786215755320896e+01
1.955337998951712279e+02 2.323359835817479624e+00 2.095454713234262911e+01
1.959033065355568795e+02 2.420326445640378132e+00 2.109604382137768752e+01
1.964865531267763572e+02 2.560926184306690612e+00 2.139149115230438625e+01
1.967921806598306489e+02 2.747436493699200621e+00 2.170371108601126409e+01
1.971520939915398856e+02 2.929240582021128247e+00 2.193918085915295535e+01
1.977118537712518105e+02 3.141389645575413780e+00 2.222084173070818380e+01
1.985621405739005922e+02 3.439686547220930368e+00 2.268997999394650833e+01
1.990602174827807573e+02 3.603477805092315744e+00 2.290389712016181889e+01
1.990150931278098767e+02 3.551565418318458178e+00 2.283094146568334182e+01
1.985907322510870472e+02 3.394647088787012823e+00 2.253585217667338370e+01
1.982835285953683524e+02 3.294613130172229454e+00 2.235546180024952179e+01
1.982975586708893445e+02 3.290194819096553314e+00 2.236563831122332147e+01
1.985509674514059668e+02 3.390808288854930463e+00 2.252474549494681000e+01
1.990380115016351681e+02 3.586587085391151675e+00 2.278027299773363268e+01
1.996283192700374229e+02 3.747469714083228265e+00 2.305901416664821113e+01
2.001339224414767557e+02 3.924504831720299070e+00 2.331896367166448769e+01
2.006114248591824776e+02 4.102392605880746501e+00 2.352348312035375955e+01
2.009630847710377282e+02 4.259606227714659354e+00 2.372747473405237173e+01
2.013974560568142351e+02 4.409647937752382951e+00 2.393653061073830557e+01
2.017911988129249323e+02 4.511553311334056460e+00 2.406210366236278020e+01
2.019882732044382294e+02 4.578149107848131116e+00 2.410657099196066611e+01
2.021143297972080006e+02 4.630408463077388959e+00 2.418233930562015033e+01
2.023706213688274715e+02 4.757181139680641380e+00 2.427332624631807434e+01
2.027514930717043455e+02 4.902682730567921254e+00 2.445043887818454209e+01
2.031483954554514639e+02 4.994836075860592750e+00 2.457058593375117184e+01
2.033545943791110346e+02 5.055847156704242451e+00 2.472177928376851952e+01
2.017570519492983010e+02 4.263397042647590673e+00 2.383945695745576288e+01
1.976866468820824139e+02 3.038137000863729842e+00 2.187378837877143667e+01
1.953838467728242563e+02 2.404694409378483666e+00 2.091628094109656644e+01
1.945721472918004622e+02 2.150344384647753238e+00 2.050492399914365294e+01
1.945715234868115147e+02 2.126366649687359445e+00 2.047689337733188708e+01
1.948669449796617528e+02 2.211901756250969076e+00 2.065075410271742840e+01
1.952655379118404824e+02 2.297388877815427666e+00 2.079933042470415572e+01
1.954682634597922686e+02 2.429358698942115424e+00 2.100785846639942633e+01
1.956362220302822266e+02 2.508072553318716480e+00 2.115952428410072272e+01
1.959524357923799869e+02 2.665204969769450649e+00 2.139810569987966815e+01
1.966444311562908354e+02 2.889383503495522643e+00 2.182945393070966134e+01
1.971803682295011697e+02 3.073693885234646483e+00 2.198489948988254739e+01
1.973184875128267493e+02 3.093493234115119783e+00 2.202015369964343350e+01
1.971398319786798936e+02 3.007227279102901996e+00 2.189155759307244153e+01
1.969575849519042663e+02 2.954650484648491560e+00 2.178677311954170648e+01
1.969584671376578910e+02 2.955968226548254307e+00 2.179398194287570334e+01
1.971410279125048817e+02 2.985992071401678771e+00 2.189936069216515691e+01
1.974937988616481732e+02 3.069821864918536036e+00 2.207374556138757882e+01
1.979899379147934155e+02 3.210159531666408217e+00 2.229140182638289147e+01
1.985435408499988910e+02 3.390915332314575092e+00 2.255394252135332422e+01
1.990846344650410913e+02 3.590097372636738893e+00 2.278610132955359191e+01
1.996103248953558023e+02 3.790146834097402273e+00 2.306688001535519916e+01
2.000748824367520911e+02 3.956532973076724247e+00 2.327177227057633502e+01
2.004395905772226172e+02 4.025528019548350045e+00 2.340606382743117919e+01
2.007246952952554011e+02 4.091828523759956759e+00 2.353061812061213942e+01
2.009444887382898060e+02 4.181091695642224160e+00 2.364124938173174328e+01
2.011147616622003795e+02 4.240482359976081028e+00 2.376358160033663225e+01
2.014185657652868997e+02 4.353018256446600454e+00 2.384900228113303555e+01
2.017529769155242434e+02 4.489428535571648560e+00 2.393691818188529297e+01
2.020286396621856113e+02 4.602935205486531345e+00 2.399120028938645532e+01
2.021715869746565488e+02 4.638935028311149900e+00 2.403764607741087644e+01
2.001468894647088916e+02 3.890542525782709316e+00 2.307409622099675772e+01
1.963827578824588898e+02 2.721395403775312083e+00 2.121424194774802885e+01
1.942354771554492459e+02 2.186041532862342152e+00 2.036649096774669943e+01
1.936207376401715692e+02 1.983821672978539619e+00 2.009353752796048909e+01
1.935560427878546363e+02 1.963730722949379448e+00 2.008289224045652333e+01
1.937312101816785912e+02 2.042182505407540205e+00 2.015291342767922345e+01
1.938799415321241213e+02 2.079891332432691975e+00 2.030378564731763902e+01
1.939087030023844989e+02 2.099554108623273407e+00 2.040666548549745585e+01
1.939039118847769316e+02 2.127606877357724358e+00 2.054566326342288107e+01
1.941691692689300908e+02 2.215980481178807082e+00 2.069941827416413815e+01
1.947230564229766969e+02 2.377977838312699710e+00 2.102920071756029330e+01
1.952214470799282537e+02 2.448360758605924836e+00 2.121726869384832170e+01
1.954042034859256205e+02 2.439804664141917545e+00 2.127318229132061944e+01
1.952949527163200685e+02 2.407968462782096530e+00 2.118374563521065568e+01
1.951800397168146901e+02 2.347658701156807748e+00 2.111014402882052821e+01
1.950893406861116546e+02 2.342291763559453344e+00 2.113104334152769326e+01
1.951608641729231692e+02 2.378767745221801455e+00 2.112559888970094235e+01
1.953761138056533753e+02 2.526192427228903359e+00 2.115400600919835483e+01
1.956679142766445807e+02 2.602071475501812170e+00 2.125316147321329652e+01
1.959978665131146727e+02 2.721952767996220324e+00 2.138057271942063764e+01
1.963953779372356223e+02 2.834809794845672748e+00 2.158610723539964127e+01
1.968189562893569189e+02 2.942023047564207516e+00 2.178081928849319837e+01
1.972136107604515018e+02 3.076632043644202508e+00 2.188918787234513630e+01
1.975617714585225144e+02 3.174598956141710726e+00 2.205916181279944510e+01
1.978197867989576082e+02 3.272462516333355609e+00 2.216375803748735862e+01
1.981248089827918477e+02 3.353870912969976192e+00 2.233604633136225814e+01
1.985274400372068442e+02 3.446707121712104804e+00 2.249455185701946647e+01
1.988709535726677586e+02 3.502583807646594050e+00 2.265921422718313138e+01
1.991465351139459301e+02 3.559955410862327252e+00 2.277562952627732429e+01
1.994284322193431365e+02 3.587063244228881231e+00 2.284632988579570068e+01
1.998157818971054098e+02 3.775788245889900363e+00 2.307295196332469445e+01
2.002586096161938372e+02 3.995231029315143179e+00 2.323585734428867866e+01
2.006115798876412839e+02 4.123000317439225348e+00 2.338682553392539276e+01
2.003772617544792070e+02 4.017355805077551523e+00 2.324927837943584308e+01
1.967870868676130840e+02 2.817206682464804768e+00 2.148162912763271493e+01
1.936248938793287948e+02 2.053912992123077874e+00 2.010932090152740059e+01
1.920384544400888842e+02 1.712274562782834630e+00 1.946497464177352654e+01
1.916745362065274492e+02 1.624462014336441218e+00 1.931527251788363841e+01
1.917287186528765233e+02 1.627865258122383807e+00 1.934803519884245304e+01
1.920435002473072927e+02 1.709938062439557260e+00 1.954376970153330362e+01
1.923916609453783053e+02 1.773802405155803674e+00 1.967634856303383373e+01
1.926334093711012088e+02 1.831801504514281032e+00 1.989083412693139508e+01
1.926988572187894420e+02 1.837851305561092330e+00 1.998666017023601071e+01
1.929220539056098289e+02 1.931089850065333513e+00 2.019020146317335929e+01
1.934805623841900513e+02 2.086420983471013457e+00 2.048483674026827472e+01
1.939023025417284884e+02 2.187233775533556468e+00 2.066609453783063444e+01
1.939646313644718987e+02 2.178441447227574379e+00 2.067173831196155120e+01
1.938288264345669063e+02 2.132560405731623643e+00 2.062005477672210674e+01
1.937482079448394074e+02 2.105817996589373742e+00 2.056683941266361160e+01
1.937610753069194232e+02 2.117157221004141388e+00 2.054714341608899986e+01
1.939980252327272581e+02 2.173008068862165132e+00 2.066554455591728967e+01
1.943874677946832605e+02 2.261234026532013441e+00 2.084949689573966936e+01
1.947873120279937211e+02 2.375405104127448208e+00 2.103653873127662166e+01
1.952440812349124144e+02 2.473220679319941606e+00 2.126014513616666335e+01
1.956956311503849975e+02 2.600041340922345512e+00 2.150290862917930923e+01
1.961204091274850612e+02 2.717977395374246097e+00 2.167861862260905426e+01
1.965974575332757581e+02 2.832775969112425241e+00 2.176152931883448005e+01
1.969805254726522321e+02 2.927372858208018513e+00 2.186382595471692625e+01
1.972562989539270291e+02 3.014557910511667771e+00 2.192616215976790173e+01
1.975257421064676464e+02 3.134453967621198878e+00 2.204964970950619829e+01
1.978765788910297658e+02 3.263282616880384346e+00 2.217994743797016000e+01
1.983358100975202944e+02 3.386246022781801202e+00 2.241122775157058555e+01
1.987494555548173309e+02 3.544013317682841446e+00 2.255991111701695573e+01
1.990756760348149612e+02 3.655286839560309975e+00 2.264454189090425729e+01
1.993847252674241020e+02 3.742590008784945965e+00 2.278963007256808382e+01
1.997340782081662951e+02 3.857754006747429187e+00 2.295371662274193625e+01
2.001820071017798739e+02 4.013070375537985512e+00 2.315252216537845342e+01
2.005139525612916032e+02 4.152581223838947899e+00 2.330106895813493395e+01
1.999923224001358335e+02 3.905742697052244417e+00 2.302670918875822181e+01
1.959670749082748387e+02 2.593932481415040847e+00 2.117050915775253017e+01
1.929037310182416718e+02 1.898452668335068205e+00 1.981585202902723353e+01
1.913310189799127272e+02 1.571733882577015962e+00 1.919884614532810829e+01
1.910040602691589413e+02 1.503746521087561572e+00 1.908520659387711405e+01
1.910451317372784388e+02 1.491820403221639113e+00 1.910973061959707309e+01
1.913160771894078778e+02 1.559025240109553456e+00 1.926885625908946764e+01
1.915989782886334751e+02 1.610753069194368781e+00 1.944622358056681222e+01
1.917249315290973755e+02 1.671121889280151152e+00 1.954814740991739086e+01
1.918661735285215570e+02 1.721255139931639810e+00 1.964418015783373406e+01
1.921784451383813632e+02 1.824282624262691943e+00 1.978904317911692701e+01
1.927620940653629589e+02 1.963180741036033128e+00 2.012066750824972772e+01
1.931843509844307221e+02 2.023756265733542836e+00 2.030651340996168486e+01
1.931911168693110028e+02 2.028296384883987002e+00 2.035860666327080537e+01
1.930853653134896888e+02 2.021822101152378259e+00 2.029686104282476578e+01
1.930992145224754495e+02 2.019814113495596253e+00 2.030117969274835943e+01
1.931429473124709375e+02 2.023405606124362155e+00 2.030782007840010550e+01
1.933215216412346251e+02 2.087912209598476121e+00 2.041896071874146301e+01
1.936490450985168934e+02 2.177677378394938579e+00 2.051646623701636685e+01
1.940336153374821890e+02 2.255486900095231562e+00 2.066545596822654929e+01
1.945273219202858570e+02 2.341003550889937390e+00 2.090044958253050567e+01
1.951440841878354320e+02 2.437257768033131988e+00 2.101881381082098699e+01
1.954745384212197052e+02 2.565506906148724120e+00 2.121127056895444341e+01
1.958419595597191858e+02 2.663986889021770388e+00 2.146069290338774138e+01
1.961668586066632827e+02 2.734314442008282775e+00 2.157767294901040245e+01
1.966321765257384016e+02 2.840014321676669784e+00 2.183194176835795375e+01
1.970230438730538367e+02 2.946714504019666503e+00 2.192723628551812709e+01
1.973336766106349387e+02 3.070419831831033619e+00 2.210829476077632449e+01
1.976878132866771409e+02 3.227936128274976113e+00 2.214701865509120893e+01
1.980655069061487268e+02 3.362349493204586093e+00 2.222727172059442324e+01
1.984425767206313367e+02 3.469049675547582812e+00 2.237697015333052875e+01
1.987285414774950425e+02 3.591437261459186736e+00 2.253051107715249657e+01
1.990282483998848306e+02 3.710259192818491147e+00 2.260556699813227510e+01
1.993777563690858585e+02 3.791686045224015977e+00 2.270052562029839294e+01
1.996683092300991404e+02 3.837847614407311259e+00 2.284444370621368847e+01
1.999505311570290758e+02 3.948737256291571462e+00 2.295786917074538991e+01
2.001146435452793924e+02 4.013867664754648956e+00 2.301424416244029558e+01
1.990689175322422386e+02 3.590459105707262122e+00 2.250163887227869708e+01
1.948763389660340124e+02 2.316830184779158142e+00 2.064150776249640273e+01
1.920325190648092644e+02 1.733657416635291826e+00 1.940199248481090066e+01
1.907154231169579077e+02 1.455691390014690834e+00 1.876698115296879621e+01
1.905213422511608599e+02 1.417296008386301320e+00 1.869797134188204524e+01
1.906695826781535459e+02 1.445337703659409945e+00 1.875904148118618764e+01
1.909543810304224962e+02 1.539288640843354816e+00 1.903792660509822099e+01
1.911669841058918280e+02 1.609660487675237617e+00 1.925295107744778988e+01
1.912997549073889445e+02 1.661380934452491243e+00 1.939491285185923530e+01
1.914909529820831438e+02 1.697188817280505635e+00 1.951864032659328529e+01
1.920017311511232094e+02 1.823644054658605240e+00 1.981847643936541559e+01
1.927048147409917362e+02 1.933573996559844632e+00 2.012486804125233419e+01
1.929658863567574087e+02 1.961368384529636355e+00 2.022993673362419642e+01
1.928637004554883845e+02 1.925243062476468925e+00 2.018412951520386400e+01
1.927490569102089921e+02 1.913848470754988540e+00 2.013727770026354946e+01
1.927878509364457216e+02 1.910563343890033128e+00 2.009267748912955298e+01
1.929868299633099298e+02 1.978587616917296010e+00 2.024672779217327800e+01
1.933724337253338774e+02 2.068828944551488025e+00 2.042223846329885717e+01
1.939088469573819395e+02 2.193800338109686443e+00 2.068012830450542339e+01
1.944828029145350285e+02 2.340294849364014329e+00 2.091965834680604530e+01
1.949694261732332166e+02 2.467779918646970660e+00 2.110957928229206004e+01
1.954835485275987708e+02 2.610675554964970946e+00 2.130606308920042125e+01
1.959472386478565511e+02 2.758140839663662192e+00 2.145642223846330054e+01
1.962287001971075995e+02 2.818978436279612421e+00 2.154208653540923990e+01
1.964372171653415364e+02 2.900449582530507442e+00 2.162256476129308425e+01
1.966239895466524956e+02 2.967827903646121701e+00 2.166982629430307483e+01
1.969863427310108648e+02 3.040669132357392446e+00 2.181225315409090726e+01
1.973242494038786674e+02 3.099125934784694891e+00 2.196440620409127575e+01
1.976944979661742536e+02 3.186838822079005595e+00 2.208766490229515966e+01
1.979187097202843688e+02 3.275854686657955650e+00 2.221588082002672238e+01
1.981646697524712408e+02 3.323891361961921920e+00 2.232287998582597055e+01
1.983902656892491336e+02 3.429502653939568546e+00 2.240296325825526580e+01
1.987738503901549620e+02 3.581050354719878204e+00 2.255517905786991051e+01
1.991298474077026981e+02 3.736842882348164530e+00 2.269376711772565969e+01
1.992953550520821864e+02 3.774020183228873560e+00 2.271782236691544909e+01
1.972393823961493808e+02 3.114440531821436764e+00 2.172975955824271566e+01
1.933816468451708772e+02 1.978713116145844886e+00 2.000615315335267397e+01
1.912845695007345341e+02 1.540872145815338934e+00 1.913030880192530603e+01
1.905657320665293639e+02 1.405251773599391685e+00 1.879552115400231926e+01
1.904188093814364606e+02 1.376187628728988033e+00 1.872683616444828303e+01
1.907160063192552855e+02 1.443964594452934014e+00 1.887365180608154347e+01
1.911459482204947733e+02 1.565481068072257953e+00 1.916107456868867942e+01
1.914650816852331729e+02 1.653348983825364105e+00 1.941079219542444534e+01
1.918604485490074580e+02 1.745162742970197689e+00 1.961607202179257214e+01
1.925576890424408987e+02 1.887305383916904722e+00 1.997103182512789843e+01
1.932948161436301859e+02 2.075244169822603180e+00 2.033683623827135989e+01
1.936834503429081735e+02 2.141312131346015946e+00 2.052756553643537885e+01
1.934287496585682788e+02 2.053632464435733329e+00 2.039480580839958890e+01
1.930141998685949147e+02 1.926187997844366118e+00 2.017698344148413980e+01
1.928195247270391803e+02 1.886515477007803199e+00 2.007115437143342263e+01
1.928461785484906841e+02 1.871798846883558909e+00 2.009758303250429989e+01
1.931519795657726775e+02 1.954502838497257367e+00 2.028336249344820175e+01
1.935949032548594175e+02 2.121852368613381223e+00 2.050473575030082785e+01
1.941652344989996948e+02 2.253726219741766901e+00 2.074125381111628030e+01
1.948000686554603362e+02 2.429314405096745233e+00 2.103422806900981001e+01
1.953787898921444821e+02 2.587059553075100382e+00 2.131633926132630563e+01
1.959793258476734650e+02 2.719103197277405126e+00 2.146011339224414627e+01
1.963894979292627170e+02 2.810699178349168381e+00 2.159995275323160513e+01
1.967739205220767928e+02 2.872097830339807700e+00 2.175064779748853994e+01
1.970210875615499901e+02 2.963859913331709173e+00 2.185205117415601705e+01
1.972814430934821530e+02 3.079260145136166749e+00 2.192667892129722063e+01
1.975432787780804631e+02 3.191260824308462141e+00 2.198346363106179879e+01
1.977891391491152433e+02 3.301633704663403890e+00 2.208976885995024375e+01
1.980810725016425522e+02 3.457773200747089604e+00 2.218663211746727626e+01
1.984847370791162007e+02 3.606497168885050009e+00 2.235273403760547595e+01
1.988765530529532839e+02 3.723156084128777188e+00 2.250973357252009777e+01
1.987666895518201216e+02 3.565938771141083485e+00 2.241248643500985693e+01
1.952711743036638268e+02 2.417188964926656691e+00 2.084399707660620393e+01
1.919080976531644183e+02 1.623601975505503558e+00 1.938431554935441881e+01
1.904995386057773885e+02 1.391184786540576868e+00 1.874900523405606023e+01
1.901790910902930136e+02 1.321381377390944856e+00 1.856587971268059079e+01
1.903520327183871075e+02 1.392258912290803785e+00 1.875449397972818488e+01
1.908426867170140042e+02 1.535542119755793244e+00 1.910773001424785278e+01
1.913769258594851692e+02 1.643796277840527287e+00 1.946855875209472941e+01
1.919391070360773313e+02 1.750828664023800663e+00 1.976376984917945734e+01
1.926331177699525199e+02 1.917225876464465184e+00 2.011363586029721162e+01
1.936963730722949322e+02 2.205944234048678787e+00 2.057355362139097466e+01
1.945239961907292923e+02 2.442864630626241151e+00 2.089054990809027146e+01
1.947635852914904149e+02 2.508652064462309816e+00 2.093715072457348825e+01
1.945294148044795861e+02 2.422112964070309182e+00 2.077421581437925724e+01
1.941207302578640110e+02 2.283816505363246652e+00 2.057671694018116071e+01
1.939971393558198542e+02 2.179438058748403684e+00 2.059572638215253448e+01
1.941497870204268565e+02 2.199012247248244734e+00 2.070160343720240093e+01
1.947051395625244652e+02 2.366033264677873227e+00 2.096706014365970461e+01
1.954978222192692954e+02 2.547195092241933079e+00 2.132213806391601807e+01
1.960783816505363291e+02 2.718892801511896717e+00 2.157761019939612623e+01
1.966091215792232276e+02 2.881045187104585015e+00 2.173323293395049305e+01
1.970163665758642821e+02 3.035438767449929465e+00 2.186219446474579087e+01
1.974191157472002658e+02 3.161248052916380669e+00 2.204992654603976021e+01
1.977732265851659861e+02 3.289862615256276879e+00 2.216281310211946121e+01
1.980358927793649855e+02 3.355196037177301083e+00 2.225341247167039427e+01
1.981960740888386852e+02 3.408378180851770800e+00 2.229699761551465897e+01
1.984168456876250275e+02 3.444141769834415001e+00 2.232607652500018602e+01
1.987915753106105967e+02 3.533227766335201192e+00 2.253229759558242762e+01
1.991747539846004997e+02 3.670808141208778963e+00 2.273352084394539929e+01
1.994635572387216769e+02 3.801493440819731617e+00 2.285467927564798174e+01
1.996302792726950486e+02 3.834484973312958012e+00 2.287887847983522605e+01
1.980538650071239317e+02 3.205091577525303048e+00 2.215038867849312254e+01
1.940217962630759132e+02 2.011704648639071724e+00 2.014481872743782276e+01
1.915450837522792824e+02 1.532674093268073801e+00 1.911595759602536404e+01
1.908878406012151174e+02 1.405148421293527905e+00 1.879347994596150784e+01
1.906719044138816912e+02 1.398323477952738481e+00 1.885933382056563090e+01
1.908309968329900528e+02 1.449383208203220086e+00 1.907522202289991853e+01
1.911931506950442667e+02 1.574147897149690944e+00 1.942399914365232405e+01
1.919228991798256345e+02 1.661052421765995657e+00 1.982586612923467584e+01
1.922373559527237035e+02 1.737038513498549319e+00 2.003730280010925924e+01
1.927158512907964791e+02 1.882237429775799331e+00 2.017723813109501663e+01
1.935724868779483074e+02 2.095630412154231070e+00 2.047574173735226211e+01
1.942151942654234915e+02 2.254364789345853826e+00 2.074866933906200472e+01
1.942806716423419573e+02 2.271048804435290336e+00 2.072021792571922205e+01
1.940528425575266454e+02 2.203009766792904056e+00 2.050915775253028528e+01
1.937990129854790098e+02 2.115968669486708365e+00 2.040492326091289499e+01
1.937676049579577580e+02 2.091466790689433530e+00 2.037503967990314280e+01
1.939483496851445921e+02 2.175518053433142196e+00 2.045950804302408699e+01
1.943668157892794000e+02 2.257140536989052038e+00 2.069537276962032735e+01
1.949732243704737300e+02 2.419049306432204727e+00 2.091789397529879935e+01
1.954980289238810371e+02 2.598121940956304332e+00 2.115272148768261928e+01
1.959029927874855161e+02 2.775031559364826261e+00 2.130098775275175527e+01
1.963557312544755291e+02 2.908514753541662223e+00 2.144057242412833375e+01
1.967289216663344575e+02 3.034593493234114980e+00 2.159405059833602891e+01
1.970788024420673423e+02 3.117829010992255956e+00 2.177098236366723683e+01
1.973364412848168001e+02 3.151204423478691119e+00 2.184586480041931367e+01
1.975633549634944757e+02 3.200946411829409755e+00 2.192181767176784035e+01
1.978282173941930751e+02 3.260953498844668896e+00 2.203293616518651277e+01
1.981514074369366369e+02 3.386319845857418187e+00 2.221374733314139505e+01
1.984505569951055293e+02 3.461571397987583065e+00 2.231869421743848747e+01
1.987647664607002866e+02 3.583172768143866538e+00 2.248633534870329598e+01
1.989803150768867397e+02 3.669848441225758151e+00 2.256668438420481593e+01
1.972923024679054151e+02 3.086945127307894055e+00 2.165922530064447571e+01
1.930517056821621225e+02 1.891000228851534404e+00 1.978630803416531947e+01
1.905373175647243897e+02 1.425412855550387992e+00 1.873163097320960446e+01
1.897399988188307987e+02 1.292236027137362520e+00 1.835401855912121150e+01
1.895113392244147690e+02 1.266700625281450554e+00 1.836171092360049784e+01
1.897318487512826835e+02 1.321436744697657595e+00 1.853878664392916065e+01
1.900787396924530697e+02 1.402210262883972325e+00 1.880324304771185240e+01
1.904551044965635356e+02 1.478081928849319659e+00 1.902669811529688104e+01
1.907664791560546007e+02 1.523656604581460128e+00 1.918670224938911417e+01
1.911896847016440404e+02 1.606471330808584064e+00 1.943838356993629191e+01
1.917305125536140054e+02 1.729958880546881295e+00 1.971151787625776208e+01
1.922582405008157309e+02 1.840490480514399119e+00 1.999627931698890393e+01
1.923854930274105186e+02 1.849943525347153006e+00 1.999811382041798780e+01
1.921951291534707877e+02 1.792749097512900569e+00 1.988374342051838539e+01
1.919704338582154151e+02 1.745210727969348730e+00 1.971579592348976462e+01
1.919106740785034617e+02 1.749507230970256622e+00 1.964629888010394154e+01
1.921525000184557825e+02 1.811116278726404349e+00 1.969972833108172949e+01
1.924909677466982600e+02 1.890911641160794021e+00 1.985460914372614738e+01
1.928737440849260736e+02 1.998110129264205392e+00 2.004028156121040283e+01
1.932661986283672491e+02 2.110151411128090349e+00 2.025267793206800704e+01
1.937211997726249137e+02 2.247395891007611279e+00 2.043588096767287610e+01
1.941103765715087093e+02 2.321709890077440441e+00 2.063597472297890789e+01
1.944814039672520778e+02 2.431185820063635372e+00 2.080393329346887299e+01
1.948999180563860705e+02 2.565167320000885987e+00 2.091684199647125553e+01
1.953276637211259583e+02 2.666471035516281507e+00 2.106410057655822143e+01
1.955765766763374813e+02 2.744686584132467910e+00 2.114005344790674812e+01
1.958807277478794333e+02 2.816224835559098860e+00 2.122111856724174928e+01
1.962163089938653115e+02 2.937708088794395156e+00 2.138357731859824895e+01
1.966384920898574364e+02 3.028982939487224968e+00 2.155201573907972090e+01
1.971394259517639966e+02 3.167320000885876841e+00 2.179686473397854840e+01
1.975586635070390287e+02 3.295753696690511436e+00 2.201488273204438073e+01
1.979207767664016444e+02 3.387921806598306329e+00 2.210269897164455699e+01
1.969983869657977777e+02 3.056943429377154686e+00 2.165293188344812947e+01
1.928456138019622301e+02 1.894218914948434529e+00 1.981073978104075906e+01
1.898335215821761608e+02 1.307749946478270253e+00 1.846214352682361337e+01
1.883713079234307202e+02 1.075447183280549890e+00 1.775146354247410585e+01
1.877933839759631951e+02 9.899674440236528872e-01 1.746603031175484944e+01
1.879633246960334816e+02 1.016248458943296518e+00 1.762065643478838695e+01
1.882070774182593880e+02 1.063908636561616383e+00 1.783028813146413327e+01
1.884287976435674352e+02 1.113093260691427000e+00 1.804984903181036415e+01
1.885732287998582706e+02 1.163363084032807082e+00 1.822065717301914134e+01
1.888906754073188097e+02 1.211576934718254339e+00 1.840197772019577727e+01
1.894729180047099248e+02 1.333469906023224683e+00 1.873719723311112517e+01
1.902328416716497372e+02 1.475062565056585395e+00 1.908355295698329357e+01
1.906209332713219453e+02 1.516119268560966793e+00 1.927203065134099447e+01
1.906771163230202433e+02 1.514148192441993501e+00 1.926443425686001021e+01
1.904995386057773885e+02 1.477122228866299070e+00 1.920628012904273518e+01
1.903814475228666936e+02 1.455883330011294996e+00 1.916955314892329199e+01
1.905476121926191695e+02 1.504071342620276308e+00 1.924729253870174617e+01
1.909605304926213876e+02 1.575310610590658467e+00 1.940906473545500788e+01
1.914818579791671311e+02 1.685067068264197943e+00 1.960485460545257297e+01
1.919129847407702698e+02 1.781801135398902947e+00 1.976981226791870583e+01
1.923162137620977603e+02 1.867052023121387183e+00 1.996391528063842102e+01
1.928975003506596124e+02 1.979912741124620679e+00 2.017612340265320015e+01
1.934228585771340363e+02 2.134413364929609536e+00 2.044954561896957657e+01
1.938343668563919664e+02 2.236359341202873274e+00 2.056670283997371840e+01
1.942630205449619325e+02 2.349954598808495554e+00 2.071909212381606125e+01
1.947382270650159910e+02 2.459031884186358763e+00 2.091635476417218342e+01
1.950649015569286746e+02 2.571036254512435448e+00 2.102971009678205050e+01
1.954456772898072359e+02 2.632597317269432136e+00 2.116540798322739647e+01
1.958011723104407906e+02 2.751563203626189669e+00 2.130868749953860686e+01
1.960838888519773491e+02 2.874360507607467863e+00 2.142073616371005329e+01
1.963232158808200154e+02 2.927446681283635499e+00 2.151441026436043202e+01
1.966939258373382415e+02 2.955986682317158554e+00 2.162291542090226670e+01
1.971718675023438720e+02 3.134088543396894799e+00 2.179161960445595980e+01
1.975624026458190201e+02 3.257978428897304823e+00 2.197451996545079922e+01
1.974892329044212715e+02 3.182114145239518965e+00 2.182111192316494197e+01
1.939559460796255621e+02 2.146383776640902408e+00 2.031226791870603066e+01
1.900613765050679547e+02 1.334403767929779550e+00 1.846520718446171827e+01
1.880858156342509631e+02 1.043371056924973672e+00 1.764750219623649841e+01
1.874397788260654636e+02 9.460316405702093867e-01 1.736243438974154429e+01
1.872730161894004937e+02 9.214707033124414082e-01 1.731324607445795394e+01
1.874552632161761210e+02 9.504388781845429790e-01 1.740659166242183886e+01
1.876497907115806356e+02 1.012106984401184073e+00 1.764608848433843491e+01
1.877084468363121061e+02 1.043718025380373504e+00 1.778068640695708780e+01
1.878180445743730616e+02 1.083242900065702452e+00 1.789187503229759457e+01
1.881584169379664786e+02 1.164573782472925423e+00 1.812596800507902728e+01
1.888539705741220587e+02 1.292191733291992328e+00 1.853850611624181610e+01
1.896570918137591377e+02 1.380314338655977080e+00 1.883407156408950200e+01
1.899553813330971082e+02 1.415085007271573048e+00 1.893112307044935960e+01
1.899205995910201636e+02 1.389202636960261028e+00 1.888584737817346948e+01
1.897235104348917503e+02 1.350589477258801629e+00 1.884518193696985833e+01
1.896178769959913950e+02 1.334588325618822013e+00 1.876655667028399677e+01
1.899605268014676085e+02 1.398973121018167953e+00 1.886975025653518756e+01
1.903691781276991435e+02 1.497534309274392905e+00 1.907549516827970137e+01
1.908449235562052024e+02 1.592961707970677487e+00 1.928718283761137897e+01
1.912958644313039258e+02 1.648941746211030734e+00 1.955083087871607006e+01
1.917656449553001323e+02 1.740223979211421801e+00 1.973819753578573710e+01
1.923501354653437545e+02 1.891823356144663792e+00 1.997735108040071239e+01
1.929237333805801029e+02 2.032751607497471635e+00 2.021983773687979280e+01
1.933305206741523250e+02 2.115806258720350996e+00 2.038189415247418168e+01
1.936309916653747507e+02 2.199901815309429409e+00 2.050348814032290079e+01
1.939166426741670932e+02 2.283122568452446988e+00 2.061915044404580044e+01
1.942254815110107131e+02 2.339549236300282775e+00 2.072282018913471902e+01
1.945394879631475078e+02 2.400128452151573555e+00 2.082053241202135041e+01
1.948551738902546049e+02 2.476014882732044509e+00 2.091687521685528495e+01
1.952435312529990483e+02 2.533345883256188369e+00 2.101646623701636685e+01
1.954289083781808642e+02 2.634302630316184057e+00 2.108484116965281174e+01
1.958025343461859222e+02 2.759071010416435765e+00 2.123930857307377096e+01
1.962251308514015307e+02 2.882669294768158696e+00 2.136059988631246398e+01
1.966154260698809253e+02 2.991687521685528317e+00 2.150773296717087746e+01
1.954119955115569951e+02 2.605522704286905800e+00 2.094433370983101739e+01
1.909429089244716238e+02 1.497800072346614053e+00 1.890311090440649977e+01
1.880418503015672513e+02 1.037273270879011333e+00 1.772870019710761014e+01
1.868974782037369380e+02 8.691522896226903105e-01 1.718679452823363363e+01
1.864834267195239761e+02 8.377147328712009067e-01 1.703827357355362082e+01
1.865830878716069208e+02 8.738437460781490751e-01 1.708756154998929588e+01
1.868743678899150211e+02 9.079426247056304744e-01 1.725252290360921137e+01
1.870923969614422049e+02 9.573044242169217455e-01 1.748699606523006977e+01
1.872057153825142564e+02 1.004846484914254434e+00 1.765588480647280889e+01
1.875379081493293256e+02 1.070519492983116772e+00 1.786803756118087350e+01
1.883076650499413063e+02 1.203722159472607967e+00 1.824125011996249768e+01
1.890219180711506795e+02 1.309001247609977936e+00 1.861422644490214751e+01
1.892974442451221364e+02 1.320628382019651603e+00 1.869676802574948837e+01
1.892201625584125111e+02 1.281646106940107277e+00 1.862164935515543362e+01
1.889945961508648509e+02 1.229073003639477690e+00 1.848499176872707039e+01
1.889604640518533358e+02 1.248809602905676330e+00 1.844435216559992341e+01
1.892161207450224651e+02 1.271237053278113649e+00 1.859233421182793222e+01
1.895407060438951987e+02 1.327010386906739337e+00 1.872309333451450186e+01
1.899327545604205056e+02 1.415981957640319200e+00 1.889124015384728850e+01
1.904323042396592314e+02 1.479240951136506332e+00 1.916408655017385243e+01
1.910525694121468518e+02 1.608494083080489245e+00 1.943986003144863162e+01
1.916348858326135485e+02 1.757513343520917815e+00 1.973603082851637680e+01
1.920792896743664073e+02 1.880203604042551602e+00 1.987114551266434859e+01
1.924873504159930349e+02 1.999719472312655455e+00 2.003156674713381946e+01
1.929647827017769259e+02 2.109785986903786270e+00 2.019220945083014129e+01
1.933912696830775246e+02 2.207823031323131069e+00 2.033991835167836726e+01
1.936884592385887913e+02 2.248706250599812329e+00 2.052911212986955292e+01
1.940026207191843923e+02 2.316032895562495142e+00 2.062821960888534534e+01
1.942886592991237080e+02 2.368701968861426810e+00 2.075481511010711699e+01
1.947136365985279554e+02 2.451465018935619078e+00 2.090849260661897802e+01
1.951169025313932650e+02 2.552429148303176465e+00 2.106905041377833854e+01
1.954828767376106384e+02 2.666242183981868852e+00 2.122016994072006923e+01
1.956664562709011648e+02 2.730431348230829780e+00 2.117166448888593422e+01
1.935067363556500482e+02 2.115071719117961990e+00 2.013491905299758500e+01
1.893466510161746328e+02 1.251064897865774794e+00 1.824351279723015651e+01
1.869648675983138730e+02 9.494717958939605795e-01 1.721611336271491766e+01
1.862937087974959240e+02 8.269328726773415017e-01 1.694078281989384394e+01
1.860781011228489774e+02 8.375966159502137298e-01 1.697155966011855810e+01
1.862667264633579123e+02 8.882613927461445735e-01 1.721894078651104820e+01
1.866173085583091620e+02 9.445145763662805560e-01 1.739488701378276758e+01
1.869961021416074232e+02 1.019349028119209466e+00 1.762120641670173171e+01
1.875669981322761828e+02 1.090695339549236254e+00 1.787016366575864268e+01
1.884822972264670398e+02 1.199621287622084864e+00 1.829151256099631695e+01
1.896132556714577788e+02 1.378018441004289052e+00 1.878415240035730349e+01
1.901238049889634567e+02 1.468735927476210623e+00 1.895378675466377416e+01
1.900271668918270507e+02 1.430454971615027437e+00 1.892744299012985465e+01
1.897214027860828764e+02 1.356174192929225919e+00 1.880014616968972163e+01
1.896001114728441905e+02 1.330900862991754030e+00 1.874412183760399842e+01
1.897169364900080382e+02 1.364793037007507870e+00 1.876829151256099593e+01
1.900262551768431649e+02 1.417798005300496822e+00 1.888829461313017077e+01
1.903740135391520596e+02 1.488262130976900854e+00 1.903241571250341480e+01
1.908871466643043391e+02 1.583442222369868313e+00 1.924289268339497383e+01
1.913979654360360030e+02 1.697299551893931113e+00 1.951202208786422432e+01
1.917511645590178659e+02 1.792642054053255940e+00 1.968744786245284573e+01
1.920014063295905089e+02 1.843650108150805877e+00 1.986311356203722056e+01
1.923254379553960973e+02 1.905277611675857630e+00 1.984797983153574208e+01
1.925660310499856109e+02 1.987667855218184121e+00 1.999929868078163864e+01
1.928390656951550000e+02 2.038657453546829590e+00 2.011083796573132787e+01
1.931808406971851184e+02 2.099004126709926865e+00 2.026425339032474682e+01
1.934937840970330569e+02 2.180873917569153608e+00 2.024604492872381911e+01
1.938334662148694463e+02 2.243221196081471192e+00 2.042089488332262803e+01
1.942056784709764656e+02 2.369717036151159917e+00 2.054466665190205177e+01
1.945596453539447452e+02 2.486959153692261282e+00 2.071052495589071185e+01
1.934017673244302671e+02 2.073904281000154892e+00 2.018307753637632018e+01
1.895344790674669184e+02 1.314120877904015217e+00 1.844313777600602222e+01
1.872259724344635572e+02 9.679164913368620837e-01 1.747984630035656650e+01
1.865798839501251223e+02 8.802109863501133002e-01 1.712910179463896654e+01
1.863544282771908911e+02 8.457060808067385915e-01 1.698366664451974373e+01
1.864803741353472333e+02 9.013022390538835138e-01 1.715446002111340107e+01
1.869695738193844647e+02 9.913110239998819129e-01 1.751238382093474755e+01
1.875103204659712617e+02 1.078835662451369082e+00 1.780123506005507039e+01
1.879632471818040926e+02 1.129168235407023602e+00 1.803587432359606879e+01
1.886737758288485907e+02 1.228744490952982105e+00 1.838875969850655778e+01
1.896186853586694099e+02 1.401394517898404635e+00 1.889583564030444762e+01
1.901035590104754931e+02 1.454307207346872577e+00 1.910350733432256121e+01
1.899412146848862051e+02 1.419673111421168032e+00 1.895946005802493772e+01
1.895875910792195498e+02 1.337570777873747785e+00 1.875195446592696058e+01
1.894576919953639162e+02 1.314766829815663840e+00 1.867011789545176015e+01
1.895906104430122809e+02 1.345835271189068205e+00 1.872020316110409865e+01
1.899201492702588894e+02 1.408271137392125949e+00 1.885431754257745851e+01
1.904588583999586717e+02 1.488483600203751589e+00 1.910353317239902893e+01
1.908776751637026621e+02 1.552288884459504414e+00 1.930842542762016478e+01
1.913841309916653870e+02 1.663931521715057649e+00 1.954145534811271290e+01
1.919590614134166060e+02 1.814264832901468338e+00 1.982879321418288754e+01
1.924055765951321177e+02 1.882654530153035299e+00 2.002442436456787789e+01
1.928077241084017999e+02 1.971954613573110748e+00 2.017875150414516483e+01
1.930952280763921181e+02 2.015045142810739875e+00 2.034507489351021192e+01
1.933248399884836033e+02 2.085298872721635277e+00 2.032960157686089531e+01
1.935838297935168555e+02 2.140341357901653030e+00 2.034317394931307632e+01
1.938940159014904907e+02 2.218235776138905546e+00 2.041703393646785969e+01
1.942679666910282776e+02 2.331196155294221750e+00 2.050140263843672273e+01
1.946663196982112538e+02 2.471238529739625989e+00 2.068918270472984489e+01
1.950702205095268766e+02 2.573760326002701770e+00 2.095200761854140481e+01
1.948764755387238949e+02 2.450619744719804594e+00 2.079828213703039452e+01
1.913558530625502954e+02 1.593633497958792056e+00 1.918625561978162963e+01
1.880890675407318895e+02 1.094530448327538208e+00 1.779940055662599008e+01
1.866471330808584241e+02 9.177574026089074799e-01 1.713014639115894866e+01
1.861445381997504853e+02 8.605740482359975907e-01 1.698839501251300987e+01
1.861747539846004997e+02 8.749658568275271442e-01 1.705917288626078587e+01
1.864535615942831441e+02 9.091902346835574189e-01 1.721071320473353694e+01
1.867064314663477376e+02 9.481725097631017452e-01 1.736352328010689661e+01
1.869665286175152517e+02 9.995570615462980868e-01 1.751799806583541752e+01
1.872461482810296900e+02 1.038365852398142719e+00 1.765757166375065523e+01
1.877029654729475396e+02 1.118951121741633914e+00 1.788320820322016402e+01
1.883400364685993509e+02 1.220125646874700154e+00 1.819119438354040597e+01
1.885948072848611048e+02 1.240157538443366736e+00 1.829564296207708551e+01
1.884716999239622339e+02 1.207010977491344228e+00 1.815801460220435715e+01
1.881864733978547122e+02 1.163370466340368781e+00 1.801998390656951443e+01
1.880859522069408456e+02 1.160616865619855442e+00 1.798823629290043513e+01
1.882494666282786682e+02 1.178733048376261472e+00 1.814022324098066719e+01
1.886713618142759117e+02 1.251659173624491528e+00 1.832042536856170400e+01
1.892550808731793381e+02 1.339157973999512752e+00 1.856508242346392734e+01
1.898142759063628091e+02 1.441067038734967776e+00 1.886540576853512974e+01
1.902738208609247010e+02 1.512782465543079491e+00 1.902797156335127227e+01
1.907179109546061966e+02 1.614746897585247254e+00 1.919565698846145452e+01
1.912551214758709364e+02 1.666205272444060581e+00 1.937168811227013165e+01
1.914548682627215612e+02 1.751275293631283203e+00 1.945788024420673423e+01
1.917165710657837394e+02 1.809063997224252374e+00 1.962411504588104094e+01
1.920182306085236235e+02 1.855247713330232751e+00 1.973345071202356493e+01
1.922946242036335605e+02 1.918185576447485996e+00 1.989211864844713062e+01
1.926433939420784043e+02 1.966908806354690453e+00 2.006093725776803183e+01
1.930163185908651258e+02 2.060940948921814009e+00 2.027920994544474809e+01
1.934837810702869376e+02 2.178496814534287118e+00 2.035766911021046965e+01
1.939109472238832552e+02 2.277870056622298911e+00 2.047581925158165816e+01
1.937063945548099468e+02 2.186270384396754807e+00 2.041156733771842369e+01
1.902178924988372728e+02 1.443388774463121749e+00 1.879823046087746263e+01
1.869982171727238551e+02 9.606670653112749925e-01 1.734023948205730292e+01
1.851808185502624440e+02 7.545751851113621234e-01 1.663142722152090158e+01
1.847301434382359275e+02 6.883964889745236571e-01 1.651510051011745261e+01
1.847627732376586209e+02 6.942986438701008733e-01 1.656385696040868538e+01
1.850948257406300002e+02 7.608390730774625688e-01 1.672073099609475832e+01
1.855993990801644884e+02 8.126444163916757280e-01 1.693372533386486012e+01
1.859255420459327297e+02 8.551591256394923679e-01 1.707687565979373900e+01
1.860506869237186152e+02 8.802774271181685872e-01 1.721198296163414909e+01
1.864384167903203320e+02 9.446290021334868836e-01 1.741970633180519457e+01
1.872108756154999014e+02 1.054093858658339489e+00 1.776065082423463792e+01
1.876022671066521923e+02 1.083630471212691626e+00 1.790216966019238143e+01
1.875897504041813306e+02 1.071073166050243941e+00 1.789146531422792208e+01
1.874299972685462023e+02 1.044843827283532312e+00 1.781719191784968004e+01
1.872875334972205508e+02 1.044168346141636894e+00 1.770904111207081044e+01
1.872698159590724742e+02 1.048405790682051419e+00 1.770405436331288485e+01
1.874549679238736530e+02 1.090865132623155320e+00 1.778904317911692701e+01
1.877673576506544464e+02 1.153563070744653363e+00 1.794987044050229130e+01
1.882317675458994870e+02 1.205615721362183423e+00 1.815407614112019274e+01
1.887058187348201272e+02 1.257886150052783591e+00 1.835610406100738956e+01
1.891460183524166041e+02 1.321300172007766172e+00 1.852566459223824324e+01
1.895627680700433473e+02 1.379269742135996957e+00 1.878513793841679203e+01
1.898767708310263629e+02 1.423593116736429520e+00 1.892977210816556877e+01
1.901283340346525392e+02 1.499055064632102807e+00 1.902143453000538997e+01
1.903692999357739382e+02 1.566411238825031971e+00 1.908172583586177495e+01
1.905577997770542993e+02 1.600960438213776760e+00 1.906372038771879218e+01
1.908440487527591358e+02 1.640850737123410008e+00 1.916050982216021126e+01
1.911099594711314751e+02 1.699074996862519393e+00 1.927857137584065939e+01
1.914179124310676912e+02 1.780723318494895180e+00 1.936316523819015245e+01
1.918390435482322971e+02 1.885005795111435845e+00 1.958248990469440898e+01
1.923006555489114646e+02 1.985914557172280936e+00 1.983127366952361825e+01
1.924976856465794128e+02 2.016314899711351583e+00 1.988484338434507848e+01
1.897332513897193849e+02 1.409618408522135935e+00 1.858922995149823976e+01
1.861724949984866271e+02 8.875748381429067191e-01 1.697299551893931024e+01
1.839801932688119734e+02 6.553680449434884370e-01 1.612128023977734870e+01
1.832429406683941124e+02 5.812275301013590800e-01 1.580944787721746003e+01
1.831342177337792236e+02 5.538797717390502307e-01 1.579945592393270282e+01
1.830996020936224227e+02 5.685484168641433689e-01 1.597514007928598367e+01
1.832631829557282970e+02 5.997977247728094596e-01 1.613949239253205903e+01
1.834524616304564404e+02 6.286957677230748942e-01 1.630829992839161591e+01
1.836349559645354077e+02 6.555858230165585443e-01 1.641949224488590531e+01
1.839298754604714361e+02 7.001195933824995166e-01 1.662893569271883010e+01
1.846172347352335521e+02 7.627067968905720807e-01 1.689251360190168327e+01
1.852259096848492845e+02 8.392022678448829431e-01 1.706553643537897003e+01
1.854372762238020300e+02 8.473634088543396947e-01 1.713560191644704389e+01
1.853700270930687566e+02 8.260469957699377863e-01 1.708540222502750083e+01
1.852219232387659815e+02 8.146634775098000603e-01 1.704519079573893237e+01
1.852344916173897502e+02 8.054983426719524164e-01 1.700637831373330755e+01
1.854159819576403265e+02 8.372717944174989935e-01 1.699779638119283476e+01
1.857175196923054159e+02 8.863862866254733630e-01 1.712098863862866338e+01
1.863344259148524600e+02 8.958393314582272504e-01 1.723403391432093912e+01
1.866853180667212939e+02 9.905469551672462236e-01 1.742410618711196690e+01
1.869604308314692958e+02 1.034438464775319533e+00 1.759050709070641361e+01
1.873029292996404820e+02 1.101802021275810395e+00 1.771251817893237046e+01
1.877904753467838930e+02 1.189773289334780326e+00 1.793214182889287400e+01
1.883245852988727336e+02 1.277810998161805323e+00 1.819140847045969522e+01
1.886231664193593645e+02 1.323238027742711820e+00 1.832352593773761740e+01
1.888397079559128713e+02 1.362493448202038993e+00 1.835607822293092539e+01
1.890342723628551767e+02 1.361419322451812075e+00 1.843942816645627047e+01
1.891093762688341258e+02 1.383034718992462775e+00 1.846848492901911243e+01
1.892896337637218664e+02 1.405085671679253467e+00 1.849853830310278369e+01
1.895918322149137509e+02 1.461767029137967855e+00 1.862662872160580108e+01
1.900265910718372311e+02 1.544858591898655709e+00 1.879538827246620869e+01
1.904112240604167994e+02 1.626772676603252643e+00 1.899640112506367373e+01
1.904647051875475370e+02 1.601790947814467847e+00 1.897857285230217173e+01
1.875729962571700753e+02 1.090961102621457401e+00 1.769095814969843161e+01
1.841142818122088727e+02 7.018027595065665647e-01 1.619101351700514613e+01
1.819824522549258461e+02 4.834783956769206914e-01 1.545211466200104766e+01
1.813630951062683039e+02 4.157420326445640524e-01 1.523233598358174845e+01
1.812017215541233952e+02 4.026938040292634691e-01 1.524572748949866785e+01
1.813396230593758958e+02 4.138410884474268969e-01 1.533345883256188280e+01
1.816921909950612246e+02 4.662702367506035284e-01 1.548321632375848012e+01
1.819845193010431217e+02 4.783403096139791644e-01 1.564604419049306472e+01
1.819986158173321940e+02 5.050937922175713357e-01 1.576159575960253711e+01
1.822616142153714520e+02 5.383031027838681704e-01 1.591665374762843399e+01
1.828672181250415179e+02 6.032194243276562950e-01 1.619997194723126555e+01
1.833473707911618931e+02 6.438553363010209862e-01 1.640044589137672659e+01
1.835099476594393764e+02 6.825238633091932350e-01 1.643587727651909347e+01
1.834080718150879648e+02 6.587159214227182868e-01 1.635631076561911712e+01
1.832563801593101971e+02 6.483253235296289052e-01 1.627706169394429381e+01
1.832437674868410227e+02 6.529503392170324938e-01 1.631747982784458628e+01
1.833932296857351787e+02 6.714245638901807922e-01 1.639901741486353970e+01
1.837461851925674807e+02 7.068005817258358192e-01 1.655087148140765763e+01
1.842744188278371951e+02 7.563875416177588962e-01 1.674672779217327800e+01
1.848000944935367897e+02 8.056533711307480861e-01 1.695763293690341555e+01
1.852003890476084962e+02 8.593116736429473601e-01 1.709793369211348235e+01
1.856163673140950436e+02 9.210683675503288370e-01 1.726698115296879621e+01
1.862052576794454524e+02 9.890483467322215283e-01 1.742073616371005329e+01
1.867023970352652782e+02 1.073236182165821395e+00 1.758054097549812056e+01
1.871051277508323665e+02 1.120176584796875874e+00 1.773912770653851112e+01
1.874087620608449924e+02 1.150263179264574553e+00 1.782747547228312612e+01
1.876864586332395675e+02 1.180061863737366989e+00 1.793627592112742519e+01
1.879765390265689291e+02 1.226821399833159854e+00 1.799556692430920180e+01
1.884334669531002078e+02 1.290733727548557086e+00 1.817113296274149548e+01
1.888986150791014325e+02 1.369477111155404936e+00 1.838938350349552309e+01
1.893318642541285612e+02 1.437907411098561239e+00 1.861923164942897913e+01
1.897091481555304426e+02 1.497870204268450189e+00 1.873338796240928872e+01
1.901643966070914473e+02 1.563288522726433927e+00 1.890646616319328999e+01
1.905195409681158196e+02 1.607050841952177400e+00 1.903499582899622666e+01
1.900154105670350475e+02 1.444625310979706034e+00 1.876364434995090846e+01
1.858254527200112136e+02 8.324179271956828607e-01 1.689411925379635093e+01
1.825989967444023705e+02 5.347559040004724595e-01 1.575772004813264537e+01
1.807715101986578929e+02 3.870506943060261773e-01 1.521585498195025821e+01
1.803974080718150788e+02 3.669006858163724738e-01 1.509515056216272022e+01
1.804973534427391257e+02 3.676721369565698616e-01 1.514615492510649020e+01
1.807909478144678417e+02 3.965258860614651049e-01 1.529108069600395758e+01
1.811848862017289434e+02 4.226297255996279145e-01 1.544591721480300350e+01
1.813393130024583115e+02 4.350356934570608347e-01 1.551221033670704763e+01
1.816009567470599961e+02 4.772957130939989301e-01 1.562501568740356817e+01
1.821245173816431588e+02 5.362766593581821395e-01 1.587442325722174274e+01
1.831441358639883674e+02 5.744542629135015455e-01 1.621197188817280477e+01
1.833495891745841959e+02 6.076340442495514749e-01 1.630607785381554464e+01
1.832539956739677791e+02 5.847931846536590372e-01 1.628676204608036215e+01
1.831066411238824969e+02 5.819915989339947693e-01 1.623843007847392883e+01
1.830059759779711896e+02 5.705416399058017562e-01 1.621193866778877890e+01
1.831095276061391246e+02 5.900161672535600976e-01 1.628272761499789567e+01
1.834193962748876174e+02 6.387393971607645549e-01 1.640166028097062423e+01
1.839466554455591734e+02 7.070331244140293236e-01 1.653436833285348229e+01
1.844952199558537984e+02 7.558043393203847105e-01 1.671212691663160044e+01
1.850087221963841557e+02 8.210417912431067222e-01 1.688454809204261053e+01
1.854540857381200283e+02 8.943628699458876508e-01 1.702343513535461028e+01
1.859518415166212719e+02 9.751843731313534214e-01 1.721758244191969567e+01
1.864994537092404414e+02 1.030802678301183439e+00 1.743819532109346682e+01
1.869872138433031523e+02 1.083863013900885131e+00 1.756669176651237763e+01
1.873563550594644767e+02 1.129987671546371919e+00 1.771766733845665343e+01
1.876692283273905844e+02 1.166592843591049755e+00 1.788689566584723067e+01
1.879505090101063729e+02 1.230793081301353231e+00 1.795993621686266550e+01
1.884541189585040399e+02 1.304221203463778789e+00 1.815884880295882908e+01
1.889830243837618866e+02 1.400844535985058315e+00 1.841512930111694146e+01
1.894987117873304783e+02 1.500406026915893420e+00 1.869959175839183985e+01
1.898807462036483287e+02 1.574945186366354388e+00 1.889280520305036859e+01
1.891206047586354657e+02 1.382739426689994833e+00 1.842579304438981680e+01
1.852015517610494726e+02 7.701444717589823741e-01 1.660458515122656920e+01
1.823712045711248493e+02 5.317439225152997828e-01 1.562234329206623329e+01
1.812782244073852667e+02 4.131508426904081932e-01 1.518496002480455331e+01
1.810847747288847529e+02 4.014941790504876207e-01 1.511746727792173317e+01
1.814502395558803869e+02 4.559682265482544739e-01 1.525535401855912099e+01
1.819774950353981637e+02 5.251699776316081092e-01 1.557562804981581195e+01
1.824927321182055096e+02 5.822795089289010129e-01 1.595500852656523350e+01
1.828928568792032934e+02 6.137871976022265530e-01 1.614911523043873132e+01
1.834365490665072116e+02 6.740821946123919384e-01 1.648054392842114524e+01
1.844249846817118055e+02 7.982193874161185310e-01 1.686281457858097355e+01
1.851402970640562842e+02 8.660295735240921555e-01 1.703439047977616738e+01
1.852108091747318497e+02 8.513793841679031527e-01 1.703357473479060147e+01
1.848159959840246813e+02 7.985885027942034586e-01 1.683559601060099453e+01
1.844949172812437723e+02 7.515041451656958582e-01 1.673085213976184704e+01
1.845685594903254980e+02 7.677046191098413352e-01 1.678618991724433229e+01
1.849348806649982748e+02 8.059486634332159172e-01 1.685832982673723990e+01
1.855093460013731033e+02 9.180490037575945728e-01 1.703085066330033470e+01
1.863260174665396960e+02 1.014299529747008322e+00 1.728581341955868567e+01
1.871338227803246639e+02 1.138433031396953954e+00 1.769055581393632082e+01
1.877398474815257714e+02 1.224241283340346431e+00 1.792503635786474092e+01
1.882323249101204112e+02 1.288090861441469448e+00 1.811506433681039852e+01
1.886948117142456454e+02 1.349146236130489562e+00 1.829825260780014773e+01
1.890474903845444032e+02 1.412715286544268034e+00 1.846210661528580488e+01
1.893168744786245270e+02 1.453731387357060090e+00 1.858024199204187354e+01
1.895265726160683357e+02 1.494717958939605351e+00 1.868098465218258042e+01
1.898397190293742085e+02 1.547017916860452313e+00 1.874132394303811466e+01
1.903246628131021225e+02 1.612993599539344070e+00 1.889200791383370515e+01
1.908643500985538140e+02 1.708074029780228598e+00 1.911459556028023243e+01
1.913343041067776937e+02 1.817682841302534325e+00 1.933363231678958272e+01
1.915821613920079187e+02 1.874334669531001918e+00 1.943273241349780989e+01
1.904413512575760876e+02 1.567101484582050563e+00 1.891743258107619141e+01
1.861581179545102316e+02 8.755084564333118768e-01 1.691080326888578966e+01
1.833671073904280888e+02 5.930576779689795686e-01 1.591338707653238238e+01
1.824549051742593804e+02 4.995053853933662524e-01 1.557968462782096353e+01
1.822409252984297723e+02 4.860179094781446607e-01 1.550899534176392791e+01
1.824180932976029510e+02 5.256941214684885955e-01 1.570718446171904326e+01
1.828211746727792217e+02 6.090588296089591847e-01 1.592910031817745597e+01
1.834457031278837178e+02 6.593544910268052117e-01 1.628379066728678026e+01
1.841316007057486104e+02 6.988498364818874764e-01 1.650629710835012887e+01
1.847689079352423960e+02 8.048007146073720142e-01 1.680311016617574182e+01
1.858957138322296885e+02 9.632028879587181125e-01 1.730151927889619756e+01
1.863869104304623647e+02 1.012919038232970914e+00 1.747552395927919022e+01
1.861627208232749524e+02 9.689315586265955238e-01 1.735796440251293760e+01
1.855699362906857459e+02 8.762429960357008829e-01 1.711071984881034069e+01
1.852223477214507739e+02 8.390915332314574648e-01 1.701268280439099811e+01
1.852403605519013183e+02 8.525014949172812218e-01 1.700428542953956423e+01
1.855023918676499761e+02 8.796499309754243212e-01 1.711062018765825954e+01
1.859713751024295050e+02 9.526609527606139105e-01 1.734163104703268132e+01
1.866541684199647193e+02 1.045511926117866031e+00 1.756996212876221009e+01
1.873390361659247390e+02 1.139868890217704323e+00 1.780074413660221921e+01
1.878806760717264979e+02 1.227098236366723549e+00 1.802868026487719533e+01
1.884539085627385475e+02 1.335230586376689565e+00 1.823840793155124373e+01
1.888542326460404865e+02 1.389461017724920477e+00 1.836885330616644296e+01
1.890895584641847336e+02 1.441380786806339964e+00 1.840615610627569865e+01
1.892678596475686277e+02 1.488642319816328108e+00 1.851568371241482680e+01
1.894680752109494506e+02 1.475752810813604210e+00 1.856711994035095614e+01
1.897331443462597633e+02 1.506223285274511214e+00 1.862628544430418032e+01
1.901719044138816912e+02 1.580349035501517063e+00 1.886446821547479402e+01
1.906633593928790162e+02 1.652898663064100493e+00 1.904646055263954452e+01
1.910104533475073652e+02 1.741371928037265926e+00 1.926171756767730514e+01
1.904869443890771379e+02 1.562247617360234431e+00 1.896384145756280404e+01
1.863857366435600511e+02 9.186912645154622359e-01 1.703034497523235657e+01
1.831216788843856875e+02 5.931462656597199512e-01 1.573751836349005906e+01
1.816466495397131098e+02 4.650300090802382824e-01 1.528453258919673097e+01
1.813896972515669006e+02 4.379258668674654298e-01 1.514623982164344973e+01
1.813602418443957163e+02 4.385792010866756963e-01 1.523545869968034694e+01
1.816535261592068480e+02 4.803003122716098527e-01 1.544841612591263846e+01
1.819913442443838960e+02 5.208033427088639700e-01 1.560254394318576132e+01
1.822574764319831218e+02 5.466303457134631394e-01 1.577967503082113332e+01
1.826095534442156065e+02 5.721399094929092710e-01 1.593990063414021918e+01
1.833305280564598831e+02 6.540244649672594113e-01 1.623947467499391095e+01
1.840912637772314895e+02 7.511830147867620822e-01 1.666030680870226277e+01
1.843460530492621388e+02 7.568673916092691911e-01 1.667700189725304227e+01
1.841496689035058694e+02 7.330779054916986004e-01 1.655715751629644217e+01
1.838003344185325432e+02 6.734731542385519187e-01 1.641120929580168308e+01
1.836069216515698486e+02 6.617685055994803056e-01 1.628773651067850636e+01
1.836668364597405798e+02 6.983478395676920858e-01 1.630343129655467749e+01
1.839799275057397381e+02 7.343698093149957362e-01 1.643715810688104995e+01
1.845312013229095101e+02 7.912615625392185326e-01 1.667405635653592455e+01
1.850367565093496864e+02 8.492643530514768502e-01 1.682859020072494260e+01
1.855044552226134726e+02 9.113126481075454199e-01 1.703140802752124117e+01
1.859381510272480966e+02 9.739847481525775175e-01 1.727751570585933649e+01
1.863823961493883701e+02 1.038997039694667723e+00 1.745299315660088979e+01
1.867966949409046151e+02 1.086542791545781483e+00 1.764293623900958963e+01
1.871089702419182288e+02 1.109989000361732980e+00 1.774172258764644639e+01
1.874484456551428764e+02 1.153740246126134128e+00 1.781209812563211159e+01
1.877360529754390654e+02 1.211285333569567246e+00 1.790565410936150315e+01
1.880754471832805450e+02 1.245203345661787031e+00 1.798089458803032770e+01
1.884248148886378829e+02 1.300194154688872672e+00 1.812267180475273065e+01
1.889368369765021214e+02 1.401560619818542852e+00 1.838533061664415058e+01
1.894750219623649912e+02 1.502572734185251724e+00 1.858160033663322608e+01
1.893343520917768501e+02 1.445444747119054574e+00 1.837757550255058803e+01
1.856255435223942243e+02 8.656530758384455293e-01 1.672844181634295424e+01
1.821926228600536035e+02 5.292745406359119498e-01 1.544631216825755438e+01
1.803523538487660574e+02 3.986925933308233527e-01 1.476694793258476679e+01
1.799603053322407504e+02 3.675060350364316997e-01 1.475883108542068101e+01
1.799496342066603063e+02 3.749289452897186514e-01 1.484834156460626531e+01
1.801897917451036903e+02 3.973600868159369304e-01 1.505895510818771754e+01
1.805588702116507704e+02 4.071158062587203474e-01 1.522875556441432465e+01
1.806793236329812089e+02 4.400482802914534863e-01 1.529705298282136994e+01
1.806876176555267648e+02 4.375530603355997084e-01 1.535431016026989681e+01
1.809013649886681492e+02 4.656132113776124126e-01 1.553034497523235835e+01
1.815011553311334183e+02 5.105493175056659005e-01 1.580450542230490463e+01
1.819726891531755086e+02 5.576964247484478276e-01 1.598135229109915123e+01
1.820121069844011856e+02 5.450985168944108006e-01 1.595676182461113690e+01
1.818909153323145631e+02 5.249817287887847961e-01 1.582472556271639341e+01
1.817196494880369642e+02 5.077588052473441804e-01 1.570516170944713963e+01
1.817149100465823608e+02 5.166471035516281285e-01 1.566686968012461278e+01
1.819126599192375693e+02 5.323455805815782149e-01 1.571999276533859025e+01
1.823903432034785510e+02 5.753881248200563014e-01 1.591630308801925331e+01
1.829621546002849470e+02 6.450697258949202872e-01 1.610408684546615632e+01
1.833767929779490373e+02 6.879535505208217439e-01 1.629245749636421436e+01
1.838387777851600902e+02 7.446939664400298309e-01 1.644246598601791121e+01
1.844624831129714551e+02 7.930074782775600184e-01 1.664128629326955178e+01
1.849742209819945629e+02 8.558567537040727702e-01 1.685094751917554490e+01
1.854396127241453200e+02 9.087805166138831492e-01 1.699700647428373301e+01
1.859460021113399648e+02 9.643434544770004280e-01 1.717918336913752597e+01
1.862523937132268941e+02 1.002207309960947645e+00 1.729754759742800374e+01
1.864127079042366972e+02 1.005765582205685904e+00 1.733686576750160668e+01
1.865727563321743219e+02 1.042518400401597489e+00 1.739667722336648126e+01
1.868020102023490381e+02 1.084630773887301780e+00 1.745118818240205627e+01
1.871120043703260762e+02 1.127957536966905039e+00 1.756034667316309594e+01
1.874861618644756049e+02 1.190622254704375438e+00 1.773681335311791685e+01
1.878009729881366354e+02 1.228508257111007751e+00 1.789117002192545414e+01
1.863974006895075206e+02 9.683741944056872830e-01 1.718373087059553228e+01
1.824300378712378006e+02 5.428653688569973212e-01 1.561545559911117032e+01
1.798825327220782810e+02 3.535276356683572097e-01 1.474917871828376192e+01
1.787498172878878506e+02 2.864556803165533294e-01 1.437361858569751760e+01
1.785968263459792240e+02 2.711964505865243624e-01 1.428561040610073896e+01
1.788085398533873729e+02 2.954768601569478514e-01 1.438488029588288697e+01
1.791103359688171395e+02 3.277043238175388895e-01 1.459381067334027193e+01
1.793869251950774810e+02 3.442480750633032938e-01 1.484199647125698540e+01
1.795596232070220424e+02 3.522431141526218279e-01 1.491784229914586746e+01
1.798168375670867078e+02 3.817575797842889807e-01 1.503540185591212186e+01
1.804541374142729637e+02 4.332307192582257604e-01 1.532929521109708482e+01
1.811986505141777286e+02 5.042669737706612088e-01 1.564984238773355862e+01
1.814889671413490362e+02 5.184594600580249013e-01 1.571559660118559876e+01
1.813339682117836276e+02 4.994610915479960611e-01 1.563959943599170188e+01
1.812047372267623473e+02 4.716962328084512435e-01 1.559386234949320382e+01
1.811214980178504277e+02 4.757712665825083453e-01 1.555375796366428176e+01
1.812095615647538978e+02 5.024841464945112302e-01 1.561554418680191070e+01
1.815790571316782120e+02 5.387091296997615908e-01 1.570273662141312165e+01
1.819168678345477304e+02 5.624949246635513322e-01 1.587339342531688580e+01
1.823170553451597868e+02 6.099114861323352565e-01 1.598221971223765081e+01
1.827172576203869880e+02 6.458411770351176751e-01 1.605730516244767614e+01
1.832591448334920585e+02 7.106873666570696635e-01 1.622254335260115710e+01
1.837653238249211824e+02 7.565278054614311687e-01 1.638941303272576988e+01
1.840663558715183115e+02 7.838571080548357717e-01 1.645031707010977584e+01
1.843438199012247196e+02 8.273721199772624546e-01 1.655976716201950438e+01
1.846701474246819998e+02 8.584110321204202476e-01 1.669880554263651717e+01
1.850254209760886965e+02 8.941635476417219008e-01 1.685847747288847387e+01
1.853756597937383219e+02 9.510368450970404508e-01 1.693693294650041636e+01
1.856631895998050936e+02 9.659269594489845456e-01 1.700998826213097814e+01
1.858064174399633828e+02 9.946662827866734613e-01 1.704904436028613901e+01
1.861031825127898571e+02 1.038347396629238473e+00 1.718322149137377508e+01
1.866549361799511360e+02 1.093386190655475154e+00 1.738495411895850395e+01
1.871000228851534359e+02 1.114566031049985639e+00 1.758340531083205960e+01
1.872232299072043986e+02 1.124055987420548020e+00 1.765046619272252215e+01
1.850706634479805643e+02 7.639691714836223113e-01 1.658930746572763582e+01
1.808500542599605865e+02 4.119475265578514400e-01 1.514784547353811917e+01
1.782877328195247344e+02 2.648735041599303286e-01 1.429918277855291997e+01
1.773575509932894931e+02 2.081072501642563521e-01 1.405440022442214953e+01
1.772082438228541434e+02 1.954650484648491338e-01 1.397092478166825380e+01
1.773656087819930747e+02 2.155301604175433039e-01 1.407699746786850703e+01
1.777479421817671721e+02 2.357613742903756915e-01 1.421897769804885669e+01
1.780114942528735753e+02 2.554130770196147981e-01 1.436744328542215676e+01
1.781188883721273726e+02 2.737248909264057839e-01 1.442951003624713024e+01
1.782447419514391811e+02 2.793502092884193599e-01 1.451893931004953586e+01
1.787220487379945268e+02 3.302586022338862559e-01 1.472362855181272501e+01
1.793170036690068514e+02 3.786274813781291826e-01 1.500476527953107642e+01
1.796824574225411482e+02 3.889147269653548400e-01 1.511306742261496083e+01
1.796620601067481573e+02 3.765235237230453724e-01 1.503956547737691807e+01
1.795421751230999803e+02 3.514495160897393444e-01 1.496449110062823351e+01
1.795387128208535330e+02 3.621538620542009146e-01 1.496160461837161115e+01
1.796453465624284718e+02 3.857957020205375898e-01 1.503675281819591092e+01
1.799581718453554231e+02 4.067577643419780231e-01 1.509591093984157517e+01
1.803537085022036308e+02 4.461903601827859611e-01 1.524650263179264620e+01
1.808006149462198948e+02 4.621103064395868931e-01 1.535320650528942288e+01
1.812914018263828950e+02 5.174370104607297627e-01 1.554596593803291071e+01
1.817442141164485179e+02 5.444857853667899317e-01 1.571566673310743489e+01
1.821871304232276998e+02 5.913560560760082740e-01 1.583231457488981953e+01
1.825725053337172028e+02 6.311503849873393301e-01 1.591895333643390309e+01
1.829886976871230502e+02 6.579260145136166527e-01 1.606324792003484347e+01
1.833869178127699229e+02 7.103736185856974750e-01 1.622434094449242892e+01
1.836794085295181560e+02 7.460818402616289369e-01 1.628361349190529950e+01
1.840171675562347389e+02 7.615736126798514638e-01 1.643804398378845377e+01
1.844203006075639166e+02 7.863634014720320975e-01 1.655503879402623824e+01
1.848219941089185738e+02 8.435725939214079316e-01 1.672178297492230215e+01
1.852024671671871090e+02 8.921112661395699250e-01 1.688283539668829647e+01
1.855474091791612352e+02 9.451457636628056713e-01 1.703035604869370090e+01
1.858803438678862108e+02 9.834045726013037614e-01 1.708459755350327569e+01
1.861672461778102559e+02 1.047855808768704877e+00 1.713495227338161442e+01
1.864715744247336886e+02 1.083412693139621519e+00 1.728979617448822026e+01
1.869100908762060840e+02 1.167567308189193742e+00 1.740266058364523616e+01
1.872315571501339946e+02 1.205445928288264357e+00 1.752383747111672108e+01
1.860385319543182732e+02 9.503945843391727877e-01 1.698461157988764114e+01
1.812792505481363321e+02 4.544253242678596427e-01 1.519417314464155133e+01
1.781935936334979544e+02 2.668851829704929068e-01 1.416990380853247089e+01
1.769139481319070626e+02 2.000826818446910238e-01 1.377973039812784606e+01
1.765485091429879105e+02 1.729010254025203086e-01 1.364231243402062610e+01
1.764661521198296157e+02 1.716903269624019124e-01 1.368653983862275680e+01
1.766428624159339620e+02 1.962254261437040015e-01 1.386622151352069565e+01
1.769470983840128611e+02 2.139134350615315427e-01 1.406414856155737247e+01
1.771861338117068669e+02 2.227352925977602038e-01 1.422760392443469968e+01
1.773256704980842926e+02 2.219195476121926247e-01 1.430014616968972163e+01
1.776259015643109649e+02 2.473442148546792785e-01 1.441638798455621284e+01
1.782419219099506051e+02 2.963332078341047726e-01 1.464829948545316363e+01
1.786366760421972799e+02 3.329273064174399499e-01 1.475037096095497446e+01
1.786682464804848678e+02 3.258107619279634326e-01 1.473363157855882655e+01
1.785749931713654917e+02 3.083368399294251216e-01 1.470532412021349700e+01
1.784275537247432908e+02 2.960637536081028309e-01 1.465136314309126675e+01
1.784791560545995424e+02 2.966321912903535640e-01 1.465813271912534432e+01
1.787503377405709557e+02 3.260027019245675950e-01 1.471167659587033683e+01
1.792202696018721610e+02 3.597509209428683130e-01 1.492071032563358735e+01
1.797503525051860720e+02 3.995194117777334797e-01 1.513262684649967937e+01
1.802462294864128580e+02 4.226297255996279145e-01 1.529138337061398722e+01
1.806669471943540088e+02 4.569205442237134207e-01 1.537685203640954157e+01
1.811062720085044191e+02 5.048944699134055858e-01 1.546832251825275506e+01
1.817254888933182713e+02 5.201573907972153465e-01 1.561853033021061776e+01
1.820530751002148122e+02 5.708516968233930955e-01 1.575934415579621906e+01
1.825501812356506264e+02 6.376025217962630887e-01 1.600049461460663380e+01
1.830639713861758935e+02 6.787662687602891154e-01 1.609852427671841824e+01
1.833996928960054333e+02 7.261496098450453962e-01 1.620894883322629099e+01
1.836801725983507936e+02 7.434057537705135443e-01 1.629948914431673046e+01
1.839774027565536301e+02 7.797340892816276847e-01 1.645103315394326060e+01
1.845023660295735226e+02 8.705217076753851702e-01 1.656171609121579280e+01
1.851266767066049397e+02 9.358957322879986052e-01 1.672905454787057167e+01
1.855783853416901081e+02 9.941126097195461808e-01 1.693848692224215569e+01
1.859328025454196336e+02 1.029562450630818082e+00 1.709149262876589859e+01
1.862659513210639375e+02 1.066038432293166194e+00 1.722061287917377115e+01
1.866615248894499359e+02 1.132268804582936550e+00 1.741210624617042768e+01
1.868452040838925541e+02 1.142544976708819604e+00 1.742963184432189649e+01
1.847846543972715097e+02 8.217061989236595920e-01 1.652028658117954407e+01
1.799246524778715468e+02 3.519404395425922427e-01 1.467304498039997362e+01
1.770146391158948518e+02 2.091038616850855181e-01 1.384651813463852577e+01
1.757991790873991533e+02 1.384182667818306678e-01 1.343768225071792877e+01
1.755211946050096401e+02 1.330660937995998827e-01 1.339433703186942104e+01
1.756623332521279508e+02 1.460220435703792341e-01 1.348772322252489708e+01
1.760988454070973432e+02 1.734694630847710417e-01 1.367888807683505625e+01
1.766621745325153654e+02 2.054717663647302739e-01 1.393147373005854206e+01
1.770093533836806614e+02 2.232151425892705543e-01 1.408186240855166460e+01
1.773524756568408236e+02 2.458086948818461737e-01 1.418734451014698195e+01
1.782285230217261187e+02 2.957020205375796573e-01 1.448877889250621998e+01
1.791364951756620201e+02 3.620984947474881754e-01 1.484147970972766650e+01
1.794207620017865281e+02 3.554101240965901187e-01 1.490903151507098023e+01
1.791612406706088052e+02 3.405827593589204061e-01 1.483216692873858555e+01
1.788215991554640141e+02 3.234447323544393238e-01 1.470864246746247872e+01
1.787499058755785768e+02 3.196022412685757264e-01 1.467237688156563991e+01
1.790202459784879636e+02 3.423102193283576455e-01 1.477713920817369164e+01
1.795599923224001486e+02 3.885788319712976113e-01 1.493742017879948847e+01
1.802622896965133350e+02 4.525059243018182409e-01 1.517516370267018111e+01
1.811384588694734248e+02 5.181530942942145224e-01 1.552035671310138198e+01
1.817780029381584086e+02 5.752183317461372347e-01 1.580373397116470713e+01
1.823318864010512357e+02 6.257613004673000523e-01 1.599484345816815356e+01
1.828281952472704006e+02 6.981965022626772654e-01 1.616135509637602397e+01
1.834211311171646059e+02 7.232520541270790471e-01 1.627082733520844116e+01
1.839748300223683941e+02 7.788555946817856679e-01 1.638423065281745750e+01
1.844332233369506753e+02 8.250799134793553868e-01 1.652798263681261659e+01
1.848727179441749797e+02 8.892358573442886716e-01 1.671481407658405871e+01
1.853207132785566102e+02 9.438169483017001538e-01 1.689271661535962821e+01
1.856414966890350513e+02 9.940314043363674967e-01 1.695623398962047546e+01
1.859275832539735234e+02 1.011051314419861402e+00 1.705073490871776798e+01
1.862852818934142363e+02 1.059446031640570274e+00 1.713540997645043973e+01
1.867583881469669791e+02 1.132213437276223811e+00 1.735937811441100109e+01
1.871330070353391193e+02 1.200429650300090856e+00 1.752291837382529138e+01
1.873361976686672676e+02 1.222144707992824486e+00 1.754979735565743226e+01
1.848112085575709216e+02 8.347691921540835169e-01 1.643730575303228392e+01
1.802177596173011693e+02 3.936357126510604543e-01 1.464089872212256083e+01
1.777137436419876053e+02 2.481193571486575156e-01 1.393889664031182818e+01
1.769721096420319100e+02 2.129094412331406505e-01 1.366489860400563927e+01
1.767998545685410363e+02 2.067821259569316283e-01 1.374448357067452164e+01
1.770860444857853793e+02 2.283606109597738076e-01 1.393203478543323115e+01
1.774925032666710933e+02 2.736399943894462505e-01 1.417567677304571916e+01
1.781734768453923436e+02 2.894713529555068554e-01 1.447856916114839265e+01
1.788469942934762571e+02 3.422327050989598107e-01 1.473548822891059373e+01
1.797158918934880774e+02 4.006489048346732473e-01 1.515166950885507724e+01
1.809306173823813708e+02 5.074967333289039928e-01 1.553074731099447092e+01
1.813870248562295728e+02 5.448622830524365579e-01 1.566870418355369488e+01
1.811605873363895967e+02 4.923002532131493525e-01 1.548071372149506431e+01
1.809316250673635693e+02 4.584302261200806083e-01 1.541418805690282667e+01
1.808668453185096610e+02 4.429679829321049311e-01 1.539182335614466446e+01
1.809358662030577420e+02 4.392509910747901536e-01 1.543189452158955888e+01
1.813239172000383803e+02 4.952827054680752350e-01 1.550912822330003848e+01
1.820571169136048582e+02 5.665773407451700772e-01 1.577928376852036330e+01
1.828097763899039592e+02 6.383518260137753808e-01 1.604890040528868411e+01
1.834531408027521309e+02 6.933463261946418710e-01 1.631522453288448915e+01
1.840888239245823570e+02 7.930665367380536068e-01 1.657750684709026245e+01
1.846095460619080200e+02 8.536014587439741952e-01 1.674270443455215229e+01
1.850077809521700374e+02 8.731165887833218786e-01 1.690261998095364504e+01
1.852421618349463586e+02 9.007817863707837658e-01 1.699605415660827390e+01
1.854706848566725057e+02 9.222643013753238916e-01 1.703523575399198364e+01
1.856446341697487696e+02 9.573376446009493890e-01 1.698233782915863799e+01
1.858151802390391083e+02 9.729770631704057759e-01 1.699200865206446309e+01
1.862098974597479639e+02 1.026506175300275325e+00 1.717710894071268868e+01
1.867584693523501471e+02 1.087971268058969931e+00 1.741854361836422882e+01
1.872762127285747056e+02 1.173495301161237014e+00 1.762701629275278847e+01
1.875183450342908316e+02 1.206771052495589025e+00 1.773344702086978231e+01
1.856363955145099283e+02 8.777157663942595223e-01 1.682018544356595058e+01
1.810116714282550561e+02 4.064071047327973973e-01 1.505196037177300816e+01
1.783343262537003682e+02 2.593773761802464217e-01 1.427608722934614960e+01
1.777001934164581201e+02 2.219822972264670624e-01 1.401278246554307927e+01
1.774090647354550185e+02 2.173388257701592274e-01 1.396502262677267581e+01
1.776873555836083369e+02 2.331960224126857495e-01 1.414720321278025139e+01
1.784123166419359450e+02 2.869945887685572683e-01 1.444926509128223380e+01
1.790671088668896118e+02 3.297233849356631663e-01 1.471001557666895465e+01
1.795910459991584105e+02 3.745745945267571764e-01 1.497608501465388109e+01
1.803810230401819013e+02 4.397751349116706954e-01 1.534440679467587998e+01
1.815128932001564976e+02 5.344679940055662160e-01 1.577795495315925933e+01
1.820628640400416316e+02 5.915184668423655312e-01 1.596366797333510590e+01
1.819674181855764346e+02 5.671568518887634136e-01 1.590153847289585798e+01
1.814971245912047095e+02 5.134616378387556468e-01 1.568311444791412868e+01
1.811352180364538356e+02 4.771775961730117532e-01 1.544118884680973558e+01
1.811885515174333250e+02 4.805734576513926992e-01 1.539055359924405231e+01
1.815057065237452036e+02 5.312160875246384473e-01 1.550010335230586378e+01
1.820440723761433333e+02 5.843244081234912901e-01 1.567249868964040793e+01
1.826951070065481133e+02 6.268501908326504779e-01 1.594957145704604429e+01
1.832176710296104432e+02 6.890978081928849086e-01 1.614354158822964891e+01
1.836999719472312620e+02 7.323913508884607459e-01 1.632187968315135862e+01
1.842240825637277624e+02 7.992049254756051768e-01 1.653478912438449910e+01
1.845837854996714782e+02 8.437682250717929433e-01 1.665815486604802942e+01
1.849007374925254226e+02 8.627813581969452361e-01 1.680067400468038130e+01
1.852109309828066159e+02 9.120287319410301796e-01 1.691212470193933370e+01
1.854958585254578907e+02 9.373574291852146967e-01 1.698465956488679396e+01
1.858071150680279686e+02 9.844380956599413368e-01 1.712238020360404178e+01
1.862509467809447870e+02 1.058637668962564282e+00 1.730864320569323667e+01
1.867062764378889597e+02 1.124321750492768945e+00 1.741492628765899653e+01
1.871627134409673658e+02 1.169449796617426651e+00 1.759756457673539742e+01
1.864634391218006897e+02 1.025110919171114521e+00 1.719548719538753545e+01
1.819349397234587684e+02 4.959914069939981851e-01 1.538968617810555273e+01
1.786344096737758207e+02 2.830672011457341375e-01 1.435997608132350045e+01
1.774605821687743230e+02 2.149912519655393928e-01 1.399815073195579451e+01
1.769702086978347779e+02 1.889944558870211566e-01 1.388397596320657890e+01
1.770756501967385077e+02 2.068485667249868876e-01 1.394293107139429644e+01
1.775187879727445193e+02 2.385260484722314389e-01 1.415566333724595616e+01
1.781710296104356246e+02 2.809853904133354230e-01 1.441731446415520601e+01
1.785973209605858472e+02 2.959271809182114077e-01 1.456776958341638384e+01
1.789526351146841421e+02 3.283539668829682512e-01 1.474744387600676276e+01
1.797245808694881930e+02 3.934105522704287039e-01 1.504783366184602045e+01
1.807720897098014916e+02 4.568356476867539429e-01 1.531179175986829932e+01
1.808877003373714558e+02 4.652440959995275405e-01 1.535003949534545420e+01
1.806655334824559418e+02 4.401885441351257588e-01 1.528972604256638590e+01
1.803334034652551736e+02 4.058792697421360063e-01 1.508945142072509071e+01
1.801459888231863431e+02 4.030813751762525876e-01 1.502803062181176585e+01
1.801698521323795319e+02 4.029521847939228629e-01 1.505057249795140883e+01
1.805386131597014696e+02 4.451716017392716718e-01 1.524194774802707819e+01
1.811730929653991211e+02 4.921858274459430804e-01 1.550400490185222147e+01
1.816879166389830118e+02 5.500926479598993168e-01 1.578181220886024505e+01
1.821419913036417029e+02 5.830952539144685920e-01 1.593578868882835309e+01
1.825377383562554030e+02 6.152046006540724532e-01 1.605334455444082664e+01
1.828649111539284888e+02 6.556153522468053385e-01 1.615505798802589865e+01
1.832534456920544130e+02 6.857831520976827022e-01 1.625167762939339511e+01
1.834762843369580594e+02 7.101595316664083279e-01 1.628214072154674241e+01
1.836805933898818068e+02 7.488354409821421642e-01 1.633910629784658042e+01
1.839131766807668669e+02 7.596283746373441170e-01 1.640641817819414072e+01
1.841368052325796043e+02 7.936386655740851337e-01 1.646280793450416624e+01
1.845373840054924415e+02 8.506448445655142576e-01 1.658940712687972052e+01
1.849049232609129092e+02 8.800338109686325350e-01 1.669476003809270637e+01
1.852173019142323369e+02 9.026605836452358256e-01 1.677652278549228981e+01
1.843311555526026382e+02 7.544976708819642885e-01 1.635776138905498911e+01
1.798164684517086300e+02 3.541071468119504906e-01 1.475061457710451052e+01
1.768106511933500258e+02 1.820587779328062261e-01 1.380610000073823151e+01
1.752781727312323312e+02 1.207560959404690715e-01 1.324481577451479808e+01
1.748905794373205254e+02 1.109117888069452718e-01 1.310031817745590921e+01
1.750136720336042515e+02 1.216678109243387318e-01 1.314427612783203791e+01
1.753807092921105379e+02 1.487350415993031194e-01 1.328974080718150930e+01
1.756242553097247026e+02 1.472216685491550825e-01 1.346237976066558950e+01
1.758235960696594589e+02 1.619789013649886589e-01 1.359001616725356065e+01
1.759816328187864940e+02 1.861670320908909715e-01 1.369518452077750403e+01
1.766430285178541055e+02 2.127581039281258579e-01 1.405383916904746044e+01
1.774582604330461493e+02 2.391720003838800068e-01 1.437694062410028195e+01
1.777899844233310489e+02 2.587831004215297437e-01 1.445579843347433524e+01
1.777078747074760656e+02 2.501051978827542044e-01 1.439521921762304402e+01
1.774698728028407118e+02 2.353553473744823266e-01 1.433501280830362035e+01
1.774767531134882006e+02 2.411061649650447780e-01 1.430541344613499355e+01
1.775483947172207024e+02 2.432285783890328346e-01 1.435260115606936360e+01
1.777986254143320082e+02 2.673355037317564631e-01 1.441213208424689363e+01
1.781902863597103135e+02 2.968758074398895608e-01 1.450766283524904132e+01
1.787550882554868963e+02 3.454403177345174436e-01 1.469326512081146241e+01
1.793731793383975912e+02 3.961936822211887255e-01 1.483705401634442822e+01
1.799249403878664282e+02 4.320975350475051435e-01 1.502292575613285130e+01
1.804180969887567585e+02 4.567396776884518617e-01 1.519699687728390103e+01
1.808192700374283106e+02 4.972500904332676219e-01 1.526349301264589364e+01
1.811190175625096970e+02 5.261813537675607000e-01 1.541165223425538322e+01
1.814198945806480197e+02 5.525029713787935615e-01 1.547464915583313072e+01
1.816367683210417852e+02 5.748270694453672114e-01 1.557145704604345227e+01
1.819758229427354479e+02 6.066632708051883371e-01 1.571781867576167002e+01
1.822674720764216545e+02 6.238529739626011983e-01 1.580148605851216992e+01
1.826130711137687399e+02 6.649908828501612801e-01 1.594375788984120668e+01
1.831103618068935930e+02 7.123336212433282189e-01 1.614627673318125645e+01
1.835371108601126480e+02 7.538923216619051182e-01 1.623764386271860971e+01
1.828965960179833132e+02 6.401383444437062087e-01 1.592507696055633026e+01
1.785731549767826323e+02 2.924353494415284360e-01 1.439418200341062537e+01
1.753184469101351795e+02 1.477125920020079808e-01 1.332857174495603836e+01
1.736061908031212511e+02 9.465225640230623405e-02 1.266996286699296448e+01
1.733016373958171812e+02 8.759107921954244202e-02 1.255142515447478502e+01
1.733369026790394116e+02 8.174798278445877253e-02 1.264260403516931319e+01
1.735907654714710588e+02 9.420562679482352708e-02 1.283230719258225783e+01
