2.292140622861621750e+02 2.016088898473431326e-02 3.248715055012047515e+01
2.292066658303231748e+02 3.330582385362192144e-02 3.249989372908277119e+01
2.290604722990598532e+02 2.226608993526286648e-02 3.243852097839745596e+01
2.284353722488792187e+02 1.906863131352927107e-02 3.237873140518146187e+01
2.281526024451642058e+02 1.854868141119483602e-02 3.215024012043345891e+01
2.279027771441842276e+02 1.757669131460753292e-02 3.223836514894517080e+01
2.277152478548826480e+02 1.665083834793824186e-02 3.229102161083901024e+01
2.277150970020196610e+02 1.654456743071136202e-02 3.461512147025036512e+01
2.278364697941765655e+02 1.451816247734615158e-02 3.486607790850540312e+01
2.277023973682136955e+02 1.532322947467952903e-02 3.468076994057123130e+01
2.280981098291785827e+02 1.536003549967030098e-02 3.485348972956384017e+01
2.280227124277876101e+02 1.484215917620858478e-02 3.478051271311206705e+01
2.282717041500607422e+02 1.436575443020126144e-02 3.491144003831973919e+01
2.285183029623147775e+02 1.362704195679491012e-02 3.509062731981636318e+01
2.285188757884783683e+02 1.354720917019520618e-02 3.507750674949922853e+01
2.286582436164874537e+02 1.727239361503593584e-02 3.499524787561844619e+01
2.288749631939750202e+02 1.277894819785260240e-02 3.501901679184171456e+01
2.294625890083731008e+02 1.253789465389894969e-02 3.489361348075096458e+01
2.298033106760281896e+02 1.632269449133036746e-02 3.480857341920714987e+01
2.298298659638616641e+02 1.693388186406446366e-02 3.473857665399018657e+01
2.300691051263016789e+02 1.296245992808828414e-02 3.457987633175603293e+01
2.300741299263050053e+02 1.667883166271995343e-02 3.442283228064646039e+01
2.298012531673917351e+02 1.735274479635381950e-02 3.156071698136682002e+01
2.300435944038253524e+02 1.697172467849159677e-02 3.412034066827300194e+01
2.300337049877866207e+02 1.295001845485196749e-02 3.156653492528895200e+01
2.297833955061398683e+02 1.644866440784807995e-02 3.126626981823007512e+01
2.299282676492665871e+02 1.794578835395161873e-02 3.151015327895026985e+01
2.298076537869770846e+02 1.721485180131796661e-02 3.122585213723774444e+01
2.297945539524486946e+02 1.708836349008207092e-02 3.131108452322201074e+01
2.297516707861767031e+02 1.675866444931965737e-02 3.113951297853016342e+01
2.299023940504874872e+02 3.980442004072509005e-02 3.142226930398251383e+01
2.301532945021129706e+02 1.132329582920345475e-02 3.179489194580494171e+01
2.301719722638090104e+02 1.517445019056189864e-02 3.161620336002720677e+01
2.302605047505691971e+02 1.072454992970567692e-02 3.185657677011060329e+01
2.302622792156895173e+02 1.460939994774581273e-02 3.201190026915053721e+01
2.304668102965632386e+02 1.497953377652625796e-02 3.195665390724467159e+01
2.306283348332220555e+02 1.025177394672561158e-02 3.466491587490513382e+01
2.306872213628389829e+02 1.440826279709201373e-02 3.237417782597696458e+01
2.310644115805232843e+02 1.478358057305425785e-02 3.510339434493570110e+01
2.310033534954318952e+02 1.027821207735278575e-02 3.520010191640159292e+01
2.310401652227645855e+02 1.398680789121175758e-02 3.513102011786222079e+01
2.312243389430553862e+02 1.461199192133671131e-02 3.520243987658058415e+01
2.312224058491512722e+02 1.033730907522529413e-02 3.511360672088384405e+01
2.313752394983598037e+02 1.420246009397459382e-02 3.533622459347486000e+01
2.314688719523574605e+02 1.472292839102721032e-02 3.551857511954182200e+01
2.315531193883771834e+02 1.030827897100721965e-02 3.546863971152370709e+01
2.316669868618042756e+02 1.402776107394796898e-02 3.557009163145038855e+01
2.316526978297923449e+02 1.483542004487224675e-02 3.554862024061809223e+01
2.318494244781838631e+02 1.083341282052345360e-02 3.569379253428662935e+01
2.317904316776497353e+02 1.461251031605489102e-02 3.543985273442845596e+01
2.318867074263153825e+02 1.581725964110496790e-02 3.538516934918653334e+01
2.318485426887682479e+02 1.161411526610237749e-02 3.521814723654143364e+01
2.313841056032248389e+02 1.584784492947758153e-02 3.217209253138361902e+01
2.312030635054265417e+02 1.600647371324062998e-02 3.217664818416697869e+01
2.309882666539487275e+02 1.184065375794699122e-02 3.193932449021063391e+01
2.306917998249899426e+02 1.607282823716765785e-02 3.227497418394303708e+01
2.300350574796063654e+02 1.161411526610237749e-02 3.224628259147593212e+01
2.297013351774361354e+02 1.624182491529430408e-02 3.239735888258982044e+01
2.294627802960241070e+02 1.105165699687719015e-02 3.230521162945974822e+01
2.295672414972898423e+02 1.611741018293112726e-02 3.245395255236823573e+01
2.292997617457875208e+02 4.069709574543087238e-02 3.247961360931285668e+01
2.291156797813618482e+02 1.261202509859867503e-02 3.226239792807999152e+01
2.287441457684475949e+02 1.900538715791132496e-02 3.218419756644783547e+01
2.287051173852999852e+02 1.445232634813730342e-02 3.213381322860377765e+01
2.285544485524345930e+02 1.532945021129768735e-02 3.206075326899708955e+01
2.284705982067689831e+02 1.486393175437214151e-02 3.200731092071048778e+01
2.282897919785674787e+02 1.481727622973594977e-02 3.186806750743378203e+01
2.281957764308731100e+02 1.451505210903707155e-02 3.194698429056646205e+01
2.282607172924036547e+02 1.441655711258289091e-02 3.173865752356622494e+01
2.283958892335637643e+02 1.477943341530881839e-02 3.182377119716002767e+01
2.283494104815264905e+02 1.507906556241679803e-02 3.170921062999473250e+01
2.283544487597924899e+02 1.547511912710623772e-02 3.177921102397471742e+01
2.284561961647085297e+02 1.574675795943250231e-02 3.172996145216875519e+01
2.286665503734515426e+02 1.583540345624126489e-02 3.185649434535041280e+01
2.287588883958379142e+02 1.520296190006179340e-02 3.188459807820710168e+01
2.290333773623247282e+02 1.719463440730895076e-02 3.199247601906033722e+01
2.291605712087720690e+02 1.612207573539474817e-02 3.188228655615873564e+01
2.291845241551203003e+02 1.849165799219504996e-02 3.164081103890448787e+01
2.293476769695888891e+02 1.951134040285490423e-02 3.160106001351973504e+01
2.291752262274550276e+02 1.956006950636381483e-02 3.147949593371183141e+01
2.288762078596933520e+02 1.452645679283702876e-02 3.140567548905357853e+01
2.284606040749972067e+02 1.865391553898535643e-02 3.111033772379099815e+01
2.286797621812390844e+02 1.863888209215813774e-02 3.110212427787615752e+01
2.287489994981939105e+02 1.337302854488676106e-02 3.111894929684940436e+01
2.289114695868186686e+02 1.896702594876601214e-02 3.106372781789000825e+01
2.291413652028582248e+02 1.917334704660161177e-02 3.102815609072322189e+01
2.293089870981922616e+02 1.426881461790162169e-02 3.098496914514637268e+01
2.291950149090320963e+02 2.137030386224800932e-02 3.086593742353677783e+01
2.290178094505430693e+02 1.552592180948786718e-02 3.054858239780366702e+01
2.287959873138444493e+02 5.567922149554802719e-02 2.763393401457311072e+01
2.287940982834914223e+02 1.063704490127690971e-01 2.790043762882108780e+01
2.284416717814945628e+02 6.678479154311592336e-02 2.473968342671350129e+01
2.282974735515014686e+02 9.312339038440005379e-02 2.452933595710180015e+01
2.283360628543227904e+02 9.840583256265318657e-02 2.461642523296658780e+01
2.283209983038124733e+02 9.927362532088633562e-02 2.458998088160279494e+01
2.282552964388356429e+02 1.035462345881250218e-01 2.471796165123232925e+01
2.282117481721402328e+02 1.129789448801264001e-01 2.471903887545670742e+01
2.282629220251400568e+02 1.321020076390645726e-01 2.481700303571946975e+01
2.282100177705709427e+02 4.933407014502610294e-02 2.471560088168573799e+01
2.282854960415379253e+02 4.606766502577458455e-02 2.480809494088226685e+01
2.283804125592525054e+02 5.631581020947293986e-02 2.492326151147311109e+01
2.282641288480439812e+02 6.067395460521132072e-02 2.481604141351724735e+01
2.284633479382405312e+02 7.991054580743087166e-02 2.504790433751228562e+01
2.283737024580204036e+02 9.930369221454075912e-02 2.258150823832886189e+01
2.283808982951034636e+02 9.601240414881660745e-02 2.502181301295157212e+01
2.285111143827577678e+02 1.229243475484076975e-01 2.259686308988134940e+01
2.285638568981748335e+02 1.441868253092742913e-01 2.267113609312857392e+01
2.284913811694155470e+02 1.454226783174151494e-01 2.274553040073985244e+01
2.283569847467538239e+02 5.690522500404347761e-02 2.261089862687607166e+01
2.283645756006121132e+02 1.506232141301958594e-01 2.279714385246071728e+01
2.283192777517428453e+02 1.881684699890929791e-01 2.283914989486954994e+01
2.282626166906510718e+02 2.198149123498210622e-01 2.284340176834806257e+01
2.282550766394751349e+02 2.483971235313877646e-01 2.300938346279377456e+01
2.280823760310871080e+02 1.039801309672415963e-01 2.275996458327285410e+01
2.280020891307142676e+02 9.829748806655358440e-02 2.284520370838845693e+01
2.277921299387464842e+02 1.089520547093049824e-01 2.294182574472585046e+01
2.277998265451273028e+02 2.681666245038962781e-01 2.287970339527804597e+01
2.278126371154029641e+02 3.550806829539375209e-01 2.301936411630289214e+01
2.278925756545251602e+02 4.179495207959225134e-01 2.314568757801840349e+01
2.279952986783008271e+02 4.456686047717197119e-01 2.324178137013797496e+01
2.279721357655031113e+02 3.765976925214304383e-01 2.336949101932990303e+01
2.280117846671283814e+02 2.313647466708691203e-01 2.316753065786363308e+01
2.280619574999274164e+02 2.685310559907767014e-01 2.321852255431739920e+01
2.280042534286626790e+02 2.766729634345101441e-01 2.304779962177921249e+01
2.278752908194369127e+02 2.982231502639665632e-01 2.315339040513584123e+01
2.277358006502743422e+02 3.044838032754251800e-01 2.051622057073184990e+01
2.277319401648080373e+02 2.986197222233741844e-01 2.048243834213221959e+01
2.277193317684724718e+02 3.311324021581809052e-01 2.303076206097151157e+01
2.278668891962393559e+02 3.653506007157994451e-01 2.310673488049965130e+01
2.277463432436579467e+02 3.953501030568699615e-01 2.070288465924878452e+01
2.277282683750191836e+02 3.832030780204786491e-01 2.330253515752978544e+01
2.276554033318265340e+02 4.405536040874386550e-01 2.076829363120985050e+01
2.278206219492470836e+02 4.906663030991709751e-01 2.343171134537944411e+01
2.276114304998569366e+02 5.135933463001132182e-01 2.345520965955982007e+01
2.274112601553525224e+02 5.391035503817458441e-01 2.085266755554081186e+01
2.273554891779918705e+02 4.985438292366326518e-01 2.333589644961825371e+01
2.272378560853319129e+02 5.388215436550559678e-01 2.338984889830754454e+01
2.271485600031518288e+02 5.730900265003380234e-01 2.346258589800480365e+01
2.270792350774896420e+02 5.495212106382890704e-01 2.350098443156982242e+01
2.269039730807990622e+02 6.012829232485515929e-01 2.344270027661542244e+01
2.267564628269515481e+02 5.819022183146780325e-01 2.357111805299238227e+01
2.266971304778769820e+02 5.953841097503825841e-01 2.345766840570814793e+01
2.266550513418128787e+02 5.698142902761592632e-01 2.351996389899182560e+01
2.265831821348738515e+02 5.802205458489024803e-01 2.345882857308743397e+01
2.265713352603792998e+02 6.478031468632972079e-01 2.360899974702337900e+01
2.265012265219032201e+02 6.396570922618183275e-01 2.352642465236450064e+01
2.265046842146734605e+02 6.915582530512712767e-01 2.357497128093261196e+01
2.265594225497555385e+02 6.762199901297645255e-01 2.346339303858100678e+01
2.265924080056733203e+02 6.803785525590037020e-01 2.339975490297724292e+01
2.266237081603622983e+02 7.077648271257294121e-01 2.326594426634705925e+01
2.266259947994641948e+02 8.024185187181964718e-01 2.325963592102152688e+01
2.268351141919885094e+02 6.942621999012976719e-01 2.344589099610582039e+01
2.269389880520385248e+02 7.518708865379112316e-01 2.335441506413579305e+01
2.272237775215755846e+02 7.139093597203156616e-01 2.348890946339925989e+01
2.273691369557373889e+02 7.078311816496564157e-01 2.348769745654815466e+01
2.273946487150031714e+02 6.590274293013282936e-01 2.105158960556382652e+01
2.276521244852340544e+02 7.343761015887760868e-01 2.344871987608292585e+01
2.277364310182516363e+02 7.962226650465104028e-01 2.361346779109937088e+01
2.277347083926031246e+02 7.266727560766228500e-01 2.114680368184664516e+01
2.277624984966553257e+02 6.988069663955808197e-01 2.112305187264907858e+01
2.279057739840500290e+02 7.030889067677467130e-01 2.362730789328533731e+01
2.279652291926728083e+02 7.333190947584072861e-01 2.364916911694569990e+01
2.279256844883858832e+02 7.660225439495041977e-01 2.380397473966217348e+01
2.277962459928088208e+02 7.934259255419298107e-01 2.383107071318671899e+01
2.276317562383620441e+02 7.824012250703979987e-01 2.104817442116045711e+01
2.275368671955675097e+02 7.832519108029312171e-01 2.102915140858212695e+01
2.275642944233169658e+02 7.594653691592466727e-01 2.096454491164480416e+01
2.276484744680233518e+02 7.814966262871740899e-01 2.340518042209771465e+01
2.274861567874457364e+02 8.195856782054419254e-01 2.098282039903951812e+01
2.274813896296173539e+02 8.132317141447109599e-01 2.098435121864230268e+01
2.274581826532685795e+02 8.071991548092515290e-01 2.102226246117223596e+01
2.273995330300378725e+02 8.111493225617822933e-01 2.098749320902919280e+01
2.273964128122291299e+02 8.130222826785662438e-01 2.101995042072915254e+01
2.273866866905266590e+02 8.107263124717475344e-01 2.093708398823866190e+01
2.272940500727826247e+02 9.029642846774962317e-01 2.098955019927092991e+01
2.272919288015958159e+02 4.206596883825670097e-01 2.078445666012798299e+01
2.273536068867701658e+02 4.172211762168797633e-01 2.087090882888412580e+01
2.272438673904839277e+02 8.431104305164455193e-01 2.099162585172252093e+01
2.273404163331660754e+02 4.457416984269830795e-01 2.094145353731819981e+01
2.273120160785305757e+02 8.020162444168889015e-01 2.101728483508827239e+01
2.274302385859851086e+02 1.032058566161681012e+00 2.141213313205794577e+01
2.272167429052498733e+02 9.032229636418680485e-01 2.113636165703834990e+01
2.272667545172915879e+02 9.154036843349410146e-01 2.125221561902550249e+01
2.273451679391529012e+02 8.967471768223648221e-01 2.130827378706003827e+01
2.273601692455075920e+02 9.769837929075307903e-01 2.382478258525519621e+01
2.275971912337379592e+02 1.001009832911014419e+00 2.395651653264435055e+01
2.275219192838688116e+02 9.530448432167014650e-01 2.142426408685807004e+01
2.277991241202841763e+02 1.118944631296940662e+00 2.399748837759041820e+01
2.279205689693068848e+02 1.224825715695747830e+00 2.406450229959897058e+01
2.281987157289251797e+02 1.256034114519613887e+00 2.155795445591363801e+01
2.282319100979144082e+02 1.238906871425668355e+00 2.147623937809222383e+01
2.284677345943457567e+02 7.345093290313483569e-01 2.131751158093800314e+01
2.285385861924530104e+02 6.928345408474302358e-01 2.126187797817765457e+01
2.283322355461184543e+02 6.720292872279982621e-01 2.104654355137706290e+01
2.283804929104338441e+02 6.756440535978667228e-01 2.108000800401444863e+01
2.284908249318829405e+02 7.170549788702312854e-01 2.085787016493246426e+01
2.283918260557626922e+02 7.995009932442800338e-01 1.841945804942582754e+01
2.284317305259840225e+02 7.778025455254241605e-01 2.081881638044366412e+01
2.283998829464726441e+02 4.444690393938514061e-01 1.829281318298504289e+01
2.283892646674601679e+02 4.294734353810615857e-01 1.832943103069311519e+01
2.282885467944544189e+02 4.627948110762288847e-01 1.836155024903682431e+01
2.282633310385727157e+02 4.926315374757909704e-01 1.826072869708745117e+01
2.282144002795184292e+02 4.551640408246208636e-01 1.811967712303372835e+01
2.281037043449771602e+02 4.983634278747060553e-01 1.813019846223390630e+01
2.280099049678802601e+02 5.350548876327608783e-01 1.818043505758328493e+01
2.279597492421069092e+02 5.923084738874212496e-01 1.827811358235633321e+01
2.278528298130875953e+02 6.165004002007223871e-01 1.831864634697609873e+01
2.277808247867324098e+02 6.221286116560015289e-01 1.834717464510697482e+01
2.276563810242650163e+02 6.324752518361540510e-01 1.830669216477487282e+01
2.275494185684841000e+02 7.154505472174644831e-01 1.850081543489169533e+01
2.277102111318008326e+02 7.792182815007734353e-01 1.874662836075295758e+01
2.275206673606244010e+02 7.707933305409138125e-01 1.849385028345823301e+01
2.276152598816401280e+02 8.311692081831716372e-01 1.854025697862969579e+01
2.277333040613115713e+02 8.987046352782120939e-01 1.842639935470225510e+01
2.277788802881445065e+02 9.120481153241626338e-01 1.840042052179538601e+01
2.278637435770894513e+02 9.922847314093286020e-01 1.843695283437496002e+01
2.278982121602959410e+02 1.051122013528028587e+00 1.848260630202090837e+01
2.278672541461209562e+02 1.010102994662607889e+00 1.857093661484102043e+01
2.278661789954754511e+02 5.598538541610507124e-01 1.841465253038829886e+01
2.277604451351766102e+02 1.109154228649395169e+00 1.850499732508325579e+01
2.276619029648030619e+02 5.903142094065831902e-01 1.833845213557887988e+01
2.275325453388020378e+02 5.616604597539076593e-01 1.832314601312990021e+01
2.274535730874345347e+02 1.056055576060946688e+00 1.832116730049060749e+01
2.274553117833193028e+02 1.261914784202646800e+00 1.839531796258434326e+01
2.277735600031518288e+02 6.838984526954451360e-01 1.838567789440507028e+01
2.277259926222063768e+02 7.135827710478623853e-01 1.845093705029258047e+01
2.278818718403841785e+02 7.350396468280463447e-01 1.848281417830289897e+01
2.278438574373053314e+02 7.755957392101323622e-01 1.592434029088164493e+01
2.277299770040102942e+02 7.761436824272485158e-01 1.590194667584570887e+01
2.277009365318978666e+02 7.911460255713747003e-01 1.573606347639645087e+01
2.275613146904768769e+02 8.166598584160346119e-01 1.595056017733246456e+01
2.274780998967357846e+02 8.334553288903450152e-01 1.845517596390313741e+01
2.274688159657278845e+02 9.113897540320741175e-01 1.595258295352280342e+01
2.274736220031601306e+02 9.210598891050019166e-01 1.576238756018562626e+01
2.275232997690033017e+02 9.456478689829924678e-01 1.580732771669936021e+01
2.275934447951096615e+02 9.196845879176706040e-01 1.500374021789166790e+01
2.274627668177614339e+02 9.637533229101434840e-01 1.524553091913457159e+01
2.271940875008812668e+02 4.656910823666999821e-01 1.223897270755487732e+01
2.271079847301651853e+02 4.711057151980889701e-01 1.495202982635850475e+01
2.267473665548316433e+02 6.083766365721252622e-01 1.206924094571785311e+01
2.265041808534021186e+02 6.844666133065703262e-01 1.229175928652298211e+01
2.262204509826690355e+02 2.502840803055625951e-01 1.180134803362515505e+01
2.256541415590824897e+02 1.845588875664063572e-02 5.777341692620962199e+00
2.253605502656254487e+02 1.994005283478967813e-02 5.888516623881822731e+00
2.251771836859108475e+02 3.460989760667526616e-01 1.190213640831256292e+01
2.252049986729095110e+02 4.510676857615633084e-01 1.204797587598339526e+01
2.252024305454756643e+02 4.898290956293104292e-01 1.217816604390181112e+01
2.253336569844357200e+02 5.455720796751946100e-01 1.229033110907439585e+01
2.251834210111599930e+02 5.578963957052034128e-02 6.540053767900169568e+00
2.251940729858291661e+02 6.125196471598189918e-01 1.257533001007759310e+01
2.249929487950433042e+02 1.249437023336056551e+00 1.269416422329956085e+01
2.248268286892078436e+02 7.873617441286614449e-01 1.265370610751921099e+01
2.248485794947932561e+02 1.341945597584695227e+00 1.289404841391952061e+01
2.247393791290139404e+02 1.432595726768659095e+00 1.287535976593441767e+01
2.245945769691741702e+02 1.424061394523263413e+00 1.313356802790207745e+01
2.246213862704195776e+02 8.629343629343629862e-01 1.305231380298512356e+01
2.246016478731301618e+02 1.493556353653023860e+00 1.313722374745468180e+01
2.245647936374305971e+02 1.542867614430450063e+00 1.320218016082677792e+01
2.245495543879002582e+02 1.524143715604510341e+00 1.304482662807045124e+01
2.245498125484699017e+02 1.498836722252404385e+00 1.321831415964068945e+01
2.245294489671503584e+02 1.592862637841155671e+00 1.309087200212334423e+01
2.245313748035283936e+02 1.578510880068345168e+00 1.327357866536169517e+01
2.245125674431528466e+02 1.618787557697332069e+00 1.333409502797257851e+01
2.245043197831865882e+02 1.551083133924165081e+00 1.334580919341929039e+01
2.245555656930522730e+02 1.491744564112985172e+00 1.575103316067333203e+01
2.245885309315760310e+02 1.644197193203637886e+00 1.348657668716744951e+01
2.246588853891485371e+02 1.459792787263249236e+00 1.595177477615716022e+01
2.246977038224353009e+02 1.506203629592458793e+00 1.605070522417461021e+01
2.246796377665067155e+02 1.471117119881888868e+00 1.611667250724715927e+01
2.247225100464896457e+02 1.470926350625598733e+00 1.608295715156617334e+01
2.248948436314172170e+02 2.365534112446034953e+00 1.651036841275831435e+01
2.247759176623301300e+02 2.217293440440593955e+00 1.615078391649283063e+01
2.247602237806319465e+02 2.100896719183507511e+00 1.620577989374981698e+01
2.246897241725383481e+02 2.019343380514164732e+00 1.611802966461935327e+01
2.244609493258795112e+02 1.892750871939915980e+00 1.628112079011649271e+01
2.243986813075158864e+02 1.857619261888864504e+00 1.646448633304164844e+01
2.243859930783937102e+02 2.727485080600010825e+00 1.908837644995002591e+01
2.243897063397600391e+02 2.630478913776443495e+00 1.907999919130423905e+01
2.243666911694569990e+02 2.533031074652986714e+00 1.908683526245287965e+01
2.243606653492528835e+02 2.467161249787458210e+00 1.925363394697444264e+01
2.244105421786678392e+02 2.344635547777330853e+00 1.936852421318049622e+01
2.247151519518597809e+02 3.120140049517063474e+00 2.177867293025724749e+01
2.246847615799012203e+02 3.055066997333377721e+00 2.186379178779823107e+01
2.245612830683990637e+02 1.988211704108589162e+00 1.919734768526390312e+01
2.247325866030216162e+02 2.691244105852054425e+00 2.140435306412750194e+01
2.247477294311343599e+02 2.612529496659464545e+00 2.153421456979459236e+01
2.247172949956247407e+02 2.516798062447901163e+00 2.145092046166159960e+01
2.246815864122523578e+02 2.443966196517216805e+00 2.145509094716935650e+01
2.247752453043806327e+02 2.330181147850320933e+00 2.154244304915626174e+01
2.248539142948380345e+02 2.185847616835801421e+00 2.139298052080006940e+01
2.248716553172783108e+02 2.085238606720883681e+00 2.135038921075441110e+01
2.249083695864039498e+02 1.942423453835913527e+00 2.140768530537595993e+01
2.250020113715065406e+02 1.825035043482948982e+00 2.140402388348145735e+01
2.250096416233634216e+02 1.798000240535149175e+00 2.141340579109107622e+01
2.250355919445607924e+02 1.667054253117625784e+00 2.136187269055152882e+01
2.251033295455959262e+02 1.607838024459936399e+00 2.140159520422678341e+01
2.251686612767439897e+02 2.133452425879923009e+00 2.149043976460732708e+01
2.252349100481484925e+02 2.165584604091586041e+00 2.144156136341958074e+01
2.252863529480070781e+02 2.143510838596767609e+00 2.146056052984087259e+01
2.253253118662624672e+02 2.037937162265841096e+00 2.145735633208780513e+01
2.255215963239593862e+02 1.178473451969692665e+00 2.144496721671802320e+01
2.253409876041455107e+02 1.648815053353184457e+00 2.136483583476064751e+01
2.255019170236678292e+02 1.642014751440100451e+00 2.376174578752452149e+01
2.255159276777160642e+02 1.562514774249468053e+00 2.404035443683671502e+01
2.255540260607392611e+02 1.445483019462611374e+00 2.400224879628746422e+01
2.256292404687947055e+02 1.361435683804104846e+00 2.400702373003661805e+01
2.256383647342293841e+02 2.042943818454022509e+00 2.444283661442630162e+01
2.257182856479311965e+02 1.991457373439113443e+00 2.424232464780262930e+01
2.258652686943503340e+02 1.765386992025015589e+00 2.679218229661301720e+01
2.258818609540951172e+02 1.723397019852444201e+00 2.662102598609043369e+01
2.261000346287671618e+02 1.612975834511817252e+00 2.680003286622513414e+01
2.261875272157226959e+02 1.527351023725889378e+00 2.675378635502158531e+01
2.262670562230175619e+02 2.232950516113781259e+00 2.697995263945854560e+01
2.263062344222387310e+02 1.370355701719826236e+00 2.667927644538815457e+01
2.263336575028304480e+02 1.252751120769380666e+00 2.660273442845945624e+01
2.264073410912830866e+02 1.793330022519066480e+00 2.670157882295368879e+01
2.265283256057960557e+02 1.015533697730260476e+00 2.646252420903334013e+01
2.264168888852025248e+02 1.672835909409486232e+00 2.664271717628323444e+01
2.264425214304376368e+02 1.684647014668496867e+00 2.664885082258873794e+01
2.264809189272132244e+02 1.598451451297852932e+00 2.658476790431677728e+01
2.264820956832234913e+02 1.543992530968900434e+00 2.654399201257418284e+01
2.265244075785160760e+02 1.406127010853111869e+00 2.652056108970716863e+01
2.265704270328330381e+02 1.302817164256476756e+00 2.640531779669803214e+01
2.266051408167412546e+02 1.276153013532175695e+00 2.635572193722032708e+01
2.266141339283122420e+02 1.213154058615927511e+00 2.635451407752696795e+01
2.268056118301821868e+02 1.097065782216158247e+00 2.642831948873839210e+01
2.266891129851656217e+02 1.010405737178025065e+00 2.628854783124385719e+01
2.268339177369789752e+02 9.156208917218584542e-01 2.643992271771541525e+01
2.267693376781722634e+02 8.398092929510759808e-01 2.627077726030465143e+01
2.269184948720394459e+02 7.886473630297475834e-01 2.636412096844427566e+01
2.270594712788590357e+02 8.131394398848749150e-01 2.653149403431358166e+01
2.269336247402842446e+02 5.880887408814369222e-01 2.642084371850751978e+01
2.272220009828763807e+02 5.500302742515417176e-01 2.886460048355859342e+01
2.274868789112881586e+02 5.506067291781577833e-01 2.911067001480535410e+01
2.274881334265061525e+02 5.341591015597459968e-01 2.909999212040028382e+01
2.275942959992369197e+02 4.925097147170187095e-01 2.910347003056455151e+01
2.275543080674659677e+02 4.374961120396136383e-01 2.891728804913552509e+01
2.277773593180413911e+02 3.669736945784206616e-01 2.924249001571772766e+01
2.277967332838439063e+02 3.607612522757527862e-01 2.916620978812171217e+01
2.280203366247941972e+02 3.370063327098772876e-01 2.909743228728191156e+01
2.278908431793770148e+02 3.217686383636974568e-01 2.910430671963969473e+01
2.278875430786010838e+02 3.137838045195724956e-01 2.889827851481986798e+01
2.279067620443828730e+02 3.040649403431358588e-01 2.885714285714285765e+01
2.279835710345914492e+02 2.602180782900438971e-01 2.892024030705556115e+01
2.277034548934387885e+02 2.990453242869999251e-01 2.877191358152689915e+01
2.276667126309983473e+02 2.406129084431984644e-01 2.877952309759506377e+01
2.277686388820921479e+02 2.705310228135147654e-01 2.883953609893459458e+01
2.278453187920158882e+02 2.379753161170991560e-01 2.862319857835432657e+01
2.279715935246279059e+02 1.778347896768949499e-01 2.860241717089192903e+01
2.281101080749308494e+02 1.822468471233240350e-01 2.875234210733673734e+01
2.281291300507197377e+02 1.893898079451248051e-01 2.871200374073628581e+01
2.280371269113213373e+02 1.721417788818433159e-01 2.876884312961112045e+01
2.279705411833499795e+02 1.680241696353404202e-01 2.877305975224879475e+01
2.280379589348439993e+02 1.594820614691720984e-01 2.867499865217373411e+01
2.284485353275632633e+02 1.229362706269258310e-01 2.905642778346859956e+01
2.282593694661363770e+02 1.240041637463764196e-01 2.891387597510046348e+01
2.282202887251222307e+02 1.175076411381459768e-01 2.882651402361391746e+01
2.281998733043308789e+02 1.205226248190802429e-01 2.859200054742482067e+01
2.280994052975792954e+02 1.058530910840255607e-01 2.863111964964811307e+01
2.282963579660679443e+02 1.187004673846779046e-01 2.894940467550564378e+01
2.284305480676318609e+02 1.211001165351326403e-01 2.913740518560604542e+01
2.283594709678222046e+02 6.652922294705324036e-02 2.893843233290064632e+01
2.283680586947235724e+02 7.446429089823289327e-02 2.867553104354930227e+01
2.286539259068797207e+02 2.178294605791920510e-02 3.140307314756831403e+01
2.288150823832886260e+02 2.517791306727934150e-02 3.158566887433697445e+01
2.287435833101783658e+02 1.748286187061697319e-02 3.151430510224817283e+01
2.284771667862430604e+02 2.472328089943557142e-02 2.879552853451886918e+01
2.287485687121831006e+02 2.125470184009389113e-02 3.155652524167561879e+01
2.286220435949222178e+02 1.972129026371776186e-02 3.132122743427791889e+01
2.283796188969389789e+02 6.809425660123834267e-02 2.877116916671159430e+01
2.286411775439702296e+02 2.101727705916749817e-02 2.874290265791339749e+01
2.289946190628252793e+02 2.183426713501901428e-02 3.150269720771868975e+01
2.286110759178696981e+02 6.482422271895955934e-02 2.860560426161929826e+01
2.286220052337130824e+02 6.502380468545881920e-02 2.856625654732529185e+01
2.286449322769140053e+02 6.331673087849241932e-02 2.856826325327936544e+01
2.284113358409813941e+02 5.090325095695664992e-02 2.847208807318903823e+01
2.283022666290657696e+02 5.140402025471842856e-02 2.833957808890676944e+01
2.283381561321947970e+02 4.937968888022593872e-02 2.831252721572270303e+01
2.286915214470262754e+02 1.240725918491761628e-02 3.126755802910475168e+01
2.287575436799389479e+02 1.433050358936502865e-02 3.137733484981068344e+01
2.287636555536662968e+02 1.440359724462839455e-02 3.136275914551961819e+01
2.289641286406861127e+02 1.276443314574356516e-02 3.149007014917326330e+01
2.289386713128657220e+02 1.185827917836510675e-02 3.151453682468720174e+01
2.289493191403771561e+02 1.136787777496692589e-02 3.157063594590447408e+01
2.290047505691973981e+02 1.175408184001094924e-02 3.155352892020453837e+01
2.292577982117455804e+02 1.131707509258529643e-02 3.155869783393950812e+01
2.294599384561790600e+02 1.268874751688930068e-02 3.198300909471693743e+01
2.296024259836021315e+02 1.237978426485408269e-02 3.203249038896192502e+01
2.291772147895939611e+02 1.221856350750013392e-02 3.135329584993924357e+01
2.294853532756325478e+02 1.146170721895748736e-02 3.186508051706762856e+01
2.291519300872147369e+02 2.519813046128835735e-02 3.143959250027993235e+01
2.291851441552032327e+02 1.246791136694466381e-02 3.144287342045129208e+01
2.291500011404683903e+02 1.069189106246034270e-02 3.143859718242102730e+01
2.291164547814655350e+02 1.102055331378639681e-02 3.138325595428173287e+01
2.290303364589078967e+02 8.018529500806621801e-03 3.143071343554694863e+01
2.292644450688220843e+02 1.086866366135968640e-02 3.160680019823414000e+01
2.294007046021009444e+02 1.025799468334376990e-02 3.164413757781104763e+01
2.291441230627589505e+02 8.403178381696104274e-03 3.136320392818781499e+01
2.292446740126654277e+02 9.316589875129080434e-03 3.152130809649606746e+01
2.294110543526494155e+02 9.048061411111894131e-03 3.177889583998606682e+01
2.290971907153432312e+02 9.810101646836341324e-03 3.130712191399624444e+01
2.291735995048293546e+02 8.737542974922136996e-03 3.131297459036449382e+01
2.294531184552666900e+02 9.276673481829228463e-03 3.161018168698082675e+01
2.295787617831119576e+02 9.670135072927769568e-03 3.162676720759427695e+01
2.291838761617225657e+02 9.265268798029271252e-03 3.105393845203190040e+01
2.293776422578785628e+02 8.756205184776613692e-03 3.146640387510419856e+01
2.294350835030212181e+02 9.095753725184445304e-03 3.152159632395937550e+01
2.292925700558622282e+02 8.871288812212550431e-03 3.112637789316092096e+01
2.294485519161942477e+02 9.101974461802603625e-03 3.150428297716160131e+01
2.296110313359239115e+02 9.017476122739280509e-03 3.172659966242136065e+01
2.293370618009447242e+02 9.133596539611576678e-03 3.132671982631703500e+01
2.296164952162535542e+02 9.079165094202687469e-03 3.154382612626436355e+01
2.294899446976514525e+02 9.117526303348000294e-03 3.154875917040256539e+01
2.290385924131896331e+02 9.521355788810139179e-03 3.102538630774398598e+01
2.292757605887305203e+02 8.937643336139576566e-03 3.124518722343641741e+01
2.290137141322694561e+02 8.962526282612211584e-03 3.114272702578287877e+01
2.294243397724869169e+02 9.168847380447809475e-03 3.156794755089599391e+01
2.293632215536082413e+02 9.477292237764847749e-03 3.122622382625067772e+01
2.295443243035885246e+02 9.697091598273123447e-03 3.173741441303202748e+01
2.291473339996433367e+02 9.298446059992783452e-03 3.119669606310315402e+01
2.291580372953896187e+02 2.189284573817334295e-02 3.142156843432353597e+01
2.288586529409569152e+02 9.640586573991515376e-03 3.098048347564996163e+01
2.289980705348589254e+02 7.973429160324970941e-03 3.121033502813846638e+01
2.291671641527978807e+02 8.453462669359554024e-03 3.141873074163622093e+01
2.292489621737742027e+02 8.947492835784994630e-03 3.142929303401913543e+01
2.287918049052581750e+02 8.896690153403365164e-03 3.088542388099316227e+01
2.289681767850403844e+02 9.172994538193248934e-03 3.121985897590086623e+01
2.292107061987566681e+02 8.456573037668634052e-03 3.141310926931227598e+01
2.288564762015352869e+02 8.771238631603830646e-03 3.096903887545670742e+01
2.288106003425552331e+02 8.713696817885861409e-03 3.120393596373725131e+01
2.286755476321802973e+02 8.848479444612634276e-03 3.132812467600330208e+01
2.283522953481331683e+02 8.892542995657925706e-03 3.086704160428650212e+01
2.284276274317896309e+02 8.125318812751681358e-03 3.088562398135437803e+01
2.285611078509843139e+02 8.936088151985037420e-03 3.121787715289326570e+01
2.286254463378523667e+02 8.625569715795280284e-03 3.125140796005457489e+01
2.285463812938302794e+02 8.061037867697374085e-03 3.342950505745886858e+01
2.286574095193858795e+02 8.226924177514940290e-03 3.362815857901787098e+01
2.286090531416793397e+02 8.709031265422242235e-03 3.136539777463515222e+01
2.287383848479444737e+02 8.090586366633628276e-03 3.381366716570798303e+01
2.286100158006710217e+02 8.861957707285312083e-03 3.355071870243728682e+01
2.289600390247543942e+02 8.773830605194729224e-03 3.401739214279493240e+01
2.289163694536948981e+02 9.044432648084634388e-03 3.385162506376254754e+01
2.285335375462926493e+02 8.112358944797183266e-03 3.086351548341344397e+01
2.286595069444156536e+02 8.071924156779151580e-03 3.090914147613932883e+01
2.289629114498878266e+02 7.959950897652293134e-03 3.117290589269644130e+01
2.289516617661086002e+02 7.765034483616653320e-03 3.114843558841947768e+01
2.288025921809487784e+02 7.710084643489584395e-03 3.077137445101999447e+01
2.290805538736526898e+02 8.143462627887976604e-03 3.121452728622438499e+01
2.287961532001542651e+02 8.517743614413861297e-03 3.073174058284154953e+01
2.289790495958594647e+02 9.001405886475704124e-03 3.123685869389413838e+01
2.285969932069556023e+02 1.811374824264190553e-02 3.070440200058889602e+01
2.284157276810338146e+02 9.365318978637991038e-03 3.050327055227699802e+01
2.288093333858639937e+02 8.030970974042940178e-03 3.077120545434186738e+01
2.287835105897673031e+02 8.379332224659828687e-03 3.110742952942201001e+01
2.287119166504236318e+02 8.480419194704909638e-03 3.110895827544592152e+01
2.286765045888300563e+02 8.148128180351595778e-03 3.071938153436542152e+01
2.289043121109447725e+02 7.917442530761542585e-03 3.117522415387614032e+01
2.288157640723430291e+02 8.259064650042093059e-03 3.124291406259719750e+01
2.286189710694275732e+02 8.179231863442389117e-03 3.084050705224174749e+01
2.289790858834897449e+02 8.851071418203534588e-03 3.119301286863048261e+01
2.288295694420828568e+02 9.077609910048148323e-03 3.108680726913809522e+01
2.286507243011002402e+02 8.276171675742030609e-03 3.081274960705680499e+01
2.289935796814153548e+02 7.986907422997648748e-03 3.134726536418265752e+01
2.289535212479626978e+02 8.717843975631300868e-03 3.135515118463560924e+01
2.285924417013299887e+02 8.162643232460633017e-03 3.098695148654869413e+01
2.288292910641192179e+02 7.494950835444927871e-03 3.133775230270933676e+01
2.288007819465929060e+02 8.266840570814792261e-03 3.133242476019060163e+01
2.288026004752642848e+02 8.044967631433797700e-03 3.345944079724960574e+01
2.288257991572975527e+02 7.739633142425838587e-03 3.353219386718312478e+01
2.289273065454590608e+02 8.187526178933268034e-03 3.140367137507309536e+01
2.290535776493080391e+02 8.463830563723151804e-03 3.379120512256924513e+01
2.286842898407076632e+02 8.318161647914601442e-03 3.093595025899000106e+01
2.288899593163825159e+02 7.627659883298981008e-03 3.351831695897217145e+01
2.291207102837070693e+02 7.927810425125140364e-03 3.373280381040853371e+01
2.291598501217190744e+02 8.622977742204379972e-03 3.149876051822883127e+01
2.291642144868514492e+02 7.977576318070410399e-03 3.139660824703789288e+01
2.291646271290471191e+02 7.716823774825923299e-03 3.363828749341638513e+01
2.292775127628779614e+02 7.967208423706812620e-03 3.102558692649992267e+01
2.295033083950914374e+02 8.480937589423089354e-03 3.134001094849644886e+01
2.295820515159935269e+02 8.674298819304189154e-03 3.147718493005818630e+01
2.291926753936689352e+02 1.695513604750983894e-02 3.108481611502556774e+01
2.290353146033865812e+02 8.541071376731957168e-03 3.083548173384371083e+01
2.294312515292644150e+02 7.796656561425627241e-03 3.142744962240128714e+01
2.293721452002869796e+02 8.247141571523956133e-03 3.139633349783725791e+01
2.290635116472925290e+02 8.275134886305671178e-03 3.095845688407450069e+01
2.293231626017608846e+02 8.311940911296443121e-03 3.138626886438379415e+01
2.293495794782046175e+02 8.389181724305246751e-03 3.137896675638351240e+01
2.289946050661679067e+02 8.138278680706177715e-03 3.096052527900003781e+01
2.292907603399010554e+02 8.302609806369204773e-03 3.128724562371179019e+01
2.293687445309357145e+02 8.679482766485988043e-03 3.125733165649921830e+01
2.290928968518925615e+02 8.206706783505924446e-03 3.092284575890912990e+01
2.293713914543667443e+02 8.230034545824020317e-03 3.130291099370046837e+01
2.294690414674302872e+02 8.069332183188251267e-03 3.133480419194705036e+01
2.291800592214125913e+02 8.176639889851490539e-03 3.089527389903329890e+01
2.293932677114739533e+02 8.089031182479087395e-03 3.111279180438686254e+01
2.294365241219430231e+02 7.948546213852335923e-03 3.117177008986890741e+01
2.289915185440158609e+02 7.662392329417034090e-03 3.072163344102119709e+01
2.292981858258442571e+02 7.379348813290811417e-03 3.114039165757747796e+01
2.294261334182118333e+02 8.032526158197479324e-03 3.113512632242492728e+01
2.289762575219073710e+02 7.771773614952992223e-03 3.082077021013648377e+01
2.291695363270282826e+02 7.885820452952569531e-03 3.122636638479817961e+01
2.291841664627647503e+02 8.068295393751891836e-03 3.115128313060644061e+01
2.287905545371979201e+02 8.151756943378855522e-03 3.073601215531935082e+01
2.290026738799563759e+02 8.167827179642431906e-03 3.111449006548362206e+01
2.288492046788233552e+02 8.057927499388294057e-03 3.108559370710283787e+01
2.286074409341058242e+02 7.628178278017160724e-03 3.071531006224883953e+01
2.284364043727631213e+02 7.183914004536990153e-03 3.071965835714492954e+01
2.287671168751995765e+02 7.922626477943341475e-03 3.110699770662176533e+01
2.285313514757660869e+02 8.478864010550368757e-03 3.058585186767249198e+01
2.288752721572270445e+02 8.264766991942071664e-03 3.111633399549618773e+01
2.285675183200693539e+02 1.712257754148194602e-02 3.077547702681966868e+01
2.285490665784704447e+02 8.742208527385756170e-03 3.060747359297305437e+01
2.287362967540196337e+02 7.836054560007299497e-03 3.086737648727444494e+01
2.288350385063596661e+02 8.113914128951722413e-03 3.110633364298777792e+01
2.290785399101725659e+02 8.478345615832189042e-03 3.132020308631479466e+01
2.286347173089922933e+02 8.156940890560654411e-03 3.071749094882822106e+01
2.290312395025069634e+02 8.181305442315109713e-03 3.128066926831695937e+01
2.289516830202920517e+02 8.611054663686243046e-03 3.118433753302174338e+01
2.287352148642427778e+02 7.888412426543468109e-03 3.092445122735133367e+01
2.290890700620829534e+02 8.373111488041670367e-03 3.372360696971330896e+01
2.288398077377669324e+02 8.387108145432527889e-03 3.114618938410560389e+01
2.286869880852158019e+02 8.180268652878750282e-03 3.088391327878438375e+01
2.289357667472597768e+02 8.282392412360188930e-03 3.129286346727270640e+01
2.290327444023738224e+02 8.678964371767808328e-03 3.368870967407487171e+01
2.286024192444708092e+02 7.993128159615807068e-03 3.082035601275665826e+01
2.285455477151234334e+02 8.052743552206495167e-03 3.075898481725549516e+01
2.287339276901575431e+02 8.145017812042517485e-03 3.110700029859535931e+01
2.288790097831451078e+02 8.324900779250941213e-03 3.372686093335931901e+01
2.282358929245341699e+02 8.657191793604253338e-03 3.066406829954090796e+01
2.285461625312591991e+02 7.272041106627573012e-03 3.343682271730069999e+01
2.288065910778048249e+02 7.826723455080061148e-03 3.367689079289508669e+01
2.292639448179190254e+02 8.524482745750199333e-03 3.403972303206997196e+01
2.291309874589949800e+02 8.613128242558961908e-03 3.405501256588797077e+01
2.289270556424154677e+02 8.129465970497119082e-03 3.377870558912449184e+01
2.292703749860033327e+02 8.163680021896992448e-03 3.407620039480941898e+01
2.293407564001011849e+02 8.123763628597140476e-03 3.402208205981030886e+01
2.292454096147705229e+02 8.055335525797395479e-03 3.380330445529156691e+01
2.294415167814738084e+02 8.012308764188463481e-03 3.419178479154311390e+01
2.290781417830289968e+02 8.189081363087807180e-03 3.370325427468284829e+01
2.295936656312596256e+02 8.381405803532549284e-03 3.424038066760945043e+01
2.292475236284312530e+02 1.706814609607305508e-02 3.380451853572154164e+01
2.295122009380870907e+02 9.247124982892974271e-03 3.409461273840972950e+01
2.291363642490119332e+02 8.015419132497543508e-03 3.349689740761169077e+01
2.294946698655076602e+02 8.301573016932845342e-03 3.391264167727647560e+01
2.293703038622480221e+02 7.851606401552696166e-03 3.381969039393851517e+01
2.292261512509901422e+02 7.630770251608060169e-03 3.356244738293610652e+01
2.293374454130361642e+02 7.896706742034347026e-03 3.126993331370345430e+01
2.294017724952203992e+02 7.352910682663636385e-03 3.376403864736303007e+01
2.292507423412364460e+02 7.078161482028291762e-03 3.354882241455818104e+01
2.292339582754459286e+02 8.034081342352018471e-03 3.130793579370378410e+01
2.294763684583770385e+02 6.832442385611021615e-03 3.386676426311227317e+01
2.292434594138407249e+02 7.826723455080061148e-03 3.357081323689808983e+01
2.294268182176345476e+02 6.717358758175084876e-03 3.149211366115233091e+01
2.295251141505169414e+02 5.996790099905029668e-03 3.391018241273343392e+01
2.292600257538495896e+02 8.549884086941015801e-03 3.361092350982254118e+01
2.296349687304305860e+02 7.771255220234811641e-03 3.409723581568372452e+01
2.296816496564079841e+02 6.966706617619614766e-03 3.417778865254697962e+01
2.294984069730310239e+02 6.767124651120354911e-03 3.384032250372207073e+01
2.297952625980284438e+02 7.346171551327297482e-03 3.431741101236267610e+01
2.297590563557266137e+02 8.422877380986940402e-03 3.420786798767464632e+01
2.294144337678172292e+02 8.464348958441331519e-03 3.360738857623927345e+01
2.298674070725628269e+02 8.801823919976444269e-03 3.412402541792982191e+01
2.298432255141438816e+02 8.171455942669691649e-03 3.401141971724678825e+01
2.296348577939609186e+02 7.568044490708292910e-03 3.372501389297844554e+01
2.296451691833002258e+02 8.102509445151765202e-03 3.391730722974009637e+01
2.297410556175325382e+02 7.667576276598832979e-03 3.388113831185796698e+01
2.295544936527750792e+02 7.354984261536356115e-03 3.366346851685197805e+01
2.298204083706231984e+02 7.926255240970601218e-03 3.393698186447917919e+01
2.293940696681029578e+02 7.963061265961373161e-03 3.346376213562034962e+01
2.298686802499906605e+02 7.631807041044420467e-03 3.393843907203198285e+01
2.295098199511464827e+02 1.714642369851821987e-02 3.357609464228691110e+01
2.297054159806576479e+02 9.006071438939323298e-03 3.388852802856562363e+01
2.294371576002886286e+02 7.976539528634050968e-03 3.349133555068033985e+01
2.297377420384939057e+02 8.338379041923617285e-03 3.394366656437011187e+01
2.296731334679777206e+02 7.417710022436123374e-03 3.373508215519493803e+01
2.292856178642967109e+02 8.221740230333141400e-03 3.330215569259608088e+01
2.293702458020395625e+02 8.881138311857968495e-03 3.115423538852647312e+01
2.295998796287464359e+02 7.742225116016738032e-03 3.371386114901152808e+01
2.293300463652235806e+02 7.020101273592143677e-03 3.330052274923381361e+01
2.295455705244910405e+02 1.002471706016281813e-02 3.364959834777235415e+01
2.294497271170203589e+02 1.028702478756184438e-02 3.116841089209510329e+01
2.291704512937058666e+02 8.630753662977079174e-03 3.089616346436969252e+01
2.297157190756814771e+02 8.680001161204169494e-03 3.418418149621157198e+01
2.297629142492193068e+02 7.060017666891995648e-03 3.440822650946174122e+01
2.297503934615911021e+02 5.834014158396542624e-03 3.423092566634456801e+01
2.300971995280534372e+02 6.698178153602428464e-03 3.482134355469479203e+01
2.302787429135441926e+02 7.057425693301096203e-03 3.735545289036159033e+01
2.303972743842507498e+02 7.173546110173392373e-03 3.736648173799086692e+01
2.300424954070227841e+02 7.337877235836419432e-03 3.699490677189388066e+01
2.302760773279033231e+02 7.382977576318070292e-03 3.719988470901467537e+01
2.305770785554620090e+02 7.948027819134156208e-03 3.725882826205060638e+01
2.300433751228595440e+02 7.775402377980251099e-03 3.671899118314263433e+01
2.304968269059300212e+02 6.823111280683783267e-03 3.716695109256870921e+01
2.303409673867514869e+02 7.731857221653140252e-03 3.709569566497600590e+01
2.299935143636808448e+02 7.560786964653774291e-03 3.657048820340979489e+01
2.303759128930987288e+02 7.013362142255804774e-03 3.699081560077800646e+01
2.300735835382720325e+02 7.091121349982788986e-03 3.656991900600922918e+01
2.303882574265227277e+02 7.132592927437180971e-03 3.684242252072542101e+01
2.300169043333651189e+02 7.154365505600736828e-03 3.639859214362437001e+01
2.303972023273849175e+02 7.539014386490219301e-03 3.689171511929298930e+01
2.299448298421177128e+02 1.577734324780511593e-02 3.642385248145183851e+01
2.300407738181637285e+02 7.462291968199594519e-03 3.643164810122382846e+01
2.304891126741287906e+02 6.842810279974619395e-03 3.687799165591861339e+01
2.304532667161560937e+02 7.666539487162473548e-03 3.682229377221321442e+01
2.302284010840670305e+02 8.103027839869944918e-03 3.638935175777280762e+01
2.305642358447138349e+02 7.257007659800356059e-03 3.679646268180102453e+01
2.305541877998913378e+02 7.440519390036038662e-03 3.672174696946447625e+01
2.304808085091382566e+02 7.950101398006876804e-03 3.676779026993849442e+01
2.301985021503012945e+02 7.582559542817330148e-03 3.631340744995417680e+01
2.304583319509474109e+02 7.736522774116759427e-03 3.669881992626353195e+01
2.303293387564332875e+02 7.387643128781689467e-03 3.671405347345196901e+01
2.301507300034421348e+02 7.487174914672229536e-03 3.623895871089748510e+01
2.304588290914821584e+02 7.536940807617499571e-03 3.669388636373061985e+01
2.304244693711664809e+02 7.452960863272356171e-03 3.664342322988939316e+01
2.302468336450613435e+02 5.047090976199461280e-03 3.644689408988549673e+01
2.303010198897685541e+02 7.181840425664271291e-03 3.658116454263070949e+01
2.305818488236587029e+02 5.264816757835018117e-03 3.684037589837804916e+01
2.304321343554694863e+02 7.636472593508039641e-03 3.657737041168834935e+01
2.304489194580494313e+02 7.421338785463382250e-03 3.648422110156803910e+01
2.301341092319878499e+02 5.613696403170087210e-03 3.614430035375255557e+01
2.303578893455370462e+02 6.757793546193116563e-03 3.651412832964927446e+01
2.303564829406666092e+02 8.611054663686243046e-03 3.650270913079720714e+01
2.300774652779217888e+02 6.996255116555868091e-03 3.626596500213578622e+01
2.302825826632217741e+02 6.866656437010894981e-03 3.648908312562984690e+01
2.302553586462018131e+02 7.505318729808525650e-03 3.654413975506886203e+01
2.300261198362702260e+02 7.269449133036673567e-03 3.610386504733980217e+01
2.303369073193186978e+02 7.434817048136060057e-03 3.647183094940882597e+01
2.299187509590302341e+02 7.169398952427953782e-03 3.607978302070675625e+01
2.301875733528526098e+02 7.703863906871426075e-03 3.645488825483455031e+01
2.298457086248439509e+02 7.352392287945456670e-03 3.602639976941802757e+01
2.298295621845568064e+02 1.624856404663064038e-02 3.614794777898966771e+01
2.301287801342849662e+02 8.650971056986095017e-03 3.639232993542875505e+01
2.301231021569367385e+02 7.441556179472398960e-03 3.617072500611705976e+01
2.302062516329433493e+02 7.156439084473455690e-03 3.646842820647869132e+01
2.301581777803582440e+02 7.439482600599679231e-03 3.644582049442414728e+01
2.300226465916584004e+02 7.848496033243616138e-03 3.599927787615757779e+01
2.303037357596971049e+02 7.787325456498388893e-03 3.630756254950669870e+01
2.302831134994131901e+02 7.578412385071890689e-03 3.632322688270593858e+01
2.297756185485777394e+02 7.672760223780631869e-03 3.585821075026230886e+01
2.302130799281712257e+02 7.129482559128101811e-03 3.627939712767854274e+01
2.301247594648507686e+02 8.260619834196633940e-03 3.621721619962758609e+01
2.296912197413003014e+02 7.402158180890726705e-03 3.578580396800052910e+01
2.300775943582065963e+02 7.416673232999763943e-03 3.630051860207606751e+01
2.299883941790493793e+02 7.897225136752526742e-03 3.612226339428272581e+01
2.297417388617710969e+02 7.484582941081330092e-03 3.570814481045415789e+01
2.299050715592069025e+02 8.006088027570305160e-03 3.619110724964645698e+01
2.298535462345881228e+02 8.127910786342579935e-03 3.609012447693972803e+01
2.295125280451542551e+02 7.755184983971235256e-03 3.567241756487191395e+01
2.298578100311451635e+02 7.327509341472821652e-03 3.623007342542788223e+01
2.299142626975602184e+02 8.187007784215088319e-03 3.621063310510141520e+01
2.296096083424225185e+02 7.466957520663213693e-03 3.576883846405866052e+01
2.298734147489518023e+02 7.570118069581012639e-03 3.620490017791306769e+01
2.299044982146485836e+02 8.017492711370262370e-03 3.618050659605439279e+01
2.296287930941529112e+02 8.081773656424569643e-03 3.585037365891286498e+01
2.297876142023564228e+02 7.445184942499657836e-03 3.837613269245922254e+01
2.298050213785981839e+02 7.215017687627784358e-03 3.827210435078318795e+01
2.300654022328297401e+02 7.083345429210090652e-03 3.872857111753459947e+01
2.296047722380966150e+02 7.921071293788802328e-03 3.580585547569972960e+01
2.300252313077232600e+02 7.863011085352653376e-03 3.860665763968663811e+01
2.297704216415279745e+02 7.600184963235446546e-03 3.827315098971919838e+01
2.298839957035445707e+02 1.709717620029112956e-02 3.851845485196720631e+01
2.302449943806012413e+02 8.782124920685608141e-03 3.870005215050864678e+01
2.301081039609503591e+02 7.399047812581647544e-03 3.846086741951403809e+01
2.304541303617565688e+02 7.812726797689203626e-03 3.885186974606953214e+01
2.305692466480597602e+02 7.831907402261860038e-03 3.894236850399578742e+01
2.302465127587308018e+02 8.005051238133945729e-03 3.858035377329147764e+01
2.307765309232817401e+02 8.136205101833458853e-03 3.899830070211380928e+01
2.308446282902512792e+02 7.983797054688568720e-03 3.901349640648781048e+01
2.305894469350430711e+02 8.408880723596082879e-03 3.610247885986339611e+01
2.306874219815949232e+02 7.415118048845223929e-03 3.621243504514180955e+01
2.310253334314827214e+02 8.098880682124505459e-03 3.660364887674232648e+01
2.311978468993775095e+02 8.793529604485565351e-03 3.669058885492827216e+01
2.310790572681013089e+02 8.168863969078791337e-03 3.636424330959776796e+01
2.313877737642506816e+02 7.958395713497753987e-03 3.682371624731990067e+01
2.313715241634145912e+02 8.479900799986729923e-03 3.683751280434953657e+01
2.310785523516458113e+02 8.256472676451194481e-03 3.636715254075619441e+01
2.313757537459202354e+02 7.821021113180082543e-03 3.677909127479482265e+01
2.313531600305230711e+02 8.128947575778939366e-03 3.675076100344628571e+01
2.309869457842067959e+02 7.974465949761330372e-03 3.631164594470180162e+01
2.313231449763404726e+02 7.749482642071256651e-03 3.670277735154211740e+01
2.312601636468446316e+02 8.320753621505501754e-03 3.667099197939692345e+01
2.309419361628008289e+02 8.390218513741607917e-03 3.617888557577064290e+01
2.312329339274828044e+02 8.137760285987997999e-03 3.667122162825707221e+01
2.311621911922663912e+02 8.393328882050686210e-03 3.655925199789324154e+01
2.308492321537434293e+02 8.006088027570305160e-03 3.622277028063816573e+01
2.311770737862306078e+02 7.801840508607426131e-03 3.659247228661836715e+01
2.308568712183105447e+02 8.357041251778093982e-03 3.613969078791849654e+01
2.310704793906995747e+02 8.405251960568824871e-03 3.654023157728850180e+01
2.305767768497360350e+02 7.768663246643912196e-03 3.589946252835618878e+01
2.310369418444069254e+02 8.079700077551849047e-03 3.659144016273447164e+01
2.306683994874113068e+02 1.780322980645214839e-02 3.624577145428380476e+01
2.306313441145610739e+02 8.805971077721883727e-03 3.600255672275006447e+01
2.307010262141841110e+02 7.549900675571996796e-03 3.608957290495958858e+01
2.306939760460168714e+02 8.251288729269395592e-03 3.627441276246324264e+01
2.308538878567074164e+02 8.511522877795702977e-03 3.636808305927532814e+01
2.304264107593860444e+02 8.568546296795490763e-03 3.585188892667410698e+01
2.307290651477010215e+02 7.652024435053436310e-03 3.627650604033525639e+01
2.305425545040206714e+02 8.725101501685820354e-03 3.620805409137847164e+01
2.303075407769285334e+02 8.055335525797395479e-03 3.588402577043822816e+01
2.307447211865847692e+02 7.737041168834939142e-03 3.650923675708853011e+01
2.307405569218136350e+02 7.798730140298346103e-03 3.653393722862036697e+01
2.303505296957230257e+02 8.670151661558751430e-03 3.604264677828050623e+01
2.306247770902711807e+02 8.171455942669691649e-03 3.644448666481427068e+01
2.305987324212350984e+02 8.280837228205649783e-03 3.649536866158778281e+01
2.302589158707579884e+02 8.345636567978136772e-03 3.601982445081263506e+01
2.305547803250542245e+02 8.093178340224526854e-03 3.639938425075374795e+01
2.305900104301017279e+02 7.856271954016315340e-03 3.636496491504547635e+01
2.303361504630301511e+02 7.545753517826557337e-03 3.597734770599969067e+01
2.306476611067105296e+02 7.645285303717097407e-03 3.637642091992253057e+01
2.307017488564212613e+02 8.113914128951722413e-03 3.637723946518253371e+01
2.304410367479647732e+02 7.772810404389351654e-03 3.597220108323760002e+01
2.307321941782199701e+02 7.635435804071679343e-03 3.640192853203057410e+01
2.307052926027147350e+02 8.154867311687933815e-03 3.617335067536463811e+01
2.303963288322847802e+02 8.027342211015680434e-03 3.580877092759477165e+01
2.306538217095413756e+02 7.746890668480357206e-03 3.618116340216232629e+01
2.306349200013270888e+02 8.596539611577205808e-03 3.610139593329711261e+01
2.303406247278427657e+02 8.371037909168951505e-03 3.564105675800090722e+01
2.304174865943125781e+02 7.230051134455001312e-03 3.571129457676181573e+01
2.307894342862119572e+02 7.699198354407806900e-03 3.618160248248862843e+01
2.302814732985248440e+02 7.796656561425627241e-03 3.555605920482397408e+01
2.302539423918317709e+02 1.749582173857146955e-02 3.569117878811756128e+01
2.304212465112035488e+02 9.161589854393291724e-03 3.582668353868675837e+01
2.301421287982780939e+02 8.087475998324548249e-03 3.548744759029398921e+01
2.304709641934400395e+02 7.759850536434854430e-03 3.585807182047783215e+01
2.305309533486225178e+02 8.000385685670326555e-03 3.593245005785284718e+01
2.301718670296812093e+02 7.688312065326028538e-03 3.538023993381136023e+01
2.305997609163559616e+02 8.642676741495216100e-03 3.579040627630853066e+01
2.304042219102638001e+02 8.595502822140846377e-03 3.305970455648221673e+01
2.301700682000091263e+02 8.050669973333776305e-03 3.240069838136432878e+01
2.301069733420700061e+02 7.687793670607848823e-03 3.246696892534701107e+01
2.297266857159445692e+02 8.529148298213818508e-03 2.948551656996877313e+01
2.294887824566933148e+02 7.931439188152400108e-03 2.901539528634050669e+01
2.287535929937916990e+02 9.907559853854160797e-03 2.614230090532453588e+01
2.286363315901446924e+02 9.584599944428087021e-03 2.603102022154116568e+01
2.277933751228595440e+02 1.114963359861319107e-02 2.266038303148936706e+01
2.277188289255958296e+02 1.139742627390318008e-02 2.253183565643286457e+01
2.277902149886575103e+02 1.024503481538927355e-02 2.026393133965636650e+01
2.274381892057778316e+02 1.023933247348929494e-02 1.959956237117891220e+01
2.276693393370353533e+02 8.308312148269183378e-03 1.998459797452815678e+01
2.273961095513190003e+02 7.567526095990113194e-03 1.702999120802557798e+01
2.270573546732246939e+02 7.117041085891784302e-03 1.665123491989764659e+01
2.271613586503489728e+02 7.280853816836630778e-03 1.706347847003056373e+01
2.271897625337474835e+02 7.027877194364842012e-03 1.725012856189010790e+01
2.265123533461342333e+02 6.611606235666385618e-03 1.411448384474700291e+01
2.267807226629729200e+02 6.246137959349559558e-03 1.475802993418460574e+01
2.265280461910429608e+02 7.587225095280949322e-03 1.453697865043192650e+01
2.261272503514716163e+02 6.447275110003359427e-03 1.450865719179360447e+01
2.261723952738990420e+02 9.098864093493523597e-03 1.479071679474472134e+01
2.259427267147460441e+02 9.663395941591429797e-03 1.499451019993447431e+01
2.254671602129980101e+02 1.011232576753521954e-02 1.482577531114050906e+01
2.253734054178468682e+02 2.229304646060822209e-02 1.498385148613397888e+01
2.254074738003309335e+02 1.678665776410137242e-02 1.546339511215988161e+01
2.253626554665759727e+02 2.100120682290392352e-02 1.547089680212666174e+01
2.248182964305413236e+02 3.235767991407088873e-02 1.535277693682634670e+01
2.246923560625225491e+02 1.345960046282280477e-02 1.541775823314491412e+01
2.246870290383985207e+02 4.869281587863757282e-02 1.582592201684575528e+01
2.242167522363548073e+02 2.219299627999950231e-02 1.314369642390587600e+01
2.241396145838949394e+02 9.226078157334870189e-02 1.591736062439606947e+01
2.240357889345536933e+02 1.207626415735975345e-01 1.602314528737729660e+01
2.238775359869613339e+02 1.491587490513376635e-01 1.606452510896657060e+01
2.237238827557033858e+02 1.797912113433058623e-01 1.610323675294137047e+01
2.236460649693732421e+02 2.541108701151665872e-01 1.625218710731600069e+01
2.236201369391487503e+02 2.712536650506575109e-01 1.644322903922796542e+01
2.235406742863778220e+02 8.198412468015045529e-02 1.631636385503195541e+01
2.234668496945618301e+02 2.609427941060594169e-01 1.640994498795250678e+01
2.234164695038755326e+02 3.544026226625582310e-01 1.665374395033363797e+01
2.233134069315594559e+02 3.877146672527982951e-01 1.674578182217817002e+01
2.232487905851224923e+02 4.288876493495182851e-01 1.679578254793077718e+01
2.231146512862409850e+02 4.609005967759995936e-01 1.683841792152747985e+01
2.230656147746641977e+02 5.146301357364729823e-01 1.691872814966262695e+01
2.230734757121706764e+02 5.449080160412062002e-01 1.703796722915949502e+01
2.229621167507848440e+02 5.823501113511854177e-01 1.720787783717429420e+01
2.228293869671420566e+02 5.719371166471058920e-01 1.722619894330420820e+01
2.227057498268561631e+02 5.508685185108386229e-01 1.707218905648014129e+01
2.226795937029556853e+02 5.210763740570399927e-01 1.731125507508428996e+01
2.225587154593599166e+02 5.165601192722567570e-01 1.738426682398218404e+01
2.225171132464365655e+02 9.706811499238996443e-01 2.001230254345184534e+01
2.225463735179095011e+02 9.861630081823422600e-01 2.023721483106552910e+01
2.225343602387104056e+02 9.820241447523939682e-01 2.035329999709698967e+01
2.225399827478237853e+02 1.364569379875502309e+00 2.058470206818756765e+01
2.226664332162452524e+02 1.599942872902056612e+00 2.314208525312177400e+01
2.226689702399960140e+02 1.429766846791551416e+00 2.313956118923895389e+01
2.226352476267889813e+02 1.456344943992634589e+00 2.314962323071882722e+01
2.226966483707890916e+02 1.999695183905710216e+00 2.329079870111019446e+01
2.227254400134367813e+02 2.039435841396099125e+00 2.310292986326820852e+01
2.227685460894375922e+02 1.946486631637007525e+00 2.318949400528347837e+01
2.227771053046294583e+02 1.858627021221006093e+00 2.322068166831861902e+01
2.228288493918193183e+02 1.789532781208398760e+00 2.315351741184179346e+01
2.228025019802678344e+02 1.749532407964201841e+00 2.310924961327754090e+01
2.228428621194464370e+02 1.669277129669181292e+00 2.312166050122548455e+01
2.228433659991125069e+02 1.585885044934454147e+00 2.302072904959586097e+01
2.228931671428986192e+02 1.549029772445454478e+00 2.312188237416486558e+01
2.230837150446441512e+02 1.335613406102127865e+00 2.549686889590219252e+01
2.229348528173716204e+02 1.495102725097354535e+00 2.306801753418294609e+01
2.230879000452040088e+02 1.258220185046178496e+00 2.539333665797146011e+01
2.231401780789535962e+02 1.237500466555246259e+00 2.535316003052308176e+01
2.231710189359222625e+02 1.179006361739981523e+00 2.537111670516611284e+01
2.231661553566763132e+02 1.094079310244723713e+00 2.531519539333717717e+01
2.231264945319725257e+02 1.001334866399313128e+00 2.528422960324141755e+01
2.231336701516615619e+02 8.995330300378635568e-01 2.525185377951221000e+01
2.233020644551256737e+02 1.379525585889710415e+00 2.547278997963745439e+01
2.231991724346719081e+02 1.356120064363888211e+00 2.539859577238739519e+01
2.232577686632466509e+02 1.294113835332954654e+00 2.541340682788051097e+01
2.232869029648030619e+02 1.200167234136084726e+00 2.542656938816981693e+01
2.233837696834474400e+02 1.119699932401328812e+00 2.548271153614869888e+01
2.235232251201638860e+02 9.944993136453931237e-01 2.780852261652476543e+01
2.235461029158666122e+02 9.695251297023584902e-01 2.790058122415802444e+01
2.235903017679333402e+02 8.722276250471738823e-01 2.784759454482870211e+01
2.236506921606277274e+02 7.810850208809392292e-01 2.785617812457232390e+01
2.239720196450862488e+02 7.143105972321869279e-01 2.800939072031982846e+01
2.239164586175864429e+02 7.711302871077306831e-01 2.802620692658286572e+01
2.238281096425564840e+02 6.140385436840860578e-01 2.780627848578976469e+01
2.240722818491346970e+02 5.683404940923737492e-01 2.788655812863654049e+01
2.240274147862762391e+02 5.109153191859958643e-01 2.776526724284511616e+01
2.241463075781013572e+02 4.938559858001319025e-01 2.777475645816139860e+01
2.244774534585222057e+02 4.067143520688096259e-01 2.788744147323631850e+01
2.241335441817450373e+02 3.674164036677463052e-01 2.755802340241115900e+01
2.241472318758838753e+02 3.693624574397936233e-01 2.765933069021146196e+01
2.242849356568475798e+02 3.433250459297720325e-01 2.762499585284225390e+01
2.242723557722215162e+02 3.267436724740698795e-01 2.752594461885546906e+01
2.242752499699330997e+02 3.151788047061945819e-01 2.742880833495763682e+01
2.241953269826524320e+02 2.883498044615123157e-01 2.742462592637136254e+01
2.242606778944050632e+02 2.852492856520783548e-01 2.744254061104222231e+01
2.241334332452753415e+02 2.641542493851838369e-01 2.733300225190665600e+01
2.240928165007112511e+02 2.295596962621667125e-01 2.733565176731127266e+01
2.241220244143176501e+02 1.987566821079173318e-01 2.737306275893816121e+01
2.242930853402120874e+02 1.600709578690244772e-01 2.754639321690879328e+01
2.245396141691791456e+02 4.316206263037627305e-02 3.003631147642962773e+01
2.247018489066018674e+02 3.446547283819034746e-02 3.005591612788175482e+01
2.250488887690821116e+02 2.958686014539935183e-02 3.038356802790207567e+01
2.250947355979579356e+02 3.516737928660592510e-02 3.043767547661210315e+01
2.252438694640628114e+02 2.562010376188679148e-02 3.035441506413579305e+01
2.252259350803926452e+02 3.101866635701222216e-02 3.030651331859709785e+01
2.250257263746791239e+02 2.875691020159333935e-02 3.014515674182698746e+01
2.252736953041732875e+02 2.495707691733470637e-02 3.020763782041977663e+01
2.253528220371668169e+02 2.198252802441846496e-02 3.023029789034085368e+01
2.255391559082482900e+02 1.953363137573663894e-02 3.027385808011479185e+01
2.256699282334352290e+02 1.984466820664457579e-02 3.034761217024912128e+01
2.258229910131091742e+02 1.964197587183623764e-02 3.074614521687561464e+01
2.256101060013519657e+02 1.761297894488012689e-02 3.021609802222047136e+01
2.257328535763014941e+02 3.008607425900659132e-02 3.026663476811167541e+01
2.256621922290558189e+02 1.476699194207250002e-02 3.012626436471764180e+01
2.256853287037229165e+02 1.327090478540532241e-02 3.008145691725176007e+01
2.256715596216133406e+02 1.388053697398487947e-02 3.002539304687532251e+01
2.258550511344550102e+02 1.239533610639947936e-02 3.018341945597584797e+01
2.258407304803652949e+02 1.279605522355253822e-02 3.019529536057462948e+01
2.256126010351305808e+02 1.204956682937348943e-02 2.997027732043843784e+01
2.258162461794309195e+02 1.089976734445048147e-02 2.988075469976651632e+01
2.258853015398396735e+02 1.108846302186796209e-02 2.997318447801799124e+01
2.256978463809827815e+02 1.064005159064235380e-02 2.983321583053054482e+01
2.258411633399549601e+02 9.839131751054414066e-03 3.001113252657291497e+01
2.259880997308494557e+02 9.402125003628762981e-03 3.243149932193971097e+01
2.259577710478623374e+02 9.315553085692721003e-03 3.239679746111002601e+01
2.260857824027802678e+02 9.194767116356805658e-03 3.259224678491595739e+01
2.259649943598654716e+02 9.090569778002646414e-03 3.244092788507396108e+01
2.264275719635547830e+02 9.550904287746393370e-03 3.298470424544538560e+01
2.269142735838493081e+02 8.848997839330813991e-03 3.323074111782489837e+01
2.265580519141206537e+02 9.232091536065757317e-03 3.279639632727710108e+01
2.269838276399769370e+02 8.884767074885228239e-03 3.328370550618134160e+01
2.269487820834491174e+02 8.864031286158030945e-03 3.322350225398023582e+01
2.265231872773494786e+02 8.986372439648487170e-03 3.253961624275802933e+01
2.268342401784936726e+02 8.304164990523743919e-03 3.297800347531818943e+01
2.268499029565087426e+02 9.328512953647217359e-03 3.291098851652020585e+01
2.266818062116128658e+02 8.847442655176274845e-03 3.263136070319206539e+01
2.269743379062659301e+02 9.196322300511344805e-03 3.301295623919146749e+01
2.267481633275134811e+02 9.252827324792952876e-03 3.286180840960647487e+01
2.264839608674195119e+02 8.993629965703004922e-03 3.215718298089404215e+01
2.266249139464767950e+02 8.305720174678284801e-03 3.253895580788706354e+01
2.269414177680826583e+02 8.660302161913333366e-03 3.286816548403551508e+01
2.267336990780868291e+02 8.801305525258264553e-03 3.248901936307951388e+01
2.266346255531271652e+02 2.030500271638832274e-02 3.232215950798120474e+01
2.262005373679648699e+02 9.379315636028846825e-03 2.959152310588937951e+01
2.263365859145934280e+02 7.899298715625245604e-03 3.211433921262062796e+01
2.263678751829933447e+02 7.901372294497966201e-03 3.212536702346046980e+01
2.267603119077340352e+02 8.147609785633416063e-03 3.270767099768173836e+01
2.266510052710374907e+02 8.640603162622497238e-03 3.264285144051524412e+01
2.267723288156961701e+02 8.002459264543045417e-03 3.245172241829062187e+01
2.271516688162767537e+02 8.252843913423934738e-03 3.296149986107021590e+01
2.272193328052619279e+02 8.527593114059279361e-03 3.300133020084685143e+01
2.271447311397633655e+02 8.010753580033924334e-03 3.260659595071517458e+01
2.272163769185788453e+02 7.835536165289119781e-03 3.295123927441328249e+01
2.271128737107523250e+02 8.304164990523743919e-03 3.302778025455253896e+01
2.269722892103396816e+02 8.048596394461055709e-03 3.260563692048654616e+01
2.273021997561471323e+02 7.928847214561499795e-03 3.301139379751087688e+01
2.273550345458240258e+02 8.035118131788379636e-03 3.299466208958690316e+01
2.272483753509532107e+02 8.012308764188463481e-03 3.260184693670193212e+01
2.275452543037129374e+02 8.336823857769078139e-03 3.289354090549042553e+01
2.275557471312036171e+02 8.108730181769923523e-03 3.288536893115303172e+01
2.270385369449547852e+02 8.087475998324548249e-03 3.248613760684115448e+01
2.272687632968245168e+02 7.672241829062452154e-03 3.262337120379547883e+01
2.272255027391976796e+02 8.161088048306093870e-03 3.254103508910168330e+01
2.267857925633167326e+02 8.679482766485988043e-03 3.215275951876381555e+01
2.271180415876978600e+02 8.150720153942496091e-03 3.269289778500304777e+01
2.271061325058371381e+02 8.337342252487257854e-03 3.252269272878832140e+01
2.268492077891916665e+02 8.160051258869734439e-03 3.211742573477267371e+01
2.268472664009721029e+02 8.051706762770135736e-03 3.212052677197682726e+01
2.263614284262780529e+02 8.261656623632993371e-03 2.947737466252503680e+01
2.269899467712303363e+02 8.546255323913756058e-03 3.252278085589041723e+01
2.269744483243409263e+02 8.060519472979194369e-03 3.239649834735763534e+01
2.272722666083299714e+02 8.153830522251574384e-03 3.287868060249907387e+01
2.268991229798157860e+02 1.734859763860837831e-02 3.252227075548772461e+01
2.268515939600794695e+02 8.985335650212127739e-03 3.236147248982909730e+01
2.270829711482235780e+02 7.868195032534452266e-03 3.243189019155721553e+01
2.272153769351674839e+02 8.139833864860716861e-03 3.273724593474862132e+01
2.271641315436965272e+02 8.555068034122814691e-03 3.273742737289997962e+01
2.268526027562010370e+02 8.057409104670114341e-03 3.230217953875311565e+01
2.270745596755263875e+02 8.179231863442389117e-03 3.267193079223154228e+01
2.272123863160383053e+02 8.503228562304824059e-03 3.287764329466799751e+01
2.279841008339934092e+02 5.937174707314342437e-03 3.294604029378465526e+01
2.287874249882842719e+02 5.687308453151632831e-03 3.371396379116572461e+01
2.293831393154701459e+02 6.999883879583127834e-03 3.412135620352591303e+01
2.298574098304227107e+02 7.653061224489795741e-03 3.423393391089416582e+01
2.301140007008696671e+02 9.106121619548043084e-03 3.397611288978098543e+01
2.309072441514707918e+02 6.930937382065201387e-03 3.483590681751261542e+01
2.313685687951262651e+02 7.558713385781054561e-03 3.520895402460923407e+01
2.312486319563387269e+02 7.358613024563614990e-03 3.499613225700765895e+01
2.320781106793459116e+02 8.125318812751681358e-03 3.570948019524819017e+01
2.320404695204641428e+02 8.444649959150495391e-03 3.564122575467902720e+01
2.323269396256775394e+02 8.393847276768865925e-03 3.547752914415105607e+01
2.324389657610656457e+02 8.621422558049840826e-03 3.567483069228504178e+01
2.328610800650274371e+02 2.795184320425996103e-03 3.609193730326920502e+01
2.328609442456112788e+02 2.557759539499604006e-03 3.616229694478889201e+01
2.325177918251226572e+02 3.937726279294485876e-03 3.578711758021639611e+01
2.326331818238370204e+02 4.535953784074084859e-03 3.584594656801960610e+01
2.325696914307279428e+02 4.392876841856433942e-03 3.585887066673855372e+01
2.326151608682489496e+02 4.611121018210169627e-03 3.596229559696261902e+01
2.325844480547756632e+02 4.746940434373301924e-03 3.585206103372053832e+01
2.324955495813444202e+02 4.563428704137619321e-03 3.581262467392972582e+01
2.325600845398106458e+02 4.876539113918275901e-03 3.824078708906850466e+01
2.322564991145818283e+02 4.729833408673366109e-03 3.577148694267383888e+01
2.323830299341846057e+02 7.897743531470706457e-03 3.841106990449095804e+01
2.322655632462291919e+02 4.828846799845725596e-03 3.809966656851726441e+01
2.320132807542850628e+02 5.111890315971948269e-03 3.567956363606202785e+01
