2.020890524602088760e+02 3.333386445903115725e+00 2.797221981676163338e+01
2.021035175531270056e+02 3.342408077729091431e+00 2.798646322243197915e+01
2.021133462650894614e+02 3.346152513898751124e+00 2.799629193439443142e+01
2.021673011309513583e+02 3.376644902059266595e+00 2.806268899703839637e+01
2.022702783214118654e+02 3.398441261538994507e+00 2.796825022948094031e+01
2.024089246436550695e+02 3.407163269194132038e+00 2.745254507352049700e+01
2.024950795822580858e+02 3.398976428410606321e+00 2.684344030897660005e+01
2.025484663745475302e+02 3.341753407575469126e+00 2.669704878851382901e+01
2.025642685186788867e+02 3.311797918218188919e+00 2.663842117113216545e+01
2.025806335405878258e+02 3.278333535392022657e+00 2.664342991738686095e+01
2.025844940161762509e+02 3.265337120490483080e+00 2.668907324338834997e+01
2.026015414191447803e+02 3.284975493167529681e+00 2.667975198739153697e+01
2.026415628950969108e+02 3.296016557266319147e+00 2.671076049117580808e+01
2.026701796013093428e+02 3.304634649024056348e+00 2.674628067683887878e+01
2.027339804984499096e+02 3.321224822044025693e+00 2.680140113268328150e+01
2.027838116351166491e+02 3.330284556365714632e+00 2.680003983442733784e+01
2.028494760906839360e+02 3.353618871126967882e+00 2.685903288938152755e+01
2.028931034482758662e+02 3.365406397755416723e+00 2.686187152531218203e+01
2.029233187273766532e+02 3.366864684182268697e+00 2.686415767505499019e+01
2.029787821056824555e+02 3.379963283049585154e+00 2.682450856440187792e+01
2.030153362545246694e+02 3.380527892758793840e+00 2.688311193474081762e+01
2.030592008867489824e+02 3.395942084206515332e+00 2.690640641507473418e+01
2.030987634008209284e+02 3.416288816917508075e+00 2.692695405185403246e+01
2.031119641836540382e+02 3.419444396335232561e+00 2.687189940941131638e+01
2.031182753424894827e+02 3.427161883648833562e+00 2.683362198860389114e+01
2.029817489045532568e+02 3.396286738599560096e+00 2.677316371949635254e+01
2.027043055820156212e+02 3.332272813869308514e+00 2.660206446249502221e+01
2.023546666897590853e+02 3.235433589081903261e+00 2.641999688252307976e+01
2.020911654167893516e+02 3.171081937685100272e+00 2.631611735568679578e+01
2.019962988621209377e+02 3.163459706610782796e+00 2.628437451289423166e+01
2.019802490517674300e+02 3.168051057344256183e+00 2.627423058937633016e+01
2.020302932160238356e+02 3.191773324789137334e+00 2.631251493791025098e+01
2.020985555690261322e+02 3.207533902561527039e+00 2.637249692582136973e+01
2.022230468141117683e+02 3.220403886454562770e+00 2.646852041081418250e+01
2.023280365091186184e+02 3.249119312769531920e+00 2.651330123486724588e+01
2.023427198254212840e+02 3.246313583539721659e+00 2.656831257901938059e+01
2.023235646616671488e+02 3.253033478238279042e+00 2.652315765773567335e+01
2.023367654445002586e+02 3.242369975233377666e+00 2.650007100919655656e+01
2.023084293112108014e+02 3.240198132977710088e+00 2.649369923275429173e+01
2.023016020367515750e+02 3.222960217530611793e+00 2.646677808760110295e+01
2.023241292713763642e+02 3.232433883510279049e+00 2.650172500389684771e+01
2.024236062280261308e+02 3.257943504390446776e+00 2.653635844056876536e+01
2.024941962971302019e+02 3.291539514019986346e+00 2.658820381371343444e+01
2.025524186425119808e+02 3.303933216716604004e+00 2.658292661805711887e+01
2.026434939988569113e+02 3.322864961291328356e+00 2.659134034188330276e+01
2.026954502156254989e+02 3.339574637593307749e+00 2.657507057621365121e+01
2.027217773082318786e+02 3.349197249692581924e+00 2.656010668698799648e+01
2.027712274199414537e+02 3.359393131159182033e+00 2.664492977017267350e+01
2.028207381492578634e+02 3.355799373040752265e+00 2.676174163044042942e+01
2.029094927172275220e+02 3.369748350335128873e+00 2.681139611008157431e+01
2.029525190945461475e+02 3.385250870295640535e+00 2.686084622179116366e+01
2.029827655484161539e+02 3.395561059249380786e+00 2.690902163182597562e+01
2.030235542700774261e+02 3.440192937182839916e+00 2.684033149171270694e+01
2.030666239456866151e+02 3.483020142364779304e+00 2.684535928921526349e+01
2.031269575157172653e+02 3.494915048753875375e+00 2.685622196435684828e+01
2.031279551083323156e+02 3.499397287795077638e+00 2.683960581236252807e+01
2.029610055595005065e+02 3.443190910822840678e+00 2.674108315003723746e+01
2.027549386030239589e+02 3.361991028594191189e+00 2.660573615753650145e+01
2.025831656246211310e+02 3.285465629816934907e+00 2.651717902977190633e+01
2.024929129357973068e+02 3.260392455705848569e+00 2.644336410398517501e+01
2.024093212559968151e+02 3.210112748748679579e+00 2.643369472973207124e+01
2.024264483278200260e+02 3.227141100469353319e+00 2.642552001246990656e+01
2.024895477926531555e+02 3.238700012123521432e+00 2.656363116784149270e+01
2.025510019224441010e+02 3.251750116905384402e+00 2.663438577044978217e+01
2.026432290133185461e+02 3.285451774363948196e+00 2.674218639048130441e+01
2.027635947972773920e+02 3.303635324477389723e+00 2.682681030152929580e+01
2.029042917265626329e+02 3.337472072602573725e+00 2.687562133046987256e+01
2.029291241621780841e+02 3.349479554547186488e+00 2.682589757356379678e+01
2.028484663745475416e+02 3.333499021458632861e+00 2.675426488162247196e+01
2.027980602365818470e+02 3.326301113632033957e+00 2.675683333621988780e+01
2.028227627773255506e+02 3.339519215781360906e+00 2.672851971804153237e+01
2.028348343407402297e+02 3.349657943504390278e+00 2.670612237828850510e+01
2.027995115952822118e+02 3.368529070472297882e+00 2.668367827638164869e+01
2.028911515613363576e+02 3.401238331110687962e+00 2.672958658792150999e+01
2.031135714162005002e+02 3.451776095879734552e+00 2.686344931502104316e+01
2.032481303798126078e+02 3.504277871109648501e+00 2.693527078750931025e+01
2.033203450007793833e+02 3.511248895893590127e+00 2.694089610142191660e+01
2.033415421119174198e+02 3.497211590086423350e+00 2.697485754862398011e+01
2.034009768094355763e+02 3.485792964893745793e+00 2.697643880219608903e+01
2.034226519337016441e+02 3.479810873066731425e+00 2.700864580266371107e+01
2.033938654981901379e+02 3.460707667261296638e+00 2.697868338557993795e+01
2.033292523251182047e+02 3.450613969760473854e+00 2.693983096347356110e+01
2.033326798178007948e+02 3.488745908311539967e+00 2.690026325360674875e+01
2.034446561249761771e+02 3.526074230589376413e+00 2.691281802594433614e+01
2.035826928072879696e+02 3.566300074473059745e+00 2.696941408753182401e+01
2.036777308231870904e+02 3.605983823758637907e+00 2.698990110670430909e+01
2.036040024939815396e+02 3.577233758811201980e+00 2.692762430939226448e+01
2.034057101785621455e+02 3.521688979719080681e+00 2.682487573390602620e+01
2.031981554928211438e+02 3.454093420391763036e+00 2.671625764214828891e+01
2.030326469110999597e+02 3.409610488577910825e+00 2.667282772476142583e+01
2.028803304525537214e+02 3.358166923569857243e+00 2.662762604132388944e+01
2.027797433277334278e+02 3.347044458684770962e+00 2.659474012365991769e+01
2.027750272779230727e+02 3.347465318069242635e+00 2.653282356812552933e+01
2.027885986941235501e+02 3.355491089211797728e+00 2.650081054399972302e+01
2.029078387225272309e+02 3.409324719860059805e+00 2.655853062921075747e+01
2.030083860129201980e+02 3.428756992673929194e+00 2.662126985226623077e+01
2.030529018514349104e+02 3.448118256291241579e+00 2.664283759677168106e+01
2.030463101196764626e+02 3.417092433190737744e+00 2.665685585133098812e+01
2.030083773532620910e+02 3.423782885051698255e+00 2.670429519042588140e+01
2.029641403557387491e+02 3.412750480611025594e+00 2.667041168014686647e+01
2.028978246938810912e+02 3.414411403037807879e+00 2.665015327594866434e+01
2.028085730615355260e+02 3.386244999047437698e+00 2.664008209355894508e+01
2.028634389234312891e+02 3.379194305408822263e+00 2.669132821836193870e+01
2.029557006529382193e+02 3.403101889537401004e+00 2.676385285508927936e+01
2.030059249380834387e+02 3.432096156843727819e+00 2.680807599715963363e+01
2.031336635549628511e+02 3.448225636051888809e+00 2.688147352742513618e+01
2.032910892117979245e+02 3.494598105266804033e+00 2.696905211382254564e+01
2.034492561353677615e+02 3.530208351374287901e+00 2.700763608652730241e+01
2.035128214898075782e+02 3.503380730528758757e+00 2.707604738564921476e+01
2.034930359029425517e+02 3.495287414052893116e+00 2.702907220422937584e+01
2.034923206151821091e+02 3.490051784755537678e+00 2.699720639429155256e+01
2.035434333812501109e+02 3.501233135315817702e+00 2.699171097525069740e+01
2.035445522090787733e+02 3.560096295398257560e+00 2.700585392888688929e+01
2.034534248947851438e+02 3.545868477112523731e+00 2.690498969500684012e+01
2.034455515336254621e+02 3.571456034915741373e+00 2.688457368503091516e+01
2.035296731845026841e+02 3.583205459048476982e+00 2.693874504234572953e+01
2.034607630890732537e+02 3.566253312319229707e+00 2.692782521346057223e+01
2.033369005351668761e+02 3.525978974350092443e+00 2.684314241673738621e+01
2.031865065207225598e+02 3.485974817714196483e+00 2.680693985001472157e+01
2.030479589185818838e+02 3.436813938585704609e+00 2.675043038500839998e+01
2.028396023484992838e+02 3.392784772857167397e+00 2.661665079062678529e+01
2.027742669599404337e+02 3.369686000796688674e+00 2.658831985313219803e+01
2.027135021389355529e+02 3.325949531512495838e+00 2.654820485287240928e+01
2.026638424634995488e+02 3.317913368780200489e+00 2.653481009369750154e+01
2.026555846135194656e+02 3.298231697812570307e+00 2.657596078906804848e+01
2.025899634562427423e+02 3.292447046190616344e+00 2.652528966556400292e+01
2.025804083894767871e+02 3.292552694019640125e+00 2.649805677271861271e+01
2.025559950813141938e+02 3.326668283136181792e+00 2.642688823845234580e+01
2.024606764924920697e+02 3.335885623235594455e+00 2.636186113372244222e+01
2.023035712430073261e+02 3.314953497635913404e+00 2.624191967301131001e+01
2.022786643343320918e+02 3.314707563345399066e+00 2.625463205112662024e+01
2.024474064323940468e+02 3.383873984655085820e+00 2.632021856977086571e+01
2.026384610055594919e+02 3.420057500129894734e+00 2.637458909922236217e+01
2.027791302239387505e+02 3.425819636640745625e+00 2.653439962590276835e+01
2.028899513327213810e+02 3.428471223956078173e+00 2.665392542302429746e+01
2.030111172690902208e+02 3.462417083773532411e+00 2.674548398829214335e+01
2.030657978143023001e+02 3.467630197959784333e+00 2.684271982542129109e+01
2.030442040908224897e+02 3.465255719704185999e+00 2.678868355877310137e+01
2.030383813367048162e+02 3.485055162022203223e+00 2.674176206723358717e+01
2.030325187481598164e+02 3.489230849166074844e+00 2.675758499454441619e+01
2.030503351287691203e+02 3.482071043835189172e+00 2.676770640295121240e+01
2.030735066419577777e+02 3.494807668993228145e+00 2.673426626716777221e+01
2.030647413360120481e+02 3.503855279793553823e+00 2.672828937113562731e+01
2.030896967387727443e+02 3.484923535218829471e+00 2.672551308474341525e+01
2.032092485148686194e+02 3.515540622456225339e+00 2.679345849425864756e+01
2.033433467846689382e+02 3.561888844628414041e+00 2.682762430939226661e+01
2.033645300403539977e+02 3.559626941928332844e+00 2.685400162801572677e+01
2.032570221167668194e+02 3.498481095966331278e+00 2.679254576629314499e+01
2.030467396387190604e+02 3.423270233291189513e+00 2.670025459394863176e+01
2.028304785327075308e+02 3.355529191707511405e+00 2.658603023952614208e+01
2.025854483105007091e+02 3.286160134397893895e+00 2.648700358509845998e+01
2.023640104608670072e+02 3.234141568090891816e+00 2.638686156670534544e+01
2.022173833977034576e+02 3.216442958831985166e+00 2.632312475103482896e+01
2.021375413498675186e+02 3.238370945115086830e+00 2.624393390948925386e+01
2.021141585410207995e+02 3.240528931917767697e+00 2.626932402708741066e+01
2.021801139611008296e+02 3.252390931606019997e+00 2.629548139039470556e+01
2.023267652713070959e+02 3.296527477095204439e+00 2.631681359219938088e+01
2.024529745925630948e+02 3.337411454995756976e+00 2.639425864666862864e+01
2.025065744124422054e+02 3.345648521796359631e+00 2.641696427025060956e+01
2.025193907064549137e+02 3.322347113735949709e+00 2.644815116299208668e+01
2.025110930220474756e+02 3.312620585739275203e+00 2.646337657389286235e+01
2.024752073988119037e+02 3.317797329361436898e+00 2.647144391139437758e+01
2.024069138710403593e+02 3.283163892689516583e+00 2.646900188780546870e+01
2.023025736503922758e+02 3.288714733542319912e+00 2.645405878175929715e+01
2.022478688581374797e+02 3.301629747657562675e+00 2.643002823048546190e+01
2.023082301390741122e+02 3.331940282997627456e+00 2.645423890264812172e+01
2.023934688858483923e+02 3.341315228874763843e+00 2.650461559777620124e+01
2.024148080153795490e+02 3.325833492093732247e+00 2.649503628396750798e+01
2.024882592355253905e+02 3.331902180501913779e+00 2.648627963767990323e+01
2.026085730615355374e+02 3.364701501584717480e+00 2.649923275429086189e+01
2.027094684701847882e+02 3.384133774398586869e+00 2.655975510486846147e+01
2.028045878868702232e+02 3.412308838047073856e+00 2.663179306880964248e+01
2.028799840662290705e+02 3.415377820883631621e+00 2.665810803789466377e+01
2.029463395625140834e+02 3.428523181904778561e+00 2.671299121910666940e+01
2.030072810405445125e+02 3.448539115675713251e+00 2.669233620256672168e+01
2.030729108574793429e+02 3.465529364900673759e+00 2.672988621209234594e+01
2.030667243977207761e+02 3.467751433173418274e+00 2.672059959472800017e+01
2.028687091913611198e+02 3.391768128994267162e+00 2.658426540120196080e+01
2.025585739275013282e+02 3.324314588060063524e+00 2.639818666759036248e+01
2.022270267929822012e+02 3.255023467673496373e+00 2.630647396040804153e+01
2.019326884774588962e+02 3.184116455082353525e+00 2.617136251060808050e+01
2.018097282599283062e+02 3.148817956667070650e+00 2.612044718474514582e+01
2.017284556365714820e+02 3.116172777498744217e+00 2.610437832314380202e+01
2.017799996536136860e+02 3.153178960494639860e+00 2.618089506226294105e+01
2.018890160896447696e+02 3.178487677306499837e+00 2.627699821611042807e+01
2.020337761305183619e+02 3.219950120369247770e+00 2.634351305010478228e+01
2.021330798940057889e+02 3.256530248185801835e+00 2.636415594312336452e+01
2.022327300438178668e+02 3.282121269852266376e+00 2.634334851660056387e+01
2.022559344637073764e+02 3.289270683593411793e+00 2.632368243301754518e+01
2.022337432238175268e+02 3.299927258871819813e+00 2.626947990093351137e+01
2.021930636138485227e+02 3.280183238365749432e+00 2.619759434697517975e+01
2.021320926929804784e+02 3.286520376175548375e+00 2.615941911013353049e+01
2.021036682311782329e+02 3.277211243700098642e+00 2.617139368537729993e+01
2.021322329794419659e+02 3.282962988621209277e+00 2.624307313947245390e+01
2.022310639255962315e+02 3.299894352170976486e+00 2.627808586916988531e+01
2.023113251008850284e+02 3.314936178319679794e+00 2.628216803200609775e+01
2.023973657320009067e+02 3.318271878626231963e+00 2.634270770189992916e+01
2.024710057326936692e+02 3.345942950172327013e+00 2.643030187568194833e+01
2.025687940560106597e+02 3.357337328322278047e+00 2.651305530057673465e+01
2.026518574966660253e+02 3.366949548831811967e+00 2.656025043731273527e+01
2.027446682484975611e+02 3.392566549472626924e+00 2.663893382289267109e+01
2.028107639550390502e+02 3.406082543861168155e+00 2.664008036162732296e+01
2.028375517414572471e+02 3.412017873534352930e+00 2.663945167044805018e+01
2.028257451635809332e+02 3.424626335752264605e+00 2.666522974072983487e+01
2.027957307885484681e+02 3.421973016505308163e+00 2.664545454545454461e+01
2.027734616117355699e+02 3.424099828538769152e+00 2.666404856336271934e+01
2.027994960078976021e+02 3.427186130691560084e+00 2.666698418746427990e+01
2.028042969223575085e+02 3.451209754238902860e+00 2.661315055681601649e+01
2.027351668716119093e+02 3.446592424531079502e+00 2.654470461906164047e+01
2.025138138866277586e+02 3.376693396144720083e+00 2.638073745648521751e+01
2.022762257746064165e+02 3.290555776857929438e+00 2.623219487694625940e+01
2.020305391503143539e+02 3.221496735308889914e+00 2.612185004936005228e+01
2.018601032231247530e+02 3.156561422955021623e+00 2.611067562652626606e+01
2.017383293787561342e+02 3.139600616567657987e+00 2.609247822095983693e+01
2.016898647361402084e+02 3.125816172777498902e+00 2.611926081158316038e+01
2.017165399470029001e+02 3.128306690451860828e+00 2.616641091809695396e+01
2.017034084414347319e+02 3.145083912087150768e+00 2.614518609605292809e+01
2.017198843069675718e+02 3.133187273766431691e+00 2.611784582344689198e+01
2.017270596996830534e+02 3.132404440672682089e+00 2.610891078820208122e+01
2.017461767609414665e+02 3.137125686277905778e+00 2.608003602417776534e+01
2.017088484386636367e+02 3.122487400197440088e+00 2.607660506763193098e+01
2.017071303624933023e+02 3.117568714387155993e+00 2.606392386428583663e+01
2.017232303988638478e+02 3.142229688771887464e+00 2.605691993280105478e+01
2.017139559050208675e+02 3.162663018064046927e+00 2.603469232234711228e+01
2.017278789033408941e+02 3.186102980654323957e+00 2.606502190893503368e+01
2.017918096953532370e+02 3.202464538700012131e+00 2.610074819446128203e+01
2.018803598953913365e+02 3.234920937321394518e+00 2.615646097092086819e+01
2.019668248497549428e+02 3.247709520428133434e+00 2.621808136614766482e+01
2.020751138745042397e+02 3.248268934342472214e+00 2.627387900725679515e+01
2.021611804845944675e+02 3.248492353521883036e+00 2.629899028386359205e+01
2.022286253658705562e+02 3.264528308422383507e+00 2.634327577547238519e+01
2.022835951436637174e+02 3.274161312111397937e+00 2.635585306292107433e+01
2.022924418503957327e+02 3.288238452345901397e+00 2.634448812760872372e+01
2.023063509932627824e+02 3.292008867489911506e+00 2.636210360414970921e+01
2.023232234711373678e+02 3.305071095793138181e+00 2.640917057794558431e+01
2.023466028161208214e+02 3.293896672959351513e+00 2.644600876357401376e+01
2.024007672457091473e+02 3.314693707892412355e+00 2.642803824105024191e+01
2.024781863212040491e+02 3.358897798714906902e+00 2.642660593359774168e+01
2.025699579140615469e+02 3.389537401063405841e+00 2.643907237742254068e+01
2.026792393356310242e+02 3.411858535825005756e+00 2.647650807946102347e+01
2.026140182545593120e+02 3.390190339285405141e+00 2.639969691196591484e+01
2.024428826269938781e+02 3.326323628743137029e+00 2.626813938585704733e+01
2.021011448068030347e+02 3.254237170716500316e+00 2.613504563639827438e+01
2.017808864026048354e+02 3.177349798229965661e+00 2.598884636034569340e+01
2.015422903063787032e+02 3.111403037808067484e+00 2.595875924418503899e+01
2.014306499939382320e+02 3.106082543861168332e+00 2.591107916659450439e+01
2.014285768717851113e+02 3.112071563414676501e+00 2.594647638511231591e+01
2.014955160290271863e+02 3.125871594589445746e+00 2.600266197890507414e+01
2.015996484178804735e+02 3.132977710040007580e+00 2.608760456537175898e+01
2.016903323576785283e+02 3.160290271740071599e+00 2.613346957862103537e+01
2.017746358613761970e+02 3.173212213581807717e+00 2.614258300282304859e+01
2.018486239803252431e+02 3.192641022532430206e+00 2.616253658705554130e+01
2.018445781880531342e+02 3.168392247874054046e+00 2.614750515249657781e+01
2.018281958468279811e+02 3.160011430748713934e+00 2.614591870312959898e+01
2.018388454943798820e+02 3.166071459498779106e+00 2.614171010928488670e+01
2.018560608947158812e+02 3.176999948042051436e+00 2.613276987824520603e+01
2.018776511543324261e+02 3.172174786539427416e+00 2.612327023329119058e+01
2.019060184623911027e+02 3.184291380176310859e+00 2.611632691941322193e+01
2.019527529053152932e+02 3.213491747345814886e+00 2.613726077694452599e+01
2.020219245224198517e+02 3.213529849841528119e+00 2.618727030256845367e+01
2.020784980688962378e+02 3.235641420876703922e+00 2.616556053966989381e+01
2.021150660731914286e+02 3.259393131159181944e+00 2.623978246938810699e+01
2.021526767003238660e+02 3.223956078214031962e+00 2.625991444257780572e+01
2.022072377422539375e+02 3.238648054174821045e+00 2.632503160775212692e+01
2.022508062141706660e+02 3.236341121252532815e+00 2.640390031001576077e+01
2.023073693690573123e+02 3.246862605864320628e+00 2.643920746808915823e+01
2.023238261833422769e+02 3.254625123400128217e+00 2.646580647396040931e+01
2.023677202584042050e+02 3.284532118671954937e+00 2.640630596304058031e+01
2.023884705311834296e+02 3.304774935485546905e+00 2.632991738686156680e+01
2.024538544138277416e+02 3.342946708463949701e+00 2.631789085366909831e+01
2.025418850343788506e+02 3.364012192798628398e+00 2.639122776632778411e+01
2.026443565008053440e+02 3.390463984481892457e+00 2.638111501757910560e+01
2.027182008694296655e+02 3.429527702246315535e+00 2.640416183169088526e+01
2.026596061587488578e+02 3.431997436741197394e+00 2.634443963352326890e+01
2.023525675886315867e+02 3.332239907168465187e+00 2.620972479606504990e+01
2.020354578361246354e+02 3.252998839605812265e+00 2.607242418469318679e+01
2.017786071805885229e+02 3.209657250731741129e+00 2.596122031902180538e+01
2.015899270856786529e+02 3.138855885969622062e+00 2.583950362839675208e+01
2.015275740833751854e+02 3.126954051854032635e+00 2.577991825282737892e+01
2.015060877396560386e+02 3.107909731723791591e+00 2.581435771315748440e+01
2.015254472713417329e+02 3.118138519891234584e+00 2.578387225272346228e+01
2.015696063319420261e+02 3.148591073624413372e+00 2.578200349850187933e+01
2.016740192937182883e+02 3.174034881102894001e+00 2.590619338748506095e+01
2.017481580907185901e+02 3.167941945651985503e+00 2.597484715703424030e+01
2.018067337501515510e+02 3.193920920002078390e+00 2.602737837510175112e+01
2.018294965274770902e+02 3.191187931900448582e+00 2.607092259997575212e+01
2.018001524099828430e+02 3.186742063423336102e+00 2.605476194599837214e+01
2.017698418746427933e+02 3.167179895737716411e+00 2.603481875335561924e+01
2.017667798195327293e+02 3.192718959455480565e+00 2.600047801312804197e+01
2.018292142226224826e+02 3.189850880687230550e+00 2.606622560141325451e+01
2.018791769860926024e+02 3.212116593636883177e+00 2.608296991634770379e+01
2.019237638338038323e+02 3.240373058071667423e+00 2.611219626249155823e+01
2.020335994734927851e+02 3.276447461854206100e+00 2.615027970695716775e+01
2.020974436689239440e+02 3.297580491522194901e+00 2.619394516704480580e+01
2.022051161260153549e+02 3.315189040336687487e+00 2.619089696738772588e+01
2.022738114619234864e+02 3.344382479779698158e+00 2.620457922721211119e+01
2.023428185455238122e+02 3.351365628085003046e+00 2.623799338402119830e+01
2.024397963248410974e+02 3.375254160965725170e+00 2.632616602296541330e+01
2.025236304750688419e+02 3.360240045722994839e+00 2.638875283603803368e+01
2.026055456450579300e+02 3.366345104695266599e+00 2.647049134900154144e+01
2.027339406640225832e+02 3.359729125894109547e+00 2.649249554027607090e+01
2.028145932558582558e+02 3.384417811184814440e+00 2.657662758274303272e+01
2.028720137168984650e+02 3.413876236166196065e+00 2.661501238331110741e+01
2.029062782521345980e+02 3.442382098754741104e+00 2.664463880565995169e+01
2.029928886887545616e+02 3.469736226813765256e+00 2.668733957983338811e+01
2.029786695301269503e+02 3.477819151699891087e+00 2.671053707199639859e+01
2.027771246471189386e+02 3.408366961672353312e+00 2.661405808898664560e+01
2.024534370183065164e+02 3.322326330556469642e+00 2.634427510001905048e+01
2.021659138537210652e+02 3.248842203709797705e+00 2.618104227645092408e+01
2.019260361280936706e+02 3.199426730632674687e+00 2.602330487192365638e+01
2.017683091151561428e+02 3.151923310067718642e+00 2.590058192902544221e+01
2.016902786677981965e+02 3.136775836089991110e+00 2.585523822719478915e+01
2.016202133739759859e+02 3.151526697725973936e+00 2.584335198046381166e+01
2.016004364467690948e+02 3.173231264829664333e+00 2.585138294740123754e+01
2.016810266890663286e+02 3.188357955627911799e+00 2.591368399175600601e+01
2.017441469370789378e+02 3.249900413931658072e+00 2.595361367533209673e+01
2.017985486412996465e+02 3.243632553386792239e+00 2.596525225584094088e+01
2.018176154765409933e+02 3.213500407003931691e+00 2.600516981589566967e+01
2.018267462200592206e+02 3.214917127071823089e+00 2.607597637645265820e+01
2.018188278286773141e+02 3.210426228372504021e+00 2.607468781932489321e+01
2.017998995479658504e+02 3.217315852370148388e+00 2.604914702367550561e+01
2.018460416702748716e+02 3.231259633869654646e+00 2.608432601880877755e+01
2.019145863281317759e+02 3.221915862761738136e+00 2.607165693898404868e+01
2.019683039193612615e+02 3.266050676319299129e+00 2.605737023502312155e+01
2.020747519007949506e+02 3.288818649439720243e+00 2.609015050485806952e+01
2.021387052079183775e+02 3.325826564367238891e+00 2.609582258092450502e+01
2.022156514660801179e+02 3.339690677012071784e+00 2.613996432220855937e+01
2.022868702263634759e+02 3.340045722994856359e+00 2.619799961897504303e+01
2.023800031174769174e+02 3.346801988257503524e+00 2.626658757512253572e+01
2.023899132302256589e+02 3.358532361142382072e+00 2.627507230814527617e+01
2.024438923431303010e+02 3.374369143906198687e+00 2.633245986248462955e+01
2.024842619373387151e+02 3.379109440759278993e+00 2.631412563431995721e+01
2.025740175617866612e+02 3.421500199172136547e+00 2.631029633350075514e+01
2.026631808656194380e+02 3.434995410381198155e+00 2.631606539773809672e+01
2.027252896655639915e+02 3.458386878886021698e+00 2.629890368728242578e+01
2.027791094407592709e+02 3.473655588077382728e+00 2.630161762413619897e+01
2.028299572212889075e+02 3.490789587627080692e+00 2.633111761547653984e+01
2.028884982420894119e+02 3.493844715010651303e+00 2.643152981520289657e+01
2.028686156670534615e+02 3.446751762240426675e+00 2.643784270596996677e+01
2.026975475848213648e+02 3.391927466703614336e+00 2.635047021943573498e+01
2.023743466287950810e+02 3.311247163961966944e+00 2.620506936386151509e+01
2.021118706593463799e+02 3.235308890005022420e+00 2.608745388732052817e+01
2.018888134536448433e+02 3.192518055387173259e+00 2.602650894542683346e+01
2.017833647967578372e+02 3.172053551325793475e+00 2.595763348862987030e+01
2.017798784184000453e+02 3.185294168586224384e+00 2.598691006079080168e+01
2.017855574221929658e+02 3.189774675695803641e+00 2.596276520202982496e+01
2.018128007066281100e+02 3.197594346975181523e+00 2.596577010339631642e+01
2.018741041583678282e+02 3.232430419647032149e+00 2.603070714768180949e+01
2.019353383328426332e+02 3.254490032733507565e+00 2.605911082630457898e+01
2.019804984499211855e+02 3.267727186130691575e+00 2.612551828053828373e+01
2.020037600235542641e+02 3.270290444933233953e+00 2.614318917889121607e+01
2.019838480056807271e+02 3.252190027537712691e+00 2.613074178631427458e+01
2.019825611804845948e+02 3.258625885450042503e+00 2.610469526663087336e+01
2.019601170785777242e+02 3.256093801416720002e+00 2.606630007447305886e+01
2.020034205649560874e+02 3.258946292800360300e+00 2.605792618507421210e+01
2.020944976532326507e+02 3.274235785171201396e+00 2.610972133220180424e+01
2.021401236599179185e+02 3.292597724241846713e+00 2.614051680839640568e+01
2.021915343182251092e+02 3.310003637056408987e+00 2.615414884220371050e+01
2.022523528291102934e+02 3.329118966383207034e+00 2.615410381198150347e+01
2.023416494916780550e+02 3.363047506884428106e+00 2.621752541609657428e+01
2.024890836349781011e+02 3.336064012192798689e+00 2.620210429692235721e+01
2.025059907514851432e+02 3.379651535357384162e+00 2.621875335561751896e+01
2.025113718630388462e+02 3.401430575520878463e+00 2.628455636571468190e+01
2.025644191967301140e+02 3.425968582760352543e+00 2.636707251597706758e+01
2.026155475501827254e+02 3.423625279273974087e+00 2.638845494379881984e+01
2.027017717660506833e+02 3.450837388939884676e+00 2.640266890663156474e+01
2.027370858518505656e+02 3.458691698851729335e+00 2.646654947262682001e+01
2.028341346403643968e+02 3.453902907913195541e+00 2.654732849547099960e+01
2.028984291380176330e+02 3.467870936455428765e+00 2.656845113354924592e+01
2.029703458667451912e+02 3.479059214742202144e+00 2.660033079894005681e+01
2.030390308110635829e+02 3.496932749095065684e+00 2.666512582483243676e+01
2.029986923916243882e+02 3.481478723220007065e+00 2.664477216439495066e+01
2.027730892464365411e+02 3.438164845251909352e+00 2.645358423249449942e+01
2.024006702575382235e+02 3.339074109354162712e+00 2.619892100659865974e+01
2.020773446024350903e+02 3.259888463603457076e+00 2.604780650859904156e+01
2.019043973743916638e+02 3.229979736400006907e+00 2.597232373265903504e+01
2.018271532239907060e+02 3.202681030152929598e+00 2.594162697656696537e+01
2.017833249623304823e+02 3.215982265020176811e+00 2.591902873274563035e+01
2.018056893953826716e+02 3.235644884739950378e+00 2.591849702973726721e+01
2.018682277143698229e+02 3.259060600287500442e+00 2.594374339701068521e+01
2.019703337432238186e+02 3.286279637679904386e+00 2.599954450198306333e+01
2.020584700116039301e+02 3.313980152063596307e+00 2.607153223990716739e+01
2.021435494206688759e+02 3.328904206861913018e+00 2.609901106704307239e+01
2.021704740296852947e+02 3.334108661390048134e+00 2.609613086475345867e+01
2.021730546078040902e+02 3.343192642754464039e+00 2.615284123382808801e+01
2.022194963542839332e+02 3.349851919846204673e+00 2.619693794488993532e+01
2.022478619304109770e+02 3.345794004052720094e+00 2.619456346663433877e+01
2.022408337518834855e+02 3.363674466132076990e+00 2.613705814094459612e+01
2.022792687784686336e+02 3.384890628517986055e+00 2.617410589029945100e+01
2.022987651327525498e+02 3.414581132336895308e+00 2.620602885398084325e+01
2.023300646010495427e+02 3.425854275273212401e+00 2.622999012798974761e+01
2.023771939243838744e+02 3.454313375707926959e+00 2.627670205580283636e+01
2.024738218535132148e+02 3.447238435026585002e+00 2.627194443963352199e+01
2.025841580214413113e+02 3.452538145794004087e+00 2.629887078058158423e+01
2.026753753961793620e+02 3.456596061587488666e+00 2.632461940802577161e+01
2.027504373127349027e+02 3.469853998164152298e+00 2.639413914338662082e+01
2.028722544553941134e+02 3.493633419352603742e+00 2.646476731498640333e+01
2.029030672509049396e+02 3.503330504511681820e+00 2.652169244358232802e+01
2.029582794991253820e+02 3.523329118966383344e+00 2.656927553300195655e+01
2.029990006754533454e+02 3.530880340844143372e+00 2.662258958416321875e+01
2.030530663849391146e+02 3.539333899097663494e+00 2.667105249484750473e+01
2.031140650167131412e+02 3.570642027052771894e+00 2.667520566688027017e+01
2.032323022567069017e+02 3.591570688789206489e+00 2.670887268570636763e+01
2.032968686676250059e+02 3.617991305703250671e+00 2.672474410710265147e+01
2.033262682069311893e+02 3.624375205666880095e+00 2.673509586241535274e+01
2.033536950761183846e+02 3.639628327473631408e+00 2.674952631670101511e+01
2.032954554114203631e+02 3.605252948613588693e+00 2.666356015864493756e+01
2.031115727671071625e+02 3.557311349347927809e+00 2.655283084223834678e+01
2.027892014063284876e+02 3.457666395330712295e+00 2.636741717037011412e+01
2.025691075356344868e+02 3.403624932887649557e+00 2.618685290704722846e+01
2.024999393823931939e+02 3.403011829092987384e+00 2.614274060860077142e+01
2.024549368710923432e+02 3.389092294636207647e+00 2.611144633609865195e+01
2.024010599421534948e+02 3.377689256828140252e+00 2.608581374807322462e+01
2.024068255425275709e+02 3.390169556105925075e+00 2.608964304889243024e+01
2.024230883804707446e+02 3.439945270960702572e+00 2.610552486187845389e+01
2.024593723479796950e+02 3.453568645109891033e+00 2.611395244115762182e+01
2.024893261054053539e+02 3.451968340289925496e+00 2.613142416737387208e+01
2.024925423024299107e+02 3.454673617485581882e+00 2.619922409463274349e+01
2.024597481771419609e+02 3.430906319818493699e+00 2.628670742479086897e+01
2.024707996328305057e+02 3.424491245085643953e+00 2.630752524290340943e+01
2.024584041982022597e+02 3.388922565337120663e+00 2.631380869083288587e+01
2.024834461975441116e+02 3.418389649976619094e+00 2.633266423041618154e+01
2.025357488006373501e+02 3.414165468747293986e+00 2.636061587488525859e+01
2.026034898422210233e+02 3.432181021493271533e+00 2.635396525745163743e+01
2.026717487313600827e+02 3.440307244669980502e+00 2.636125149379102339e+01
2.027574793467153995e+02 3.458967075979840100e+00 2.638209355894629127e+01
2.028252394395469196e+02 3.470725159770692070e+00 2.640473856492145543e+01
2.028959299606851516e+02 3.482796723185368482e+00 2.643861514747397834e+01
2.029412684667209419e+02 3.492824607284504612e+00 2.648043956424600509e+01
2.029270164013924784e+02 3.499977484888896484e+00 2.647950085730615299e+01
2.028947678345658971e+02 3.498363324615944236e+00 2.648434680198825575e+01
2.029078958762707998e+02 3.523536950761184006e+00 2.648550546424427310e+01
2.028753130466409118e+02 3.505453852681895910e+00 2.645811150175791227e+01
2.028772424184693079e+02 3.512175479312076742e+00 2.644458338384800555e+01
2.029666100902336439e+02 3.537108366961672523e+00 2.649576542718093464e+01
2.029913039713192120e+02 3.562311435944508720e+00 2.652871542631496737e+01
2.030571450839120757e+02 3.578608912520133689e+00 2.654237690295986951e+01
2.031410710265158741e+02 3.608926375586691826e+00 2.655665667919430462e+01
2.031370009872010201e+02 3.597055716240322720e+00 2.658232390585219562e+01
2.030051022705623609e+02 3.541973362891633226e+00 2.650160203675158854e+01
2.026931657978143164e+02 3.438861081764491789e+00 2.630744557404873518e+01
2.023582569840142753e+02 3.366556400353314160e+00 2.616900015587384587e+01
2.021612826685602329e+02 3.323315263513396456e+00 2.609990647569233957e+01
2.020613588735516828e+02 3.327606990076031668e+00 2.606976913351460823e+01
2.020264950899738494e+02 3.328750064947435749e+00 2.605012902890593907e+01
2.020613935121841394e+02 3.330985988673166975e+00 2.606966521761721012e+01
2.020973743916590308e+02 3.353177228563016143e+00 2.611803979978870416e+01
2.021911861999688256e+02 3.383468712655224309e+00 2.613919534456779559e+01
2.022809089177159194e+02 3.404624257434316625e+00 2.617346334366719063e+01
2.023389165035764279e+02 3.439643914858241391e+00 2.622266925301789087e+01
2.023726943660264226e+02 3.451095446751762275e+00 2.622501428843589366e+01
2.023902665442768409e+02 3.444328789899374854e+00 2.625268535998198871e+01
2.024089627461507916e+02 3.443558080326988513e+00 2.626339908900396480e+01
2.024864788098165889e+02 3.434553767817246417e+00 2.630822667521086444e+01
2.025431233654895209e+02 3.454348014340393735e+00 2.632937182840021606e+01
2.026888498242089440e+02 3.477353262093212383e+00 2.638845494379881984e+01
2.027518401773498056e+02 3.491593203900309916e+00 2.645868996692010455e+01
2.028240946327439076e+02 3.541102201285093454e+00 2.643980325256758945e+01
2.028915499056097360e+02 3.589578967422366151e+00 2.639122430246453987e+01
2.029501827187862659e+02 3.614291899755797566e+00 2.641153639654306318e+01
2.030222761045394009e+02 3.633822892672197380e+00 2.639643395278754312e+01
2.030681826841476436e+02 3.658636277039782669e+00 2.639870451514574157e+01
2.031070264465958815e+02 3.656519856596061491e+00 2.643399781776615498e+01
2.031703683818562922e+02 3.655581149656211615e+00 2.652481511629920874e+01
2.032421119174215107e+02 3.669391572420720671e+00 2.655400682381059596e+01
2.032824919032196647e+02 3.700064081470063382e+00 2.658084830010911048e+01
2.033562254282200854e+02 3.721586795753303534e+00 2.657936403470791120e+01
2.034205857392750261e+02 3.733202861151041940e+00 2.660980792878297052e+01
2.034465092918131575e+02 3.719148236027641552e+00 2.664496787266838851e+01
2.035261573633073056e+02 3.750633021008330736e+00 2.668162420547636771e+01
2.035765357903669894e+02 3.775998891563761006e+00 2.673590121062020586e+01
2.035827534248947757e+02 3.783498155492821091e+00 2.674107449037911977e+01
2.034374426297649734e+02 3.723012175479312180e+00 2.663531754966313869e+01
2.031824763158350606e+02 3.643242868771540799e+00 2.648462910684286342e+01
2.029191794107968576e+02 3.562425743431649305e+00 2.631708204160099740e+01
2.027433260014894643e+02 3.507757321740937684e+00 2.622918824364814228e+01
2.026870919136112548e+02 3.490813834669807214e+00 2.620141152427302345e+01
2.027016782417430250e+02 3.487545679696565593e+00 2.623700271913264714e+01
2.027492786504788853e+02 3.517703805053776556e+00 2.628302533815964992e+01
2.028283413290843384e+02 3.553859609622612048e+00 2.637589151180311475e+01
2.029901331855418221e+02 3.557562479433312053e+00 2.645314085799892467e+01
2.030776355669478050e+02 3.611119001021839470e+00 2.652621105318761963e+01
2.030725159770692301e+02 3.626148703649179961e+00 2.650048147699128975e+01
2.030571693309548209e+02 3.646755226103673309e+00 2.646134848196193090e+01
2.030501619356067806e+02 3.653452605691127175e+00 2.646086354110739691e+01
2.030185524515492261e+02 3.631734183134450067e+00 2.643429571000536882e+01
2.030338627270995460e+02 3.624867074247908771e+00 2.641249935052564268e+01
2.030636883215850617e+02 3.648755607128630452e+00 2.644265401201960586e+01
2.031377543774571848e+02 3.666920105994215362e+00 2.648356396889450792e+01
2.032216283621122557e+02 3.693390948925336481e+00 2.649741942188122579e+01
2.032588458407662131e+02 3.718462391104799369e+00 2.655720223765565891e+01
2.033219020073087506e+02 3.736308214551689488e+00 2.657790401634943578e+01
2.033917629331994021e+02 3.722354041462442975e+00 2.661117788669703188e+01
2.034535842324945065e+02 3.709624344030897802e+00 2.666688027156687824e+01
2.035198011742496362e+02 3.681109821784235958e+00 2.669639065449695892e+01
2.035847139714924197e+02 3.699288176102807579e+00 2.675915932039002954e+01
2.036379760647049579e+02 3.730009179237603778e+00 2.677091394031763727e+01
2.037160203675158812e+02 3.741969899028386504e+00 2.678916330383276545e+01
2.037575053256897490e+02 3.806441053707199540e+00 2.682536240669218230e+01
2.038015604703926158e+02 3.859124681757564179e+00 2.683582500562877726e+01
2.038827222501255676e+02 3.876353937546545669e+00 2.688830772961083326e+01
2.039880029096451324e+02 3.912085418867663034e+00 2.694932714456433231e+01
2.040452380540016293e+02 3.936813938585704609e+00 2.695002164914529175e+01
2.040498796307521729e+02 3.922840714248601479e+00 2.693958156531980208e+01
2.038978368174024354e+02 3.852439425691473573e+00 2.683158523701484199e+01
2.036488023692824640e+02 3.776350473683299125e+00 2.667456312024801335e+01
2.034200072741128054e+02 3.708529763244947208e+00 2.657650288366615143e+01
2.032711564107449078e+02 3.660080708013647488e+00 2.657082907566809382e+01
2.032195136736001757e+02 3.654114203571242836e+00 2.656121512322693334e+01
2.032436758516773807e+02 3.650949964495401545e+00 2.661101681705606126e+01
2.032621676856197723e+02 3.663596529209026897e+00 2.662574169971769678e+01
2.032940456190789575e+02 3.677353262093212560e+00 2.666759729125893941e+01
2.033505845269228871e+02 3.705088415109371702e+00 2.669203484646426006e+01
2.034214136025909738e+02 3.747718180086250239e+00 2.670321966088778964e+01
2.034788236720414147e+02 3.756916468937806286e+00 2.670641680666447115e+01
2.034920157952164175e+02 3.761059249380834579e+00 2.671943400474549435e+01
2.034965880947020196e+02 3.776847538059197262e+00 2.674767834565891178e+01
2.034866416113891887e+02 3.786440707320875010e+00 2.670728450440776669e+01
2.035013214638286172e+02 3.788044476004087446e+00 2.667446440014548159e+01
2.035498727030256987e+02 3.787625348551239224e+00 2.671302585773913663e+01
2.035778191516998845e+02 3.819847936403470978e+00 2.673914165468747228e+01
2.036344602435095794e+02 3.842998666412650088e+00 2.677315332790661273e+01
2.037451531893520951e+02 3.873818389649976712e+00 2.683018064046831341e+01
2.038731394724536301e+02 3.916009975926150410e+00 2.685902249779178774e+01
2.039996085834531243e+02 3.930542614177592320e+00 2.692500216491452747e+01
2.041550736936905821e+02 3.959282287535287992e+00 2.699167806854985230e+01
2.042384558097646163e+02 3.977374045272692449e+00 2.705229567536673585e+01
2.043577287448691493e+02 4.003839692408943662e+00 2.710206273056339654e+01
2.044210602885398202e+02 4.000803616273229224e+00 2.715594485529711122e+01
2.044996917161710428e+02 4.005123053741837857e+00 2.718260447877517905e+01
2.045722180848300127e+02 4.039579833388177832e+00 2.723526212785119327e+01
2.046876599871837072e+02 4.080907185784305113e+00 2.729198462044718454e+01
2.047622508183376908e+02 4.089281075183151870e+00 2.732726753147785814e+01
2.048293752922634496e+02 4.106023658185974590e+00 2.738208489928817713e+01
2.048943677583608860e+02 4.143234209113423994e+00 2.739516271497601352e+01
2.048271774710334512e+02 4.105606262664750261e+00 2.734803165971007388e+01
2.045685775645577564e+02 4.022194703753095624e+00 2.724068653769549186e+01
2.043176553109683198e+02 3.961642910337900059e+00 2.706933268674552906e+01
2.040938880133012390e+02 3.900299624170837642e+00 2.694689724449678891e+01
2.040377716967734045e+02 3.883257416997176747e+00 2.690630942690382454e+01
2.039234295710005256e+02 3.827582743033305146e+00 2.682786158402466370e+01
2.037962313167876118e+02 3.825895841632172445e+00 2.676270804828625316e+01
2.038500493600512584e+02 3.858930705415750229e+00 2.682413619910285973e+01
2.039114082336029412e+02 3.886681445816519087e+00 2.689157415265245277e+01
2.040110826304577358e+02 3.921933182077971480e+00 2.695822407731342807e+01
2.040009612220509609e+02 3.908536690971440297e+00 2.692843312146036538e+01
2.037862831015431482e+02 3.843438577044978377e+00 2.677495973258975681e+01
2.037165105041652851e+02 3.823107431718595794e+00 2.675260049533244455e+01
2.036645179168326365e+02 3.827679731204212121e+00 2.673793276641438155e+01
2.036364727480558940e+02 3.837472072602573725e+00 2.671124370009871996e+01
2.036054954190408637e+02 3.828516254178285116e+00 2.670197440205060602e+01
2.035687161190876111e+02 3.805843537297147527e+00 2.667956667070783894e+01
2.035390550581062996e+02 3.798148565094650042e+00 2.664168586224215929e+01
2.035263929060080841e+02 3.785456970158818102e+00 2.662125772874486884e+01
2.035269038258369676e+02 3.772370494812864905e+00 2.664449678726683857e+01
2.035607786764578577e+02 3.805848733092017433e+00 2.665270094736659701e+01
2.035486811340688291e+02 3.806106790903895032e+00 2.662967318450267484e+01
2.035505048580681944e+02 3.798758205026065760e+00 2.661964703233516261e+01
2.035481338436758563e+02 3.788281750636484979e+00 2.665102616948682979e+01
2.034434351131817209e+02 3.770340670950310891e+00 2.662147941599265621e+01
2.032654548918408750e+02 3.716108696028680658e+00 2.653094615424582869e+01
2.030790159164516240e+02 3.672273506641957841e+00 2.644090822494327853e+01
2.029110653111415274e+02 3.644023969933666951e+00 2.635635012729697380e+01
2.028126379050555101e+02 3.614475484507871705e+00 2.628464123036422606e+01
2.027744107102651583e+02 3.607390152236789493e+00 2.627708308075997223e+01
2.026459464140355635e+02 3.579383085955766486e+00 2.622125772874487026e+01
2.024549819013145395e+02 3.538745042345728287e+00 2.610551100642546629e+01
2.020267704671019544e+02 3.432210464330868405e+00 2.590187221808482931e+01
2.015630578984741703e+02 3.341384506139697397e+00 2.571874815982264906e+01
2.013819428808950533e+02 3.301520635965291994e+00 2.560591801035695170e+01
2.012480472470946893e+02 3.275080967803391196e+00 2.555442768319506897e+01
2.010752680164187041e+02 3.235696842688650765e+00 2.547667434489686400e+01
2.010430783352673245e+02 3.236488335440516728e+00 2.546553456069554500e+01
2.010317463066558048e+02 3.248688061795320436e+00 2.546077174873136073e+01
2.011160653977380832e+02 3.266535617173834005e+00 2.548444725402240962e+01
2.011448310500701382e+02 3.278466894127019859e+00 2.547999618975043035e+01
2.011506208974869594e+02 3.266592770917404298e+00 2.549182181887459109e+01
2.012418486638147499e+02 3.284620447184745107e+00 2.558158263911740704e+01
2.014283984828279017e+02 3.317750567207606860e+00 2.568024905176743644e+01
2.015193283569164748e+02 3.331521155544779234e+00 2.571324061726043197e+01
2.016343355444327017e+02 3.359259772424184831e+00 2.575485373837440761e+01
2.017160792531910829e+02 3.382008694296749329e+00 2.582499177332478979e+01
2.017768648573754433e+02 3.390017146123071257e+00 2.587668646841822806e+01
2.018560989972116033e+02 3.408008451826321838e+00 2.595555517068186191e+01
2.018944872616429222e+02 3.415867957533036403e+00 2.602243197838549449e+01
2.020252048009144517e+02 3.439484577148894218e+00 2.606443132025147591e+01
2.022142745804395645e+02 3.485633627184398620e+00 2.618397616862086252e+01
2.022840610332704046e+02 3.498432601880877790e+00 2.613127868511751117e+01
2.023472315073000800e+02 3.531077781049204223e+00 2.610125045463205140e+01
2.023669893832591526e+02 3.517184225566774458e+00 2.606335232685013636e+01
2.022883666152860371e+02 3.518086561942534551e+00 2.596361038466201521e+01
2.024238538942482535e+02 3.561118135056028144e+00 2.604579400405271983e+01
2.026015725939139998e+02 3.597228909402656605e+00 2.619001887805469408e+01
2.026100954294324481e+02 3.571771246471189265e+00 2.615719704186078687e+01
2.026557023848698407e+02 3.573872079530300283e+00 2.614313722094251702e+01
2.026207398811894791e+02 3.558080326988690700e+00 2.612964720552832532e+01
2.025164429588319877e+02 3.535537504979303414e+00 2.604998874244444806e+01
2.023684736486603413e+02 3.470676665685238582e+00 2.597623616619615916e+01
2.022442525849079402e+02 3.422291691924002954e+00 2.592191066696686974e+01
2.022651795147127700e+02 3.436971544363428333e+00 2.593246679021112300e+01
2.024483919014877245e+02 3.447974505966504566e+00 2.601372729004658879e+01
2.025009698817090680e+02 3.475924418503957281e+00 2.605056547567502179e+01
2.026111501757910673e+02 3.521046433086821636e+00 2.617436394811132772e+01
2.027240651899062982e+02 3.539524411576230989e+00 2.627106288643724241e+01
2.028203882990699469e+02 3.564613173071927044e+00 2.629453229186511720e+01
2.028290618126396510e+02 3.575390983563969005e+00 2.629908900396612381e+01
2.028652228130033564e+02 3.576655293649006584e+00 2.631431095100365525e+01
2.028808431043142377e+02 3.590216318259755290e+00 2.631790470912208235e+01
2.029681203346091820e+02 3.639844818926548875e+00 2.639217340099412823e+01
2.030817800793224706e+02 3.647496492838462778e+00 2.645319801174249719e+01
2.031124612480299163e+02 3.649521120906146443e+00 2.644322381752368400e+01
2.031850482342957207e+02 3.673033824624603927e+00 2.647802871542631564e+01
2.032316770293908803e+02 3.679247995289145923e+00 2.651294618888446308e+01
2.032144217946275546e+02 3.683688667971388497e+00 2.650489270683593546e+01
2.032336496995098685e+02 3.693378825403973220e+00 2.652853357349451713e+01
2.033011534664611304e+02 3.716304404302118058e+00 2.656899496007897454e+01
2.033845806127574178e+02 3.734314761253225701e+00 2.659063890957585130e+01
2.035089333033131993e+02 3.762079357106981270e+00 2.663428878227887608e+01
2.036138381336704697e+02 3.799960165572663140e+00 2.664817887389805762e+01
2.036889052460208802e+02 3.813160948405756923e+00 2.668928973484126743e+01
2.037519960511959027e+02 3.821183255685065561e+00 2.671920019397634150e+01
2.037632414832262384e+02 3.826924609016435941e+00 2.669969518003429343e+01
2.037485980013508993e+02 3.844037825386653839e+00 2.670436966348568575e+01
2.038973743916590138e+02 3.899783508547082445e+00 2.681820260136129974e+01
2.041605067631929842e+02 3.966807530438698493e+00 2.699852266232529274e+01
2.042095845096035589e+02 3.989878591593203794e+00 2.697114428722354162e+01
2.042095793138086890e+02 3.994579054018947417e+00 2.695617520220301699e+01
2.041359237257313168e+02 3.926145239785933327e+00 2.692466790211122429e+01
2.039936299554893537e+02 3.884597932073641680e+00 2.682467829370096624e+01
2.038435321013526504e+02 3.825306984880236794e+00 2.675778243474947615e+01
2.037397755416616292e+02 3.802133739759954167e+00 2.669495661511283657e+01
2.035857202237655770e+02 3.748282789795458925e+00 2.660550407869897427e+01
2.034823897192538880e+02 3.713050104781863148e+00 2.656058470011603845e+01
2.033602452415178732e+02 3.676722838982316777e+00 2.650540189473319685e+01
2.033377890160896584e+02 3.689042068619130976e+00 2.650433156098997145e+01
2.033063423336046753e+02 3.696200142018393198e+00 2.649564765583054893e+01
2.033047021943573611e+02 3.687661719115329362e+00 2.648600599248341680e+01
2.032399851053880298e+02 3.709250246800256168e+00 2.642847295588770251e+01
2.031808257849980066e+02 3.713957636952493147e+00 2.635574568316042843e+01
2.030726822425050671e+02 3.694702021164204542e+00 2.628047247094684735e+01
2.029080604097750324e+02 3.656102461074836718e+00 2.620048840471778107e+01
2.028340549715097154e+02 3.650854708256118020e+00 2.618537383744089908e+01
2.028559569788184831e+02 3.653168568904899605e+00 2.624796757824001148e+01
2.029046692876565317e+02 3.665447964114376678e+00 2.629385164273714537e+01
2.029387069398500216e+02 3.694497653232650336e+00 2.640479918252827218e+01
2.030099741942188132e+02 3.708088120680995470e+00 2.646488681826841471e+01
2.031264708429311270e+02 3.742492942378635057e+00 2.657245189559916199e+01
2.032457507057621342e+02 3.746808915983996791e+00 2.663064826200661628e+01
2.033148513136701467e+02 3.738305131713400176e+00 2.664073676371256738e+01
2.033573685030914930e+02 3.719399366113025795e+00 2.666529901799476932e+01
2.033002234191794173e+02 3.680947020211641885e+00 2.661124543203034420e+01
2.030813159216474162e+02 3.651370823879873218e+00 2.650730701951886914e+01
2.029520254940335064e+02 3.641672006789172134e+00 2.639762898560764981e+01
2.028453575572836485e+02 3.646322243197838375e+00 2.632556677462373784e+01
2.028051732797589182e+02 3.665576127054503974e+00 2.625324304196470493e+01
2.027346594156462629e+02 3.652652453281144407e+00 2.619051074663572365e+01
2.025555724899980987e+02 3.603786002528620358e+00 2.606195638996172548e+01
2.022347425483641814e+02 3.506356189057656003e+00 2.595570931259633696e+01
2.020026550511785786e+02 3.424967526282062469e+00 2.586604721245605276e+01
2.018153275948665453e+02 3.344041289249900295e+00 2.579672838116351130e+01
2.015391295311661111e+02 3.281205078023519572e+00 2.563613328945773162e+01
2.014441313496943167e+02 3.271353850949964670e+00 2.560557335596390516e+01
2.013100659865948501e+02 3.262721903739240314e+00 2.553140684805763883e+01
2.012076863125443822e+02 3.244126153899443921e+00 2.549001887805469480e+01
2.011332409636467560e+02 3.223417447479173692e+00 2.541440793917456276e+01
2.010407038570117209e+02 3.214633090285595518e+00 2.538582413966296514e+01
2.010212611926081081e+02 3.220209910112748819e+00 2.540435061223782753e+01
2.010457177990612934e+02 3.226895166178839425e+00 2.542686052754637416e+01
2.011164966487123138e+02 3.225324304196470315e+00 2.550127123781152960e+01
2.011991790644105436e+02 3.248227367983512082e+00 2.553704948128648056e+01
2.012887199293371907e+02 3.255510140459654700e+00 2.559529953757425602e+01
2.013530178908536641e+02 3.270957238608219964e+00 2.563762448258542648e+01
2.013385718491833813e+02 3.281210273818389478e+00 2.558332842619373437e+01
2.013415576993020295e+02 3.319728433121460487e+00 2.558089506226294318e+01
2.013532430419647028e+02 3.345615615095515860e+00 2.555414884220370908e+01
2.013214395815653290e+02 3.334150227749008266e+00 2.553340203328772517e+01
2.013086839051594268e+02 3.322890940265678328e+00 2.555015673981191071e+01
2.012068671088865415e+02 3.264261590952389103e+00 2.549266700150678133e+01
2.010757235144356514e+02 3.223552538145793900e+00 2.542267964460762997e+01
2.009962953982576721e+02 3.188342368243301639e+00 2.539456346663433806e+01
2.008865775299191228e+02 3.166372815601239843e+00 2.535930480264639186e+01
2.006416598832678062e+02 3.119693794488993532e+00 2.520431250974211679e+01
2.004443963352326818e+02 3.084360657441244324e+00 2.510744211018548810e+01
2.002930965205493692e+02 3.078051230537418359e+00 2.500340324563986272e+01
2.002205355132579427e+02 3.085159077919603643e+00 2.495637783820294686e+01
2.002000034638632542e+02 3.085857046363809530e+00 2.494951765704290025e+01
2.002350265851504219e+02 3.107769445262301033e+00 2.497874573511837681e+01
2.001940750619165499e+02 3.106087739656038238e+00 2.496440534127712496e+01
1.999842030516635134e+02 3.058095914373300417e+00 2.491473181038812612e+01
1.997840194669114453e+02 2.984784980688962364e+00 2.481335319281594920e+01
1.996155977761997917e+02 2.944699423266769589e+00 2.475339372001593219e+01
1.994339250766379621e+02 2.882639117407644669e+00 2.466729247129323355e+01
1.993391433866190994e+02 2.835840593013387867e+00 2.465588423769029447e+01
1.992751502450683176e+02 2.799636294359098887e+00 2.464574897383051422e+01
1.992445816519163770e+02 2.778884289648244632e+00 2.463891130778156935e+01
1.993054902232459824e+02 2.772375690607734811e+00 2.469280036024177605e+01
1.993836159268432198e+02 2.793609172309877042e+00 2.473899270856786714e+01
1.993895425968582629e+02 2.846838358821593751e+00 2.467894837111830952e+01
1.993841736088259324e+02 2.862110531876201680e+00 2.465909697085158925e+01
1.993880895062262937e+02 2.885914200107379646e+00 2.461924349226692499e+01
1.993462997280867341e+02 2.884890628517986055e+00 2.459795978454770449e+01
1.993138675765080734e+02 2.888205545645057715e+00 2.457308405064167900e+01
1.992911758083790801e+02 2.883532794125287957e+00 2.461961758949756529e+01
1.993191915343182359e+02 2.898302707009127399e+00 2.466094147803044834e+01
1.993738461005559373e+02 2.909617416304404180e+00 2.470932471986006007e+01
1.994257953895980222e+02 2.917172102045411108e+00 2.473646755226103622e+01
1.994382635653544469e+02 2.915861029806543048e+00 2.472248393633419283e+01
1.994541176674345024e+02 2.924160446145586345e+00 2.474808015379552728e+01
1.994636467552261081e+02 2.949567883059976747e+00 2.472680683766605014e+01
1.995018271878626308e+02 2.951765704289994741e+00 2.475264898941789937e+01
1.994992899080344273e+02 2.957413533313704601e+00 2.476101768302187267e+01
1.994740712516669703e+02 2.952051473007845761e+00 2.470861116403124313e+01
1.995224389061120007e+02 2.950466755572489941e+00 2.477540830288020146e+01
1.995595663243215085e+02 2.934016869014011153e+00 2.478639048130379763e+01
1.996463031919499826e+02 2.960879128492007073e+00 2.482009040683073664e+01
1.997235109717868227e+02 2.985399816415247987e+00 2.482894057742600324e+01
1.998322156601257404e+02 3.005426141775922488e+00 2.493207883752749510e+01
1.999212837077192262e+02 3.021179791821818839e+00 2.491919846204471867e+01
1.999524602088709457e+02 3.022518574966660321e+00 2.488899011067043077e+01
1.997450648608393067e+02 2.950955160290271717e+00 2.478150989798922765e+01
1.993460780408389610e+02 2.820900950830460996e+00 2.461293060149985124e+01
1.991483555309236522e+02 2.795801797745025130e+00 2.450871854379188974e+01
1.990251753580768650e+02 2.748324356154419057e+00 2.443382808846706666e+01
1.989005680735724582e+02 2.704918685810284273e+00 2.446841649491678083e+01
1.988176154765409933e+02 2.688713001610696374e+00 2.446415767505498806e+01
1.987422089055924062e+02 2.682202670638563102e+00 2.444059994111432488e+01
1.987759625209996841e+02 2.684705311834288732e+00 2.444503888186494223e+01
1.988373404457992137e+02 2.702573650392282367e+00 2.451307781568783639e+01
1.989386896205337791e+02 2.732267618074438520e+00 2.456416979857635141e+01
1.989745890992223565e+02 2.742153483780460199e+00 2.456736001662654445e+01
1.989902959871144219e+02 2.739581565319801015e+00 2.459690503818909235e+01
1.990229567536673585e+02 2.754955922340185825e+00 2.457591056305097155e+01
1.990251840177349720e+02 2.757870763262266323e+00 2.461989469855729951e+01
1.990306950241604511e+02 2.781089038604755981e+00 2.461000536898803404e+01
1.990791059768960451e+02 2.807372832920556505e+00 2.462957966019501654e+01
1.990947903496769982e+02 2.815996120473163611e+00 2.464323767297667089e+01
1.991324079045359383e+02 2.840496025216924458e+00 2.466295398257676652e+01
1.991804568835622433e+02 2.819257347719911877e+00 2.466424427163615718e+01
1.992325880254247465e+02 2.816231663173937694e+00 2.475177263201648969e+01
1.992955974298134834e+02 2.814078872166126732e+00 2.479289042068619153e+01
1.993505412286322951e+02 2.827201718076170156e+00 2.477247960650513647e+01
1.993785656142295579e+02 2.813730753909835514e+00 2.479715616827447633e+01
1.993530005715374216e+02 2.825984170144962615e+00 2.476383726770466964e+01
1.993382116074057535e+02 2.818199137498051510e+00 2.469191361125062656e+01
1.993201683437537781e+02 2.833739759954276849e+00 2.468333535392022782e+01
1.993375257624828976e+02 2.842234884566757103e+00 2.469307054157501824e+01
1.993370009872010371e+02 2.858745388732052639e+00 2.468894854431147223e+01
1.993801485997332748e+02 2.876670881033617011e+00 2.469552815254853684e+01
1.993909385337466915e+02 2.890076031798264555e+00 2.470972999185991981e+01
1.994059509170577940e+02 2.889239508824191560e+00 2.472142053031746300e+01
1.993855314432186105e+02 2.886757650807945996e+00 2.471081071719288502e+01
1.992337033893902003e+02 2.844841441659883063e+00 2.464006131037946545e+01
1.989508044822390502e+02 2.731460537937962396e+00 2.451192261729507038e+01
1.985866901054746450e+02 2.641114324806456803e+00 2.432413273523961195e+01
1.982695613017198184e+02 2.569512807634354523e+00 2.417790055248618941e+01
1.980285266457680109e+02 2.516953878660870281e+00 2.408509326451791566e+01
1.979340012816294063e+02 2.499622438906111910e+00 2.402254282200938817e+01
1.978999497739829110e+02 2.477136770640294916e+00 2.402717920296506549e+01
1.979020142364779531e+02 2.458348776390308021e+00 2.404119052979788407e+01
1.979710559587107639e+02 2.453845754169625248e+00 2.407394308872685684e+01
1.980445019830617071e+02 2.468769808967941959e+00 2.414747224579573626e+01
1.981238002043679387e+02 2.490469180276762895e+00 2.419835293302620371e+01
1.981469474705138509e+02 2.521566012573823734e+00 2.417713677064029554e+01
1.981740539323507448e+02 2.542953636190443234e+00 2.419280036024177605e+01
1.981768250229480941e+02 2.554249294237863399e+00 2.419364554287396629e+01
1.981975337293683594e+02 2.569750082266752056e+00 2.419291986352378743e+01
1.982627080482862425e+02 2.588257503593758280e+00 2.422512859592303158e+01
1.983074680891598405e+02 2.617392057361575208e+00 2.426583938066125157e+01
1.983534629972808716e+02 2.638111155371586136e+00 2.429068740366130186e+01
1.984186615632414714e+02 2.679679246263357406e+00 2.439676994752247197e+01
1.984430766033356974e+02 2.689542596858276013e+00 2.436493531235386811e+01
1.984772337588111952e+02 2.697665356171738527e+00 2.437017960130933858e+01
1.985407471553023129e+02 2.687708481269159400e+00 2.437972600841718673e+01
1.985847191672872896e+02 2.706839397980567608e+00 2.440715460953601479e+01
1.986191828746601118e+02 2.711938204679679387e+00 2.439149967959264842e+01
1.986295658047420147e+02 2.709395729056616631e+00 2.442498484559829564e+01
1.986756784842134493e+02 2.718807045497843689e+00 2.441477684061033315e+01
1.986733490361800420e+02 2.759924834167546859e+00 2.440526680406657434e+01
1.986770986681445947e+02 2.782211330296679996e+00 2.443496769947522296e+01
1.987433433208057068e+02 2.819018341155891338e+00 2.447422192971821531e+01
1.988380799806023731e+02 2.803356483486032058e+00 2.446055179341519548e+01
1.989062505412286441e+02 2.828433121460364852e+00 2.449926739292332911e+01
1.988341017336635446e+02 2.800886748991149755e+00 2.447021943573667713e+01
1.986660818510885065e+02 2.730227402622144695e+00 2.436881310725852501e+01
1.984524169105803821e+02 2.642357851712014316e+00 2.425826391174076591e+01
1.982886593117303846e+02 2.618301321463828657e+00 2.417764595853755694e+01
1.982190148772926364e+02 2.611711321637021577e+00 2.413747553646582134e+01
1.981856544103638669e+02 2.590841545575780724e+00 2.412590450129028952e+01
1.981690434541644379e+02 2.574516358094182333e+00 2.414744280295813894e+01
1.981648746947470556e+02 2.593583193335526893e+00 2.414116108696028817e+01
1.982368225982438332e+02 2.606349261331162737e+00 2.418972964547359794e+01
1.983382999359185419e+02 2.623777689256828083e+00 2.422748055906752640e+01
1.984155873846100633e+02 2.667340965378687034e+00 2.424201666118221610e+01
1.984567502035019686e+02 2.708552278356050724e+00 2.430623148998077454e+01
1.984966244652661089e+02 2.740932471986006203e+00 2.431486863298637147e+01
1.985219764803685507e+02 2.754633783058245022e+00 2.437396906770120708e+01
1.985371152946881637e+02 2.751263444119226076e+00 2.434840748887233985e+01
1.985985313219834154e+02 2.741259807062817355e+00 2.435768198271532370e+01
1.986199934186598455e+02 2.733874850620897412e+00 2.439313462304508207e+01
1.987069762205788095e+02 2.728093662862190349e+00 2.442661112939261159e+01
1.987644659588839318e+02 2.739184952978056309e+00 2.444282547325031629e+01
1.988173937892931917e+02 2.752228130033426368e+00 2.446733923344706341e+01
1.989033686070073941e+02 2.750456363982749952e+00 2.450118983702523323e+01
1.989736157536500514e+02 2.744190235369507569e+00 2.454989695006841188e+01
1.990283257416997174e+02 2.747827291778520475e+00 2.456209840835483860e+01
1.990475484507871613e+02 2.752025494033495612e+00 2.460162801572593949e+01
1.991016193560678289e+02 2.767366944353037095e+00 2.460089887251251284e+01
1.991222813003342651e+02 2.799833734564159293e+00 2.463496077174873022e+01
1.991498848265470372e+02 2.803389390186875385e+00 2.460793571069814334e+01
1.991904778399348857e+02 2.830360761357141541e+00 2.459804984499211855e+01
1.992356015864493770e+02 2.853816311332028732e+00 2.462550962088016604e+01
1.993021908935035356e+02 2.877171409272762048e+00 2.462832574169971878e+01
1.993920642893018567e+02 2.892008867489911594e+00 2.467448518332496121e+01
1.994491193127695396e+02 2.924023623547342243e+00 2.470282131661441838e+01
1.994879405601066935e+02 2.930587644399798908e+00 2.469689637853097608e+01
1.994856717296801207e+02 2.929044493323403664e+00 2.473897192538838397e+01
1.993705519666083603e+02 2.891847797848940971e+00 2.468832504892706936e+01
1.990840991357661096e+02 2.798035989539132906e+00 2.452132354214655763e+01
1.987762742686918784e+02 2.707724415040094090e+00 2.442485148686330021e+01
1.985709884133774494e+02 2.633518072706489743e+00 2.428463430263773049e+01
1.984284625642979734e+02 2.600185316683697234e+00 2.424475311314709458e+01
1.983803529676648338e+02 2.598933130120022916e+00 2.425335388558859862e+01
1.983706402951211487e+02 2.608178181125409001e+00 2.422768319506745982e+01
1.983709884133774324e+02 2.602187429640277827e+00 2.424170664542164033e+01
1.984329153605015676e+02 2.644739257694106449e+00 2.426458892602920159e+01
1.985179739863870054e+02 2.679701761374460922e+00 2.426756092069485149e+01
1.985798576352205487e+02 2.696375067112350532e+00 2.429091428670396269e+01
1.985991825282737864e+02 2.711893174457472355e+00 2.436563847659294524e+01
1.986363428531841464e+02 2.714177592268657069e+00 2.441485997332825164e+01
1.986808777429467057e+02 2.723663381769687586e+00 2.442268484040249987e+01
1.986814475484507909e+02 2.743237672976670982e+00 2.445758153068116769e+01
1.986756230624014847e+02 2.732257226484698265e+00 2.446573373283222708e+01
1.987166888931224946e+02 2.745496111813505724e+00 2.451104279603041292e+01
1.988304698730494238e+02 2.752626474306794524e+00 2.453115744990387626e+01
1.989021077607856114e+02 2.766776355669477994e+00 2.462246315315471179e+01
1.989486187845303959e+02 2.773754308179912975e+00 2.462075720050572514e+01
1.989924574377803594e+02 2.790133185541834759e+00 2.464382652972860654e+01
1.990722475276675993e+02 2.821023917975718387e+00 2.461804845944682185e+01
1.991349954103812081e+02 2.841812293250662425e+00 2.456852560660905027e+01
1.991968963785309654e+02 2.866578915464417676e+00 2.456514314414867073e+01
1.993065761443738211e+02 2.839770345866745149e+00 2.455390983563968987e+01
1.993587280694158324e+02 2.883215850638216615e+00 2.457554512547844539e+01
1.994204627721297527e+02 2.908941962971301809e+00 2.464535582535201641e+01
1.994575555517068324e+02 2.903183290323697818e+00 2.466531460537937903e+01
1.995358683039193579e+02 2.925887181974055729e+00 2.472856474826373940e+01
1.995955281525485248e+02 2.940201596840956721e+00 2.476431008503784170e+01
1.996661511283534480e+02 2.949101993453298487e+00 2.479519735360847932e+01
1.997383120594398918e+02 2.969649630232598536e+00 2.484341086613900629e+01
1.997885952302603130e+02 2.972420720829941576e+00 2.483739413567952425e+01
1.997950986335059440e+02 2.975922686572334275e+00 2.480197440205060744e+01
1.996144165988326904e+02 2.944592043506122359e+00 2.470129894871750409e+01
1.992456606453177130e+02 2.851873084050641882e+00 2.455507715755382137e+01
1.989146226986958652e+02 2.779933840211988638e+00 2.435968929146677198e+01
1.986881102894057847e+02 2.755939659502242733e+00 2.425915585652678530e+01
1.986053551325793762e+02 2.730944422314207198e+00 2.423263825144183414e+01
1.985595316856890520e+02 2.734003013561024709e+00 2.421573113493479212e+01
1.985379933840212061e+02 2.725074906042709522e+00 2.424084241154159258e+01
1.985903133064306587e+02 2.736711754619927550e+00 2.434113683991756005e+01
1.987051594243059185e+02 2.774171703701137748e+00 2.443377266665511982e+01
1.988522489132129181e+02 2.790555776857929438e+00 2.460999670932991634e+01
1.989649474358752457e+02 2.802523424375205519e+00 2.472145170508668244e+01
1.990310102357158826e+02 2.826115796948336367e+00 2.473579902665442631e+01
1.990655674673963915e+02 2.854912624049602332e+00 2.465657354647638400e+01
1.991366026429276701e+02 2.874282547325031523e+00 2.457719912017873654e+01
1.992143923517899395e+02 2.922468348949583294e+00 2.452530352101699052e+01
1.993529260984776386e+02 2.941917941079686294e+00 2.457481944612826652e+01
1.994137671244739352e+02 2.965950224285145431e+00 2.456342506797831504e+01
1.994765842844524570e+02 2.966371083669616660e+00 2.463389563380037828e+01
1.995441504009421578e+02 2.979215088588302418e+00 2.466278078941443397e+01
1.995815739794592787e+02 3.015383016678501615e+00 2.469316060201943230e+01
1.996323559465872393e+02 3.018067510694677935e+00 2.471587661719115303e+01
1.996747172621624884e+02 3.034803165971007299e+00 2.472065848040319480e+01
1.997304127193058321e+02 3.009598365056547653e+00 2.478993228147352568e+01
1.997462997280867398e+02 3.027778451306742280e+00 2.483891823550806066e+01
1.997847434143299949e+02 3.022217218864199140e+00 2.483257763383501526e+01
1.997895529884480084e+02 3.033228840125391734e+00 2.487068186148010795e+01
1.998426661355409806e+02 3.035844056876634500e+00 2.487910944075927944e+01
1.998467257832660664e+02 3.045636398274996104e+00 2.484963542839328809e+01
1.998491314362908895e+02 3.049370442854915986e+00 2.484377630371152890e+01
1.998905886835587751e+02 3.059289215261781436e+00 2.487514331734183060e+01
1.999591437330054191e+02 3.086504788790938481e+00 2.485467881328045081e+01
2.000087185437919004e+02 3.098692391624378484e+00 2.491237465144876140e+01
2.000269090216318375e+02 3.087008780893330417e+00 2.493882990699527014e+01
1.999885034378842761e+02 3.049855383709451306e+00 2.497943331197284422e+01
1.997815150937840940e+02 2.979164862571225481e+00 2.487184745146261733e+01
1.993887268570636877e+02 2.871355582881587765e+00 2.465820848992881764e+01
1.991105734425604794e+02 2.803666499246609600e+00 2.453486205164620060e+01
1.989010564782902293e+02 2.746703268154973454e+00 2.444602781482187126e+01
1.987899426730632797e+02 2.728123105699786777e+00 2.445107119970903398e+01
1.987211226380782421e+02 2.724151786487469362e+00 2.436676250021649182e+01
1.987070489617069882e+02 2.731155717972254315e+00 2.440486499592996239e+01
1.987415559673704024e+02 2.741064098789379955e+00 2.442206480888134479e+01
1.988399573944820702e+02 2.770373577651154218e+00 2.447504806110254805e+01
1.989667243977207818e+02 2.783603803321844872e+00 2.450431943746860952e+01
1.990397201198496759e+02 2.822541090077763659e+00 2.458872166126881353e+01
1.990686936039765271e+02 2.829432446007031476e+00 2.455877136770640234e+01
1.990880271566878434e+02 2.820085211035868511e+00 2.458102842099793861e+01
1.991325360674760532e+02 2.837714543029841163e+00 2.457573390602539121e+01
1.991508235334868857e+02 2.846521415334522409e+00 2.455723860821974824e+01
1.991857427388766553e+02 2.860541401825456020e+00 2.461354716915776208e+01
1.993028767384263631e+02 2.822038829906995172e+00 2.459953584232494350e+01
1.993562947054850270e+02 2.847250558547948618e+00 2.465332617468262200e+01
1.994230450821801526e+02 2.915490396439148757e+00 2.470055595005109339e+01
1.995071165070403083e+02 2.922066540812968682e+00 2.478126742756196066e+01
1.996014028646148972e+02 2.944635341796705941e+00 2.482676180744384098e+01
1.997066038552797806e+02 2.971899409411316473e+00 2.485527113389563425e+01
1.998189300126431078e+02 2.992923327387034593e+00 2.489017648383241976e+01
1.998749164342991662e+02 3.007658601638407259e+00 2.494289128665200295e+01
1.999147837683368323e+02 3.000554218119468430e+00 2.492479606505135337e+01
1.999846949202445501e+02 3.028095394793813622e+00 2.495346299728086592e+01
2.000459498778988348e+02 3.044408458754048308e+00 2.498759590571364342e+01
2.000860873932697075e+02 3.063896153379864540e+00 2.499479727740348878e+01
2.001313895287414084e+02 3.068646841822684657e+00 2.502395954207727868e+01
2.002006754533331048e+02 3.085574741509205410e+00 2.504183654029338868e+01
2.002880756507732940e+02 3.117490777464105633e+00 2.507987495453679472e+01
2.003664715357037664e+02 3.149727220769324099e+00 2.511935606782244079e+01
2.004109492717227567e+02 3.164124768354145356e+00 2.513735083738894005e+01
2.004062401496389043e+02 3.176916815324131171e+00 2.511233654895304568e+01
2.002045636398275121e+02 3.138900916191828649e+00 2.500945461473181197e+01
1.997927743812674350e+02 3.035870035850984472e+00 2.481854898768596485e+01
1.995022376556573533e+02 2.978887753511491265e+00 2.471154159233793379e+01
1.992643914858241487e+02 2.934778918928280689e+00 2.457495626872650973e+01
1.990993591852993632e+02 2.881960200211295842e+00 2.445285682121269843e+01
1.989786037167252744e+02 2.842146556053966933e+00 2.438057638684424688e+01
1.989305010478186375e+02 2.843528637489391997e+00 2.432136164464226979e+01
1.988722821663000673e+02 2.826093281837232851e+00 2.429966054140182408e+01
1.988871750463291619e+02 2.839120871507992749e+00 2.429901799476956725e+01
1.989425466322589671e+02 2.856045307331266603e+00 2.437147335423197347e+01
1.990373889398846643e+02 2.902897521605846798e+00 2.444126500285768699e+01
1.991058972271774792e+02 2.896440880514037364e+00 2.448965863627703854e+01
1.991287639204004165e+02 2.893269713711702718e+00 2.453180519233100654e+01
1.991433034863783575e+02 2.900777637298879608e+00 2.448705554304715903e+01
1.991340341883302472e+02 2.903590294255182780e+00 2.447174353556521709e+01
1.991763192989140805e+02 2.925133791717902998e+00 2.451233828088466993e+01
1.992324650582795016e+02 2.932267618074438253e+00 2.453088553663901195e+01
1.992738305131713332e+02 2.929073936161000535e+00 2.454028646149049919e+01
1.993342108453558126e+02 2.965444500251130044e+00 2.459353296731844907e+01
1.994206896551724242e+02 2.974097230641334466e+00 2.464501636675383978e+01
1.994526645768025048e+02 2.997831621607578878e+00 2.466329517310656527e+01
1.994932108280364957e+02 2.998974696478982960e+00 2.469837718006893112e+01
1.995579919984758988e+02 3.018784530386740439e+00 2.474478082405306623e+01
1.995958953220526837e+02 3.021591991548173706e+00 2.476293666326053611e+01
1.996259928298030673e+02 3.031803460399383532e+00 2.471890576560037545e+01
1.996560626266474969e+02 3.051055612324425237e+00 2.468811202133739613e+01
1.996857895010305128e+02 3.044415386480541663e+00 2.468537730130414332e+01
1.996948388437624544e+02 3.052060132665962211e+00 2.469316233395105442e+01
1.997057465491262462e+02 3.073477199120178582e+00 2.471038812587678990e+01
1.997143490534993759e+02 3.072694366026429424e+00 2.471363203380730411e+01
1.997087982126465704e+02 3.057971215296420020e+00 2.469658809470202243e+01
1.997237032161970376e+02 3.074485183324962456e+00 2.472623010443547642e+01
1.996782867732381987e+02 3.062074161312111187e+00 2.469316579781430221e+01
1.994381994838843752e+02 2.982178423595836403e+00 2.455579071338263475e+01
1.990883562236962803e+02 2.870699180796342009e+00 2.439709901453090524e+01
1.988157294030031608e+02 2.822619027000814018e+00 2.425355825352015060e+01
1.986713157484542478e+02 2.788714733542319912e+00 2.420831846758689920e+01
1.985944353036942118e+02 2.772735932385389290e+00 2.422110012296714388e+01
1.985535686451098911e+02 2.767806854985365383e+00 2.418098165884410733e+01
1.985515405531789668e+02 2.772890074299866559e+00 2.420902336375759845e+01
1.985298325222120184e+02 2.794968738634198591e+00 2.422575728710230436e+01
1.985475449869239242e+02 2.812998146833162849e+00 2.424585288972791375e+01
1.985704671019588261e+02 2.805867784339874049e+00 2.418569424479121466e+01
1.985491522194703862e+02 2.803081106357920849e+00 2.419886904864996069e+01
1.985090458788687044e+02 2.784317359150660920e+00 2.417074247908692541e+01
1.984981087306673260e+02 2.798101802940820004e+00 2.416699804291726394e+01
1.985065051351772638e+02 2.791910147387381080e+00 2.417241898889831830e+01
1.984969656557959183e+02 2.785974817714196750e+00 2.416391520462772036e+01
1.985810128336133289e+02 2.818904033668750753e+00 2.417660506763192885e+01
1.986341606193387577e+02 2.840851071199709033e+00 2.422413619910285831e+01
1.986924054798316490e+02 2.865198565960616062e+00 2.424673790678744112e+01
1.988221254264881566e+02 2.901856630700220041e+00 2.431507646478117124e+01
1.989154903964391394e+02 2.926283794315800435e+00 2.433913472696097813e+01
1.989953532274545864e+02 2.943649872703025583e+00 2.439796844420582289e+01
1.991534664611441201e+02 2.965501653994700337e+00 2.443232650374963200e+01
1.992452449817281206e+02 2.996958728069415656e+00 2.443878314484144099e+01
1.993125235975683722e+02 2.992585600720483630e+00 2.449749735880427437e+01
1.993617987841840034e+02 2.992855782053724489e+00 2.453210654843346816e+01
1.993677185264725722e+02 2.994516704480507219e+00 2.449917906441053717e+01
1.994470669737958701e+02 3.020611718249363697e+00 2.455766812726233539e+01
1.995004658896066871e+02 3.019811565839380485e+00 2.457274805590675371e+01
1.995419179410796744e+02 3.019207121702835117e+00 2.460806387363826886e+01
1.996410467794731574e+02 3.060605483295519402e+00 2.466142468695336021e+01
1.996552018566306970e+02 3.076967041341208020e+00 2.466799909939555491e+01
1.997105162888169048e+02 3.072018912693327053e+00 2.471112592874833425e+01
1.997083150037236408e+02 3.077289180623148823e+00 2.472086284833474679e+01
1.995467777412147825e+02 3.066483659225133884e+00 2.464882315246194011e+01
1.992241569822823521e+02 2.996314449505533606e+00 2.447619459983719992e+01
1.988251961412563560e+02 2.912269003619737173e+00 2.427539098356396963e+01
1.986129340653631061e+02 2.833440135783439118e+00 2.422542475623062330e+01
1.985279568402639541e+02 2.800235542700774349e+00 2.424871577270129208e+01
1.985293077469301579e+02 2.760330106167408371e+00 2.428093143282703181e+01
1.985378479017648488e+02 2.781367879596113646e+00 2.435399123642598695e+01
1.985620984083548421e+02 2.789267219730164893e+00 2.431419491158489166e+01
1.986527563691785474e+02 2.787164654739430869e+00 2.433368953393719991e+01
1.987659398326954090e+02 2.790943729541557783e+00 2.434478255598468976e+01
1.988734529520774572e+02 2.790238833370858540e+00 2.435477406951973478e+01
1.989236270112056104e+02 2.795282218258023033e+00 2.435699786972410408e+01
1.988918391381908179e+02 2.799184260205406893e+00 2.432894404128925103e+01
1.988576993020315626e+02 2.807750394014444151e+00 2.435474462668213746e+01
1.988160134397894012e+02 2.830857825733040123e+00 2.436748644763504856e+01
1.988286773238192495e+02 2.832335163407748713e+00 2.437840281265695808e+01
1.988233169954450261e+02 2.858459620014201619e+00 2.438128301494656824e+01
1.988862761738166682e+02 2.877457177990613069e+00 2.445921993799684913e+01
1.989640035331404988e+02 2.896996830565129244e+00 2.447990439737439061e+01
1.990460434022064931e+02 2.922407731342766546e+00 2.449129011586622440e+01
1.991556573546476443e+02 2.959981987911117329e+00 2.454020332877258070e+01
1.992170785777377375e+02 2.967813782711858472e+00 2.451953445677964538e+01
1.992397703458667593e+02 2.987237395867611056e+00 2.451381908242262497e+01
1.992934048043783264e+02 2.990988759763764548e+00 2.454247908692564906e+01
1.993085574741509163e+02 3.000812275931346029e+00 2.453932004364467545e+01
1.993791336878020104e+02 3.024214136025909827e+00 2.454841268466720905e+01
1.993841857323472766e+02 3.033204593082665212e+00 2.457397426349607628e+01
1.994155181073451217e+02 3.030655189733109545e+00 2.458921526178146522e+01
1.994923327387034817e+02 3.040094217080309580e+00 2.467426003221392961e+01
1.995985434455047596e+02 3.061906163944647652e+00 2.468865238400388051e+01
1.996683541453783448e+02 3.080417049134900331e+00 2.472148634371914966e+01
1.997109769826287220e+02 3.077900552486187991e+00 2.475454545454545396e+01
1.996854725575434202e+02 3.087855695457143224e+00 2.472765548416148462e+01
1.994386965482602818e+02 3.029545021562548790e+00 2.459102339839623141e+01
1.991144027433796850e+02 2.933949323680701049e+00 2.442471293233343133e+01
1.988597464452103338e+02 2.876180744384211785e+00 2.428554356673998527e+01
1.986034309565458216e+02 2.834721765184710307e+00 2.420002944283759660e+01
1.985496267687351803e+02 2.829622958485598971e+00 2.420442854916088038e+01
1.985449973155059809e+02 2.831985313219834044e+00 2.422118152375344380e+01
1.985660472124560556e+02 2.831974921630094233e+00 2.427388247112003938e+01
1.986746860873932690e+02 2.863399089003966225e+00 2.434548918408701113e+01
1.988003446543930579e+02 2.887831448414416524e+00 2.439477822615562985e+01
1.988861202999705711e+02 2.913039713192123070e+00 2.444380921041237187e+01
1.989630648262006503e+02 2.924340567034413585e+00 2.441692443582327243e+01
1.990369732762950434e+02 2.960576040457922886e+00 2.442318883250489137e+01
1.990808638874937344e+02 2.961381388662775560e+00 2.441524792601187954e+01
1.990778208836315173e+02 2.956315488664507551e+00 2.441532586293493168e+01
1.991277264933580398e+02 2.954888377006875899e+00 2.440460693811808213e+01
1.992171132163702225e+02 2.933114532638251504e+00 2.447991132510088619e+01
1.993398707979008861e+02 2.946265089454268349e+00 2.454465439304456353e+01
1.993964876426678643e+02 2.961442006269592309e+00 2.455776511543324148e+01
1.994369455653890668e+02 2.984859453748765823e+00 2.460758759244184901e+01
1.994693846446942302e+02 2.978794229203831190e+00 2.459323853894248302e+01
1.995185749666603101e+02 3.005306638493912441e+00 2.463787907653405895e+01
1.996062730563397452e+02 3.020454112471639530e+00 2.470349157415265395e+01
1.996847815168257227e+02 3.048670742479087092e+00 2.474089956528516154e+01
1.997313826010149000e+02 3.067041341207849214e+00 2.479773290150505005e+01
1.997841545575780628e+02 3.077538578776910061e+00 2.478783144841441555e+01
1.998227991478896399e+02 3.091288383934602368e+00 2.481952926098477619e+01
1.997919932801052880e+02 3.114764717088969181e+00 2.476633644503715104e+01
1.998323472869291209e+02 3.125578898145101370e+00 2.475724207208299532e+01
1.998869585548762586e+02 3.145458009317791959e+00 2.476741890230173837e+01
1.999466859488387342e+02 3.154630319194998034e+00 2.480687923240790482e+01
2.000301234867247331e+02 3.158781759296143132e+00 2.480464330868217360e+01
2.000627219037392308e+02 3.169178544831050104e+00 2.481614333466114886e+01
1.999630717539271529e+02 3.137200159337709238e+00 2.477739656038379579e+01
1.996568454597412483e+02 3.064497133653163452e+00 2.463483953653509673e+01
1.993613571416200614e+02 2.986771506260932796e+00 2.447972427648556604e+01
1.991846308387744955e+02 2.961906163944647563e+00 2.444121824070385784e+01
1.991228078075477583e+02 2.959836505654756866e+00 2.442731948942655862e+01
1.991243873291882380e+02 2.968641646027814662e+00 2.443803148651691259e+01
1.991755191465040866e+02 2.978196712793778733e+00 2.447690988759763897e+01
1.992274216733923424e+02 2.993368433814233232e+00 2.448961360605483151e+01
1.992673461611735490e+02 2.987155995081314241e+00 2.447281906510330884e+01
1.993465993522575843e+02 3.023969933667018939e+00 2.450612930601499784e+01
1.994076759209546310e+02 3.038419439200540584e+00 2.450079842047836109e+01
1.994026030932298852e+02 3.034740816432567101e+00 2.446854292592528424e+01
1.993642737144737396e+02 3.018105613190391168e+00 2.438972791354197511e+01
1.993209581045740322e+02 3.004388714733542187e+00 2.445987114428722364e+01
1.993008919447860308e+02 2.995167910770882624e+00 2.452228649612913358e+01
1.993205840073433990e+02 2.990978368174024293e+00 2.452778537903323652e+01
1.993352638597828275e+02 3.012139108747986516e+00 2.457045671036907564e+01
1.993635878695509120e+02 3.015959749909073562e+00 2.460093870693984996e+01
1.994044562600668655e+02 3.027657216093108783e+00 2.458016072325464663e+01
1.994584717435355685e+02 3.038185628431389507e+00 2.457358631081244837e+01
1.994923188832504763e+02 3.040956719028732547e+00 2.459087964807149262e+01
1.995201181177367005e+02 3.058019709381873508e+00 2.463121287171582452e+01
1.996065120629037608e+02 3.071099257001333793e+00 2.466624984845598334e+01
1.996584925267150368e+02 3.067195483122326483e+00 2.469725488837700667e+01
1.997184502675834494e+02 3.081044008382549215e+00 2.470581755832279569e+01
1.997872373958676064e+02 3.098602331179964864e+00 2.473199916867282155e+01
1.998211763279585682e+02 3.136651137013110713e+00 2.473394239595420885e+01
1.998734633436671970e+02 3.122208559206082423e+00 2.476474479987530231e+01
1.999055248618784617e+02 3.128755260742305921e+00 2.481103067250904815e+01
1.999735897746757018e+02 3.137160324910372555e+00 2.484850967283811585e+01
2.000042363047506910e+02 3.160477320355392195e+00 2.486574932021683892e+01
2.000454995756767573e+02 3.152619546580301080e+00 2.487043765912121884e+01
1.999238677497012304e+02 3.125821368572368808e+00 2.479067008434507002e+01
1.996137411454995743e+02 3.062950518713521308e+00 2.458417014496267683e+01
1.993172205961308521e+02 2.994954883181212058e+00 2.445073866883735292e+01
1.991269020939053291e+02 2.945679696565579597e+00 2.435542700774173497e+01
1.990193716552070384e+02 2.918864199241414159e+00 2.431505568160169162e+01
1.990007551221877691e+02 2.924636727342004416e+00 2.431405808898664844e+01
1.989912173747380564e+02 2.941329084327750643e+00 2.431878106652349203e+01
1.990189629193439487e+02 2.962058573927501381e+00 2.428583279932108141e+01
1.990863021527910064e+02 2.982071043835189172e+00 2.435996466859488407e+01
1.991841181870139792e+02 2.993489669027866729e+00 2.438272917785205962e+01
1.992445054469249612e+02 3.026075962520999862e+00 2.439814163736815544e+01
1.992729784028126687e+02 3.006629834254143763e+00 2.442081781811254260e+01
1.992569441798437708e+02 2.989339960858345524e+00 2.447071996397582083e+01
1.992457056755399378e+02 2.981918633852335354e+00 2.452931640658826851e+01
1.992762708048286129e+02 2.999728086735135690e+00 2.458383068636450375e+01
1.992922877084812683e+02 3.020772787890333877e+00 2.456569389840489137e+01
1.993267358284694808e+02 3.010410640987893682e+00 2.455434108661389914e+01
1.994323472869291152e+02 3.001563934255875754e+00 2.462639983373456332e+01
1.994716136406934766e+02 3.001300680649127806e+00 2.463915377820883634e+01
1.995042847988361530e+02 3.004364467690815665e+00 2.463958676111467128e+01
1.995589445608687242e+02 3.030178908536691029e+00 2.465749493410000071e+01
1.996030828382895379e+02 3.063066558132284900e+00 2.469100434714837533e+01
1.996611856803893374e+02 3.064997661892308489e+00 2.473337605431337494e+01
1.996702384869845446e+02 3.074041808829387268e+00 2.472595299537574220e+01
1.996690192071216927e+02 3.079315540622456382e+00 2.466981762760006092e+01
1.996808119295450297e+02 3.079784894092381098e+00 2.469266353764353283e+01
1.997006927726493473e+02 3.089551256516392730e+00 2.471232788929492941e+01
1.997017683021874177e+02 3.108050018185282148e+00 2.469361090424149907e+01
1.997289388454943833e+02 3.101201960546597469e+00 2.473574706870572726e+01
1.997812656956303385e+02 3.116065397738097431e+00 2.474605552572784362e+01
1.998195257971215426e+02 3.132044198895027609e+00 2.474160965725073069e+01
1.998394967006702529e+02 3.139990301182909338e+00 2.477687005317030255e+01
1.997070576213650952e+02 3.097294722804343703e+00 2.469314155077157480e+01
1.994289890715114666e+02 3.022258785223159272e+00 2.454533504217253537e+01
1.991230450821801696e+02 2.942643620429865603e+00 2.439546753494171938e+01
1.988956874902578704e+02 2.889977311695734130e+00 2.435608167789535727e+01
1.987816294012712319e+02 2.870264465958884070e+00 2.426113199050901414e+01
1.987486118568039046e+02 2.863620776251753597e+00 2.426852387467742744e+01
1.987470357990266621e+02 2.853508027503074196e+00 2.423826702921768472e+01
1.987767938481788690e+02 2.870790973172379079e+00 2.426870399556625557e+01
1.988161017683021896e+02 2.888519025268882601e+00 2.432555811496562015e+01
1.989084951246124717e+02 2.892701640139247132e+00 2.437657908865757861e+01
1.989488231524619266e+02 2.917497705190599255e+00 2.441432480645664072e+01
1.989817523684164939e+02 2.898636969812431907e+00 2.436305616654254536e+01
1.989626543584059277e+02 2.875720050572403430e+00 2.437184745146261733e+01
1.989355444327057967e+02 2.856405549108921083e+00 2.436805971700237450e+01
1.989067146989036985e+02 2.865243596182822650e+00 2.436932922288228198e+01
1.988870693985001594e+02 2.893361506087739787e+00 2.436307694972202498e+01
1.988850343788427324e+02 2.899405947453194354e+00 2.437131055265938073e+01
1.989397270475761559e+02 2.909956874902579038e+00 2.440350023381076738e+01
1.989815670517328101e+02 2.931219799442318141e+00 2.441596321377231860e+01
1.990205528325741682e+02 2.944692495540276234e+00 2.440176830218743120e+01
1.990631670101664383e+02 2.939664698037721458e+00 2.438836141949115799e+01
1.991024541471102793e+02 2.966606626370390742e+00 2.439023190564436661e+01
1.991496804586155065e+02 2.986373161987564639e+00 2.440136476211919003e+01
1.991886264050295381e+02 2.987947487833180205e+00 2.442536587055543151e+01
1.992210879994457855e+02 2.997358804274407262e+00 2.450220474895651179e+01
1.992681186026775606e+02 2.979573598434333892e+00 2.458510885190252537e+01
1.993031088172639045e+02 2.982807114775108737e+00 2.461491019934533142e+01
1.993521346057257801e+02 2.980226536656332748e+00 2.460088848092277303e+01
1.994368537730130413e+02 3.000555950051091880e+00 2.466014825334695715e+01
1.994498276728034796e+02 3.027293510452207403e+00 2.469048130379812633e+01
1.994780183238365794e+02 3.050799286444171088e+00 2.464401357834392670e+01
1.994437780356431631e+02 3.050317809452882667e+00 2.464945703943608279e+01
1.992936212958312296e+02 3.009650323005247596e+00 2.453816311332028732e+01
1.989080361627322873e+02 2.904667555724899763e+00 2.433935641420876550e+01
1.985914165468747399e+02 2.821612774727653594e+00 2.416019328356916418e+01
1.983982871196245128e+02 2.793283569164689339e+00 2.412056149223228729e+01
1.983086700497064498e+02 2.771501065137948139e+00 2.407702419508477831e+01
1.982517518488370172e+02 2.765387346507560018e+00 2.406300940438871550e+01
1.982538665373490971e+02 2.759876340082093371e+00 2.406286565406397671e+01
1.982824226259547231e+02 2.779492197648036900e+00 2.408626231836366927e+01
1.983390204194738260e+02 2.802783214118706567e+00 2.411074490379119695e+01
1.984262006615978748e+02 2.827714369836678898e+00 2.416351512842273053e+01
1.985211434212577331e+02 2.831160913767124310e+00 2.421187758707286264e+01
1.985104643308682171e+02 2.841964703233516243e+00 2.420333396837492757e+01
1.984993609172310016e+02 2.831666637801139697e+00 2.421202653319247133e+01
1.984574949340999979e+02 2.829524238383068546e+00 2.420081747172621789e+01
1.984590346213131511e+02 2.818174890455324988e+00 2.418384107795424143e+01
1.984964200973345498e+02 2.841786314276312453e+00 2.420177696184554605e+01
1.985274978783837696e+02 2.842065155267670118e+00 2.419548312232632981e+01
1.985746202739915702e+02 2.854306447981433514e+00 2.414208074265227921e+01
1.985861843814406313e+02 2.884381440620724213e+00 2.416161000363705469e+01
1.986332496233048630e+02 2.885846654774069542e+00 2.415194582517882083e+01
1.986925059318658100e+02 2.922842446180224929e+00 2.415442941512669250e+01
1.987542596858276056e+02 2.925483641905817667e+00 2.416227160151717257e+01
1.987992985676925457e+02 2.905871248203121038e+00 2.421429882748229190e+01
1.988331612947920917e+02 2.911513881431960993e+00 2.430489097490431050e+01
1.988685238746774360e+02 2.898285387692893789e+00 2.433787907653405824e+01
1.989474999567017051e+02 2.903145187827984586e+00 2.439056616844766978e+01
1.990381700410467829e+02 2.930423110895581829e+00 2.447007741734356401e+01
1.991073728329205608e+02 2.942352655917144233e+00 2.447055716240322809e+01
1.991215486932575800e+02 2.930750445972392981e+00 2.447316545142797750e+01
1.991736486603508922e+02 2.944456952839501707e+00 2.450773480662983417e+01
1.992024489513154037e+02 2.949323680701085859e+00 2.450979407332998505e+01
1.992250974211538050e+02 2.964126500285768628e+00 2.453434420409082151e+01
1.991244514106583097e+02 2.921633557907133749e+00 2.446395503905505819e+01
1.988342957100053638e+02 2.847480905453852795e+00 2.429482325637783902e+01
1.985475068844282021e+02 2.772380886402604716e+00 2.412516843035037084e+01
1.983285820675799584e+02 2.721747865394274157e+00 2.403970626439668123e+01
1.982036006858449184e+02 2.708010183757945111e+00 2.398711962451722357e+01
1.981252532949999079e+02 2.709747311176154749e+00 2.396687161190876125e+01
1.980873551672179929e+02 2.707804083894767899e+00 2.395193196972583394e+01
1.980850465023640936e+02 2.711978039107016070e+00 2.397911810041739500e+01
1.981360899911671538e+02 2.723869481632865241e+00 2.398700878089332988e+01
1.981963802629072120e+02 2.737742253935814496e+00 2.402353348689793577e+01
1.982245778416668145e+02 2.737321394551343268e+00 2.401311245432030361e+01
1.982317255234763422e+02 2.748287985590328830e+00 2.405754516011707977e+01
1.982188468799251666e+02 2.744169452190027503e+00 2.409574810786470067e+01
1.981947072169590740e+02 2.760170768458061197e+00 2.407725107812743559e+01
1.981759209546407021e+02 2.747399504667555892e+00 2.405815306811686938e+01
1.981812449124508646e+02 2.756975354613000029e+00 2.401383293787561257e+01
1.982149032716188231e+02 2.733977034586674737e+00 2.406255910216664518e+01
1.982006598659484951e+02 2.770312960044337469e+00 2.404870538111155298e+01
1.982598832678085898e+02 2.782370668006027170e+00 2.403351287691161886e+01
1.982887008780893439e+02 2.801562202324252127e+00 2.407289007429986682e+01
1.983440378253866641e+02 2.814039037738790050e+00 2.410408909056270588e+01
