7.100063578341887505e-01 6.509453526415027724e-01 2.508643107207273459e-01
7.042706636432846112e-01 6.444681385189248157e-01 2.482017971114149069e-01
7.037897330528245510e-01 6.434619362197354642e-01 2.477440603366650451e-01
7.357903770222961048e-01 6.716417401364888073e-01 2.560999735317632253e-01
7.818410159437018114e-01 6.447935341099169104e-01 2.411488306223855682e-01
8.619988430378986433e-01 6.346776196050502028e-01 2.324661574941947195e-01
9.398366063900326361e-01 6.544155567743678015e-01 2.212062421379786537e-01
9.771820605385876934e-01 7.376506574764583046e-01 2.604706434510214996e-01
9.990640613189913921e-01 8.229977597502707853e-01 2.947886224783546893e-01
1.032583218046425833e+00 9.124065084575566642e-01 3.313386651822624596e-01
1.029375649767925394e+00 9.316348638523017645e-01 3.413195098191700860e-01
1.087513677529558409e+00 9.903322718751790266e-01 3.747342943759089939e-01
1.199669419909025647e+00 9.432126709179566859e-01 3.321156580085516952e-01
1.246512741590877438e+00 9.006956780370937166e-01 2.932339546547259590e-01
1.261936629038111546e+00 8.803731202776708953e-01 2.757178485962283876e-01
1.277446470037683079e+00 8.779193510097496045e-01 2.707898449288768661e-01
1.280918038512648849e+00 8.658230939458683162e-01 2.613206285796925710e-01
1.246460214420004542e+00 8.740985109570313938e-01 2.523480327551251290e-01
1.202907003713739265e+00 8.714387260319201856e-01 2.403165819410222059e-01
1.192975275392452961e+00 8.738508828657732819e-01 2.402770160201049554e-01
1.197029417944373009e+00 8.912980896481907944e-01 2.450065079118198541e-01
1.219466705959719066e+00 9.200809327734073007e-01 2.573053697776395143e-01
1.238405820829137971e+00 9.004391817221817362e-01 2.714495043345148684e-01
1.253504312685379984e+00 8.957090076594165229e-01 2.845158086319196089e-01
1.237058533004799843e+00 8.658271869721702041e-01 2.797303787140802966e-01
1.168181086398327961e+00 8.136772566900515313e-01 2.454212679104009198e-01
1.083317643399176466e+00 7.311188696698565082e-01 2.053505404159060577e-01
1.009827356150590605e+00 6.609234685942091403e-01 1.970062241286629212e-01
1.018920014080010539e+00 6.706341734951988265e-01 2.072653945540920695e-01
1.013493343374891165e+00 6.571135432782957420e-01 2.075355342900100097e-01
1.111305757250796056e+00 7.314695055897095788e-01 2.596881932563298578e-01
1.167095070086253683e+00 7.766428725404322941e-01 2.887384474332632123e-01
1.076379963817647445e+00 7.194844424070269140e-01 2.508186052603574301e-01
8.453791097394924847e-01 5.478754464809524327e-01 1.566155584115783428e-01
6.426951759592006708e-01 3.991560179765715199e-01 7.921847755793678947e-02
5.260248255688624308e-01 3.102370680833995142e-01 5.023644048603322781e-02
5.515612166657116733e-01 3.256589090174826784e-01 5.274478343797837226e-02
6.272856141040229483e-01 3.878135599232693798e-01 6.335936498061270350e-02
7.262761373837921530e-01 4.698507682610368330e-01 9.324050349680880478e-02
7.214320407556272796e-01 4.723638864103340551e-01 8.814332140898337165e-02
6.614187247767253641e-01 4.289443812299271186e-01 7.537785454475996738e-02
5.601129129522453010e-01 3.457720402644640645e-01 4.632350734152484301e-02
4.743087560747332176e-01 3.071250037519407949e-01 4.713119786507748155e-02
4.939668792311659451e-01 3.135380937957907288e-01 5.309337284468056833e-02
5.177118891499330466e-01 3.506468345898924310e-01 7.175347975452757432e-02
5.227940634746518489e-01 3.611345323171713528e-01 7.634994829143439132e-02
5.110075120676058624e-01 3.537657206318541303e-01 7.839782578442848482e-02
5.204869609825446553e-01 3.669050172316407066e-01 6.720203450694041403e-02
5.179806645437503576e-01 3.670946607836235165e-01 6.102292913334261132e-02
5.703250135752039318e-01 4.134004316778406296e-01 7.391937283922320190e-02
6.630839043105024588e-01 4.763518583703752474e-01 1.057487918750699279e-01
7.244561050215975184e-01 5.370227872417641102e-01 1.236598749716898982e-01
7.545466700502351243e-01 5.593686643363703359e-01 1.311855859985756323e-01
7.568728733317506840e-01 5.622017207082572465e-01 1.279063897597939314e-01
7.213017460850202900e-01 5.347914057362399554e-01 1.129334173768067329e-01
7.522600326896367040e-01 5.521335581769115652e-01 1.187680263700041233e-01
7.480667272434559090e-01 5.428955978137781635e-01 1.163824742071125906e-01
7.705183408508583520e-01 5.347743514599825332e-01 1.310389192227615907e-01
7.517142958493984173e-01 4.964097337622824790e-01 1.326208738884022686e-01
7.536441577506910461e-01 4.788076741514474266e-01 1.362384269681317095e-01
7.336272126218016387e-01 4.618168398016792575e-01 1.264451793700559767e-01
7.588498050355138025e-01 4.876199597791948670e-01 1.423847881313151931e-01
7.795032157543311246e-01 5.324727063362776347e-01 1.521650744794352805e-01
8.386303915388960695e-01 6.142363640828756299e-01 1.857735956144587475e-01
9.289341486641726764e-01 7.085969924442734325e-01 2.342493526196732789e-01
9.905887681900910069e-01 7.661190197474875285e-01 2.560283455714819634e-01
1.067427833124588998e+00 8.274175459851504932e-01 2.966222982615552839e-01
1.111468113960766946e+00 8.257366765172166057e-01 2.973017406276519670e-01
1.083943194252299680e+00 7.871837796096344819e-01 2.753412901764640264e-01
1.075929730924450878e+00 7.694637044070978815e-01 2.626406295620188902e-01
9.944853292293922564e-01 6.922924221711048709e-01 2.250018418618358051e-01
9.847541591968936858e-01 6.848458429860536656e-01 2.173205958354821610e-01
9.587668530357975616e-01 6.694369633019261467e-01 1.995357143831673064e-01
1.008268595300660042e+00 7.159139591297680738e-01 2.128448715744780673e-01
9.907054194396920366e-01 7.132480346652041447e-01 2.095124659937731559e-01
9.832888557808538987e-01 7.144943611740982581e-01 2.046281212736406341e-01
9.466903789323750651e-01 6.794437304387451748e-01 1.903414129672530708e-01
9.831305920971847856e-01 7.029554378583103835e-01 1.877327908709141291e-01
8.956592091727447746e-01 6.247697672705244676e-01 1.463686670650545529e-01
8.381781121325485584e-01 5.667258791138325424e-01 1.127635567852825621e-01
7.521454279531867293e-01 4.942247398881784992e-01 8.571615681202367221e-02
7.007649866158039975e-01 4.552884628503289233e-01 6.828259345061217511e-02
6.616752210916374555e-01 4.404451029668983164e-01 6.588066918251349324e-02
6.764346739358814142e-01 4.517875610202004566e-01 7.254752685707424598e-02
7.127098017065190971e-01 4.868668429396660891e-01 9.170425429153808428e-02
7.383908130660313818e-01 5.133200719281155733e-01 9.780695650750251269e-02
7.739407930102025768e-01 5.489212147010590348e-01 1.175912813082403557e-01
7.336763289374230723e-01 5.644412882663850661e-01 1.259594735822439082e-01
6.991762102396603673e-01 5.673882672036717478e-01 1.323548271787861053e-01
6.717181432941221608e-01 5.601176881495973925e-01 1.333828589515849428e-01
6.692527771183457430e-01 5.733006436966030517e-01 1.382365059744540547e-01
6.820018718773620536e-01 5.790295161770042665e-01 1.468523263397157330e-01
6.716853990837078348e-01 5.723878988313045868e-01 1.219189744513298201e-01
6.836322606875738783e-01 5.764440878963754677e-01 1.109946872518602773e-01
6.891326058661253473e-01 5.804593466984285799e-01 1.041340929990149516e-01
6.418451908305295994e-01 5.549898083645085078e-01 8.780905759433743629e-02
6.065578467407231056e-01 5.172684779672394040e-01 7.778455401021074078e-02
6.176533588738174485e-01 4.944798718609899058e-01 8.341928688567086525e-02
6.153169230265473910e-01 4.660735871555377052e-01 7.794963940438280614e-02
6.367705203873640363e-01 4.780797976407796246e-01 8.462809398679863038e-02
6.397441039956123232e-01 4.675573091899355438e-01 8.997085765273127311e-02
6.838259972658584651e-01 4.964220128411878652e-01 1.020261844535946261e-01
6.506397400109693585e-01 5.012879389429623078e-01 8.432793872466758101e-02
6.053388070738409121e-01 4.904837138483452152e-01 7.360284547188500337e-02
5.647714590547292524e-01 4.627548249958387538e-01 5.880723756197524243e-02
5.312918682482120625e-01 4.369626197551279012e-01 4.759575635033030938e-02
5.019933038089702260e-01 4.142272229908016135e-01 3.753577987158811941e-02
4.732220575916087357e-01 3.716768037284741144e-01 3.011648752854885827e-02
4.047204872338509563e-01 3.173916780589232101e-01 1.947598348600321563e-02
3.242550009959697110e-01 2.441633444936517072e-01 9.300037928710397361e-03
2.280613790224216009e-01 1.498497859347244221e-01 2.801676503573212115e-03
1.544871847346490912e-01 1.011475481408110194e-01 2.101086834917334327e-03
7.308371330260834964e-02 4.918589706857456195e-02 3.530235185291300589e-03
6.199775156421821753e-02 4.540462293677365729e-02 2.895133937464015525e-03
5.231638001839133273e-02 3.962799848285158272e-02 4.286080709021302879e-03
5.996488183433066471e-02 4.729150806189746925e-02 5.211786824275465961e-03
9.050772626931567755e-02 6.654783246970479016e-02 6.305307017902896626e-03
1.192769259735263071e-01 9.922928314737350375e-02 1.055796134545960649e-02
1.804021807644135833e-01 1.625252062203084991e-01 1.909260335573582934e-02
2.392510307604570063e-01 2.205336214823849783e-01 3.434321935619424893e-02
3.058261500721736748e-01 2.890986337478204660e-01 5.735353105379055461e-02
3.865720086117273580e-01 3.678600567020576806e-01 9.766097190273878570e-02
4.794502792808280067e-01 4.514110026004360399e-01 1.079678943016887799e-01
5.280672456934542014e-01 4.849847330118943201e-01 1.125247969176783325e-01
4.886936970123636481e-01 4.426103138805436710e-01 8.842028285540429189e-02
4.699271714186701865e-01 4.297486608982282741e-01 8.186257254889120483e-02
4.565579831749332351e-01 4.101382897153163509e-01 7.017084291783659555e-02
4.897565195087276724e-01 4.160281545635878819e-01 7.199906133263478392e-02
4.820029633510424794e-01 3.838051228317193031e-01 6.098268104137503920e-02
4.912729857535397815e-01 3.887283513017187886e-01 6.379049708440093225e-02
4.925384130518422610e-01 3.850650927616194319e-01 6.052835512187668132e-02
4.742262133776471433e-01 3.619606414590820220e-01 5.696332921302019181e-02
4.717703975965749641e-01 3.720260753062266113e-01 5.512965342981960420e-02
5.025472267018120665e-01 4.142026648329908967e-01 6.886312101441563471e-02
4.977706650076266781e-01 4.115947249077022696e-01 6.386553589993369806e-02
5.024803739388828960e-01 4.267109532112520198e-01 6.785623654417603789e-02
5.229973504476406188e-01 4.476965812315643056e-01 7.157611528145013668e-02
5.273284544459816425e-01 4.612431339483787363e-01 9.945235308082089887e-02
5.468862984580205033e-01 4.732472979204697672e-01 1.159261017744633304e-01
6.032452241204768750e-01 5.464954144461998675e-01 1.607338250422263859e-01
7.137883141370400253e-01 6.376020868976770561e-01 2.250632372563625971e-01
7.655364456705332499e-01 6.855341535758041616e-01 2.581082851038400960e-01
8.520377813614496976e-01 7.152931834739969519e-01 2.229778403556021138e-01
9.064586590700098867e-01 7.359097569560981711e-01 2.067824174504812040e-01
8.920628033955746439e-01 6.991939466869681041e-01 1.781537449826319230e-01
9.023724544787258273e-01 7.001817303677992932e-01 1.750846574273419720e-01
9.646689969629744787e-01 7.422819167369303361e-01 1.892096911948089599e-01
9.777653167865922867e-01 7.319211028250067752e-01 1.810304603017378888e-01
9.749881984408298452e-01 7.154098347235979816e-01 1.743281297325616486e-01
9.835105613722007201e-01 7.282517047454546422e-01 1.808169407629946768e-01
9.753415630448841744e-01 7.139561282154132105e-01 1.726984230934001385e-01
1.021556605189411604e+00 7.460488652766749107e-01 1.910229018465005868e-01
1.017018121191780144e+00 7.458066945538192050e-01 2.081951936956480120e-01
1.016131298826392859e+00 7.506801245371469422e-01 2.160817732081413145e-01
9.823447310472417371e-01 7.265128507382455636e-01 2.077504181708538233e-01
9.932717469309124692e-01 7.358783770877844743e-01 2.110821415805084755e-01
9.880913399749506887e-01 7.287981237567432435e-01 2.081515347484289569e-01
9.917252651598872371e-01 7.149173072252829053e-01 1.977347828103810101e-01
9.597730553349869131e-01 6.868725731764885323e-01 1.786974353097192936e-01
9.247026416391751491e-01 6.512073063248171589e-01 1.668085582451286075e-01
8.590266237717509856e-01 6.047616903652889286e-01 1.398286932058492027e-01
7.647342125153829828e-01 5.275371987873727075e-01 1.132976967176657773e-01
7.107219552659511663e-01 4.896228139828693315e-01 1.000669891971392444e-01
6.954092616999156817e-01 4.859779740611279708e-01 1.081609487089230659e-01
6.871045113335898513e-01 4.884140068817415803e-01 1.077543747629455539e-01
7.170552312969162845e-01 5.185932541469178148e-01 1.279016145624418399e-01
7.693852547363135841e-01 5.606068047926608955e-01 1.467145277875555598e-01
8.714244004398639110e-01 5.955974044755878438e-01 1.607747553052442657e-01
9.127284931932972967e-01 5.901427647574063462e-01 1.581333889984910257e-01
1.003646204263841879e+00 6.353768449316055111e-01 1.761652163710137331e-01
1.067846003978421665e+00 6.763569064361474314e-01 1.879340313307520105e-01
1.164472122397858467e+00 7.383000843163418647e-01 2.234949260117278791e-01
1.113769076913421641e+00 7.356573536674879676e-01 2.404523339800314907e-01
1.117508738611154406e+00 7.654689107365537648e-01 2.744305918243163944e-01
1.038029671712003665e+00 7.086351940230901647e-01 2.399918685210804536e-01
9.817628391413376621e-01 6.758848440693413506e-01 2.197927837217615310e-01
9.955386013310522086e-01 6.948137263730056468e-01 2.276984640236631441e-01
1.030080332462883108e+00 7.109654903309075014e-01 2.372884246487501347e-01
1.072125945147990089e+00 7.347978181441127132e-01 2.621869858135708609e-01
1.117154691836049762e+00 7.668707722449157327e-01 2.860547865213915464e-01
1.134777216578393810e+00 7.698552705899688320e-01 2.852430029715370963e-01
1.169982017971114230e+00 7.974804694428300200e-01 3.081912371035562814e-01
1.237372331687936811e+00 8.623310603393937734e-01 3.087901832857177786e-01
1.237759804844505984e+00 8.503869274197288775e-01 2.797303787140802966e-01
1.226474649159428942e+00 8.418952621856214957e-01 2.730007613028921365e-01
1.302267263702769906e+00 8.923001989210782581e-01 3.006648439056202604e-01
1.276050065897723407e+00 8.804236009353929582e-01 2.849080569858408740e-01
1.303996567315274913e+00 8.794712901491771317e-01 3.220017900168359870e-01
1.257713990236767998e+00 8.286686476913966981e-01 3.236130780376394456e-01
1.260461093056317372e+00 8.237119928399326829e-01 3.324799373494107257e-01
1.241463311476572962e+00 8.005693399585785963e-01 3.243191250746977339e-01
1.267236415927875504e+00 8.296482453196244444e-01 3.411796647538590244e-01
1.239869759903077240e+00 8.235591865246659760e-01 3.018920696251060631e-01
1.231455862168703730e+00 8.286918415071068411e-01 2.910278134780627246e-01
1.250592806642708776e+00 8.423864253418359427e-01 2.840171415941518673e-01
1.341648316265413587e+00 9.240566256545431623e-01 3.279939805226521621e-01
1.381068252577924316e+00 9.610739555279048663e-01 3.319833168247939281e-01
1.379707321332580117e+00 9.600063578341887505e-01 3.519184014276475758e-01
1.350276415709580791e+00 9.455047656469574013e-01 3.607470591606021793e-01
1.331943068732826418e+00 9.375526977136354745e-01 3.570585602916417911e-01
1.285671406391124094e+00 9.013335079691222607e-01 3.474249407193357175e-01
1.258025060235703707e+00 8.812128728405875799e-01 3.274270963798546763e-01
1.127418637458831085e+00 8.710608032700551950e-01 3.073610349353438354e-01
1.094353806650894878e+00 8.820587649429568744e-01 3.128347754429336436e-01
1.055152165074479509e+00 8.920532530008704608e-01 3.012549218641278892e-01
1.050369463840841400e+00 9.024167955969951693e-01 3.030340239633046440e-01
1.035393762773652915e+00 8.896765690616328381e-01 2.937721876134109511e-01
1.108205289827192352e+00 8.778906998256370553e-01 2.862144145471612333e-01
1.180303265962120429e+00 8.777392578524709776e-01 2.915960619629608397e-01
1.229203333360620265e+00 9.011882055354087928e-01 3.029808146213814335e-01
1.193977384665340535e+00 8.562201720708256802e-01 2.860875307318058169e-01
1.182999205952897537e+00 8.462713894732820652e-01 2.702748057859019615e-01
1.171647879675941528e+00 8.300275324235900642e-01 2.915817363709045651e-01
1.162130911353236318e+00 8.248293890203205470e-01 3.060458091503696076e-01
1.174422951508553137e+00 8.365756923353989682e-01 3.209614791651317911e-01
1.206858820608114558e+00 8.666341953246724517e-01 3.455796680282801070e-01
1.205374416402666515e+00 8.543251008930983215e-01 3.362004982577351253e-01
1.227173192314933825e+00 8.671239941387863803e-01 3.470094985497043649e-01
1.243710382916253909e+00 8.760795356870962891e-01 3.395799736409106373e-01
1.253068405384239581e+00 8.843692782903156413e-01 3.366725606245412616e-01
1.231600482431366661e+00 8.628788436927828931e-01 3.195070904858968164e-01
1.212000343814209291e+00 8.363137386520845817e-01 3.020707984402841162e-01
1.246685330866602825e+00 8.317718437992015490e-01 2.906512550582983634e-01
1.283510288503780572e+00 8.336096126087039204e-01 2.859053910613763017e-01
1.331243843406270999e+00 8.626039287595128613e-01 2.950758164905301073e-01
1.354993628522390248e+00 8.674964595322489647e-01 3.058520725720850209e-01
1.373829735563214083e+00 8.884179634738332831e-01 3.117357978809038310e-01
1.437202061793782404e+00 9.589865121139935500e-01 3.180997716091323868e-01
1.473173623447037617e+00 1.017353749348526737e+00 3.247898230994032409e-01
1.553605683303454166e+00 1.089938113442316947e+00 3.489141201221359068e-01
1.567579275097755076e+00 1.114670224870865090e+00 3.628051692193507427e-01
1.597265994864616401e+00 1.145168728187580642e+00 3.770891488415371029e-01
1.536180305994646389e+00 1.111989292643194460e+00 3.800033835684094585e-01
1.561804697156983890e+00 1.148945909293079826e+00 4.078277763679575840e-01
1.543220311233719944e+00 1.141813810962216014e+00 4.158848986430253580e-01
1.573581015998275490e+00 1.169663444090625060e+00 4.311314216171819869e-01
1.517942462964933625e+00 1.130877926854891413e+00 4.133806487173820043e-01
1.478057285996119852e+00 1.086004032995249391e+00 4.495486756331229516e-01
1.480013752568374086e+00 1.085134264906119528e+00 4.795928530303402160e-01
1.553543605737877087e+00 1.145953907066473487e+00 5.346815761971419612e-01
1.578378724995020077e+00 1.169937676852844888e+00 5.561454061237131041e-01
1.612183029221479158e+00 1.193276112825634394e+00 5.847502026048019275e-01
1.645613503712374914e+00 1.217605743334506663e+00 4.886268442494344777e-01
1.711013924475478731e+00 1.261550520223643002e+00 4.551970519295890361e-01
1.720685745626601371e+00 1.283564862187804412e+00 4.321710502978358681e-01
1.713316251770233833e+00 1.276436174712191951e+00 4.285187064945412683e-01
1.732072544798172853e+00 1.297114143588820045e+00 4.254564406497542972e-01
1.788667501644032320e+00 1.282467248967875229e+00 4.814224357872390336e-01
1.776634686487828629e+00 1.255148344916597658e+00 4.991234102003672679e-01
1.745660709949055533e+00 1.208376651195027351e+00 4.838441430157963685e-01
1.709301675139231147e+00 1.172798020066743607e+00 4.752890358740111676e-01
1.728518433626121231e+00 1.172178608753073226e+00 4.840849493965515005e-01
1.689257443168329820e+00 1.171657430070645711e+00 4.513195916796961527e-01
1.730617473947887675e+00 1.204869609825446108e+00 4.516402120733361003e-01
1.692899554405870033e+00 1.189304512970800420e+00 4.328259345061217789e-01
1.670398142311795731e+00 1.175362983215863411e+00 4.183427609372484257e-01
1.654363711774545109e+00 1.159060459455845793e+00 4.149489599620166946e-01
1.648196885479852769e+00 1.161000553922892919e+00 4.601898618467188951e-01
1.579299655912922207e+00 1.117638351110710859e+00 4.646437566341134473e-01
1.545472157870753094e+00 1.093618426258673892e+00 4.564154094254209704e-01
1.526868671158080781e+00 1.088112623711720017e+00 4.571391929097869955e-01
1.512298179694769429e+00 1.070110129694360035e+00 4.494859158964955581e-01
1.467448843992938068e+00 1.056219080597145199e+00 4.151918128559227705e-01
1.355967768782215588e+00 9.655469511047077846e-01 3.498855316977600438e-01
1.308595082365332507e+00 9.470771699178939240e-01 3.296482453196244444e-01
1.242184366276737784e+00 8.835984250034790710e-01 2.896559674959137687e-01
1.213413802230426386e+00 8.638195575711435925e-01 2.730096295265460049e-01
1.251325458350728725e+00 8.931958895101193008e-01 2.975575547715136326e-01
1.286454538756865995e+00 9.171175817309135114e-01 3.242836521800822602e-01
1.297057523391645262e+00 9.342516720012442599e-01 3.429417125767783570e-01
1.287811376975908528e+00 9.191975212632715886e-01 3.338388220816040364e-01
1.273990591496874325e+00 9.064989071619774519e-01 3.290015471639420874e-01
1.215083756961555572e+00 8.845500536186445828e-01 3.450032334907784382e-01
1.249950201513328363e+00 9.204329330353610006e-01 3.969485124578077118e-01
1.264990026659244648e+00 9.469182240631744962e-01 4.296245057670740608e-01
1.289647099272259956e+00 9.635331821642285632e-01 4.383597060661378331e-01
1.322992302381868379e+00 9.918664745672989280e-01 4.644077254507104069e-01
1.350226617222908931e+00 1.015855701722072624e+00 3.641156198069728789e-01
1.292137023605846924e+00 9.669876963629367994e-01 2.799909680552940539e-01
1.251671319073229593e+00 9.388563265907546862e-01 2.455774850809191168e-01
1.237187463333305981e+00 9.308715144470185443e-01 2.247371594943202433e-01
1.305282459745086276e+00 9.821298471663978402e-01 2.459001519877100084e-01
1.285734848298801802e+00 1.014419049490145275e+00 3.177334457551224123e-01
1.213700996242601748e+00 9.997551005929430357e-01 3.444609075057916137e-01
1.100024694592020680e+00 9.273467366301295645e-01 3.150129476065346434e-01
1.036996864741852820e+00 8.767221408164769247e-01 3.027311400169724331e-01
1.022813846435110419e+00 8.761798148314901002e-01 3.015625810078122471e-01
1.066448917667411678e+00 8.739886814179335106e-01 3.104253472932816948e-01
1.117190846901715551e+00 8.804911358693724432e-01 3.244187220480412304e-01
1.147257535943592588e+00 8.923268035920398633e-01 3.428755419848994457e-01
1.196569634656472259e+00 9.167451163374509271e-01 3.586534762072380866e-01
1.185751766140849206e+00 9.231240978287860166e-01 3.548005741151559200e-01
1.214009337557336421e+00 8.992215063974000611e-01 3.399722219948318469e-01
1.210249892899145197e+00 8.566451646351612714e-01 3.117951467622797623e-01
1.189906187837163065e+00 8.202404243649670246e-01 2.968617403002098420e-01
1.193420733088297547e+00 8.163213516810059467e-01 2.974818337849305938e-01
1.187910837515041784e+00 8.070110811865410794e-01 2.889928972350243042e-01
1.211539878355258226e+00 8.103332542014914930e-01 2.950990103062402503e-01
1.212373491378722301e+00 8.092970363760890740e-01 2.925053959730078423e-01
1.171392065532079751e+00 7.784294785211622880e-01 2.710872715068067262e-01
1.165246386539946499e+00 7.676088813213380879e-01 2.699412241423063130e-01
1.175320006439694698e+00 7.741891032725110033e-01 2.775215088532159147e-01
1.240679496939780746e+00 7.924242176180223973e-01 2.941576142568292362e-01
1.372753269645843988e+00 8.696159649855242924e-01 3.481534994010538342e-01
1.411944678656505081e+00 9.042020372356246449e-01 3.662262570365943937e-01
1.420185987115153203e+00 8.938091612843370726e-01 3.617334784993328500e-01
1.404129044933242643e+00 8.787563748884650305e-01 3.599366399528483584e-01
1.388534614723434313e+00 9.051945961138079255e-01 3.818459275752639215e-01
1.364899434343765039e+00 9.275322871558105975e-01 3.982221258087138005e-01
1.371276369321949185e+00 9.643122215036686873e-01 4.188953194879896924e-01
1.305258583758325930e+00 9.206757859292670210e-01 3.921978732635336140e-01
1.325498598820662677e+00 9.429684536819500362e-01 4.128280901666407376e-01
1.325243466847851215e+00 9.389081715905772674e-01 4.069273105815644498e-01
1.254584871629051746e+00 8.894623673518392559e-01 3.661976058524819000e-01
1.152631679477839066e+00 8.131431167576682606e-01 3.181038646354341637e-01
1.083173705307563628e+00 7.451374847534770751e-01 2.833902263989281911e-01
1.037189236978036888e+00 7.126456776277910743e-01 2.594303325993173037e-01
1.065232606684730632e+00 7.090288067191119481e-01 2.709849458492620267e-01
1.098761313806869255e+00 7.159473855112326035e-01 2.833909085699784502e-01
1.107675242921110970e+00 7.063396884388378760e-01 2.932844353124479664e-01
1.086703258321804588e+00 6.906981884265588345e-01 2.818048608780360231e-01
1.079982509134270297e+00 6.866269915983813643e-01 2.875091752006265211e-01
1.060623176897868003e+00 7.339703446601014702e-01 2.924487757758331141e-01
1.069649664235408970e+00 7.804487048300439156e-01 3.070138098707422269e-01
1.076579839935384753e+00 8.239084581024184173e-01 3.226341625804620694e-01
1.088221771079767697e+00 8.482278560455362992e-01 3.333196899123273549e-01
1.066709507008625435e+00 8.313939210373365585e-01 3.229186279084362843e-01
1.091264936135146302e+00 7.974027019430960372e-01 3.391720353528325238e-01
1.080171470515202792e+00 7.513288692059801877e-01 3.326770847829468303e-01
1.066074405760798038e+00 7.226381191725538278e-01 3.276119647344853947e-01
1.064871738199123063e+00 7.102471642149439379e-01 3.257871571749386685e-01
1.102236975308136691e+00 7.279952084305426618e-01 3.430222087607134873e-01
1.087678762923730558e+00 7.251014388351793016e-01 3.133286672833492936e-01
1.076325390133623605e+00 7.181569375431473556e-01 2.966639106956234784e-01
1.031865574101512584e+00 6.821226161532647492e-01 2.730812574868272669e-01
1.032146628574235114e+00 6.914669952002444608e-01 2.712216592037153817e-01
1.047380872469486413e+00 7.025904763464010383e-01 2.769928262892350501e-01
1.035260057247794574e+00 7.017486772703335207e-01 2.712741863745883331e-01
9.964622609331553749e-01 6.897868079033608879e-01 2.627729707457766573e-01
1.045605181225561120e+00 7.267952695530688345e-01 2.814944730501504622e-01
1.174113928022768150e+00 8.272708792093365071e-01 3.337405894503611137e-01
1.303151357383955933e+00 9.241091528254160581e-01 3.923650051708565401e-01
1.440566529413851438e+00 9.914135129899011023e-01 4.649138963700313876e-01
1.523101722618336318e+00 1.044546451755498984e+00 5.198818752609304372e-01
1.542791225643082687e+00 1.050840844036597055e+00 5.325190939676978097e-01
1.500917520062650556e+00 1.000242852893906020e+00 4.952295778452672215e-01
1.427928628536033528e+00 9.501530791836868550e-01 4.657611528145013113e-01
1.406324271373101231e+00 9.736572827216988246e-01 3.947880767415144487e-01
1.457477549750734624e+00 1.038899439801133529e+00 3.880434515672197548e-01
1.431574832799875630e+00 1.032817884887728299e+00 3.516387112970254525e-01
1.405975681966398882e+00 1.020070154470812618e+00 3.339104500418852983e-01
1.413318571151804814e+00 1.040741983807987880e+00 3.388684692354499983e-01
1.458772310404200079e+00 1.039891316508266605e+00 3.833671690174281221e-01
1.456227812386589049e+00 1.004992809917129915e+00 3.976259083107534509e-01
1.438766280012115262e+00 9.876226884633960701e-01 4.037402074345729508e-01
1.433465810951301211e+00 9.742207560092447372e-01 4.016384384286053599e-01
1.476927610736826546e+00 1.010513620227190268e+00 4.256774640700508039e-01
1.509761867729761953e+00 1.033253792188868703e+00 4.132653618098816595e-01
1.491501513055389472e+00 1.027023523986498432e+00 3.940308668756838939e-01
1.435951642258586514e+00 9.852248572215991373e-01 3.519900293879288378e-01
1.376368776212422596e+00 9.396135364565852965e-01 3.183576322661449409e-01
1.345295202700305781e+00 9.109084608311026621e-01 3.079934074989699178e-01
1.262165838511011495e+00 8.578614756178423173e-01 3.050737154036952115e-01
1.250922295260002759e+00 8.564248233859150794e-01 3.318618903778409179e-01
1.296554763327575799e+00 8.945957045053304357e-01 3.593063139023731090e-01
1.381895726061935781e+00 9.737295928530302902e-01 4.122380122081331089e-01
1.433140415360309117e+00 1.024994065111862307e+00 4.413162353981286423e-01
1.439272450931436298e+00 1.044393645440232277e+00 4.255035104522248424e-01
1.405537045981057442e+00 1.036498879875135337e+00 4.004732902746966361e-01
1.417996218043697132e+00 1.051960968901186178e+00 3.922244779344952192e-01
1.379592716596130142e+00 1.023712947879403146e+00 3.756913803594768564e-01
1.356512141280353134e+00 1.011079140027887124e+00 3.630964562578279375e-01
1.365379682763174785e+00 9.903431866119838389e-01 3.466506765772476850e-01
1.347124103286154284e+00 9.457803627512777478e-01 3.173173214144407450e-01
1.374022107799398151e+00 9.521818558872725546e-01 3.184299423974765175e-01
1.378255661337546512e+00 9.525788794385459113e-01 3.164420959569086422e-01
1.397703675810487489e+00 9.640516321624549301e-01 3.153124206976153920e-01
1.421518267176384853e+00 9.646423922920128735e-01 3.422547663291284348e-01
1.419217986394780473e+00 9.639704538074694851e-01 3.512212226142432114e-01
1.419063133566363044e+00 9.563342310704354698e-01 3.500915473549499612e-01
1.435238773511025245e+00 9.576801545526731907e-01 3.645378836871072670e-01
1.418760931791080981e+00 9.573663558695361120e-01 3.593076782444737383e-01
1.347804909994351652e+00 9.074594040007967211e-01 3.390594771295333820e-01
1.300589122919037166e+00 8.931801995759625079e-01 3.284326165079936577e-01
1.366424086641180757e+00 9.361569757447261164e-01 3.545809150369600427e-01
1.435953688771737458e+00 9.987795959910171772e-01 4.040860681570739854e-01
1.463140933810307409e+00 1.020192263088815832e+00 4.147886497651967486e-01
1.481290094603481267e+00 1.034025327646755477e+00 4.310318246438384904e-01
1.439009815077071597e+00 1.009819170097987051e+00 4.207712898763087406e-01
1.470626396745225550e+00 1.031941977259145826e+00 4.354748046944282858e-01
1.464632841897308690e+00 1.043245551562580919e+00 4.514792197054658396e-01
1.416539100680261010e+00 9.937438092977185500e-01 4.223464228314464664e-01
1.344555047110732815e+00 9.570730223179080287e-01 3.368690258870269960e-01
1.267524974282151495e+00 8.982269010060658365e-01 2.935982339955849896e-01
1.229068945663711609e+00 8.704243376801272802e-01 2.642362276486655559e-01
1.234739833604837411e+00 8.827880057957252502e-01 2.579411531965171145e-01
1.255123786758786997e+00 9.007482052079666124e-01 2.602694029911836182e-01
1.237087184188912170e+00 8.943071461510545550e-01 3.147059706339006002e-01
1.194652051834085071e+00 8.708234077445514698e-01 3.399810902184857708e-01
1.105076171219476322e+00 8.225113717914084299e-01 3.349862337882049679e-01
1.104613659247374313e+00 8.235625973799174382e-01 3.342597216196377952e-01
1.122769641751051317e+00 8.438558217841775067e-01 3.581145610775028354e-01
1.266391888167606616e+00 9.019624696774968253e-01 3.335741397140884468e-01
1.324785730073101409e+00 9.203469794830234640e-01 3.207663782447465750e-01
1.337027289570696054e+00 9.144557502926513592e-01 2.999710759474673583e-01
1.289254850918338580e+00 8.623951844181216853e-01 2.607803491078566904e-01
1.278385137402892946e+00 8.531149294498699964e-01 2.548359105755613752e-01
1.294191040638293710e+00 8.578348709468807121e-01 2.970541125363937995e-01
1.299737091277215262e+00 8.694174532098876140e-01 3.297294236746098894e-01
1.275701476491021280e+00 8.576609173290548060e-01 3.235237136300504468e-01
1.263285963375600618e+00 8.526114872147502188e-01 3.214990299527664686e-01
1.227498587905925920e+00 8.287375469674768125e-01 3.052619946135773921e-01
1.168437582713239831e+00 7.846611110656330768e-01 2.817386902861571119e-01
1.152415431254894651e+00 7.735922036035003391e-01 2.785891065469320305e-01
1.192108235987524356e+00 8.000556651577043210e-01 2.858242127063908566e-01
1.196598968011635122e+00 8.109533476862121892e-01 2.946576456366975516e-01
1.199853606092606162e+00 8.102063703861360766e-01 2.907610845973963021e-01
1.145309937594992222e+00 7.839400562654682547e-01 2.763577250414077646e-01
1.115109543027256844e+00 7.719004193987617501e-01 2.641270802806178764e-01
1.106925536936833598e+00 7.753651661632244840e-01 2.670672375074015781e-01
1.180922677275790811e+00 8.348886833280123598e-01 2.943226996510012738e-01
1.215319105973908353e+00 8.612921138297900958e-01 3.178951202940429877e-01
1.214252190451242441e+00 8.617839591570548574e-01 3.361370563500574171e-01
1.266294337707414064e+00 8.976109005476469171e-01 3.880441337382700695e-01
1.422209988621386811e+00 1.022673319198749153e+00 4.798930082924712792e-01
1.560890587949584907e+00 1.133947014410181309e+00 5.651937229348635849e-01
1.596351885657217196e+00 1.169373521394248439e+00 5.782804923637772099e-01
1.587885460751970790e+00 1.111840579354229641e+00 4.801651945415401079e-01
1.544173304190985974e+00 1.037825702567964692e+00 4.129338266794368995e-01
1.468989186224510579e+00 9.564140450833203966e-01 3.622812618527220252e-01
1.451052862799029786e+00 9.454692927523419277e-01 3.383950425265432882e-01
1.485310810773936785e+00 9.639745468337712619e-01 3.467775603926031014e-01
1.439380916128433663e+00 9.995224802647915130e-01 4.023601753998204411e-01
1.408189327024615523e+00 1.027788237733882282e+00 4.417153054625528874e-01
1.397673660284274311e+00 1.039302602891859495e+00 4.576753793553210437e-01
1.361930625932868955e+00 1.022191024266188686e+00 4.612983898034528907e-01
1.350093593868100905e+00 1.025055460506389293e+00 4.500070945789230725e-01
1.401996578230011670e+00 1.011424318579337900e+00 3.723582926077216304e-01
1.480345287698818790e+00 1.030275433383268213e+00 3.395124387069311522e-01
1.512682924167137344e+00 1.032244861205478204e+00 3.269488944735958746e-01
1.571194099493283369e+00 1.061883146827768076e+00 3.252236838873926450e-01
1.546986577602414314e+00 1.032899745413764059e+00 3.100672074918753296e-01
1.457491875342791010e+00 1.022017070648362669e+00 3.795538328462632061e-01
1.331782076364956158e+00 9.606441877662172946e-01 3.858734654562223643e-01
1.256602733595832744e+00 9.214807477686185466e-01 3.831263626366729902e-01
1.171005956717611207e+00 8.674023199273078744e-01 3.600682989655558108e-01
1.136754830453207132e+00 8.444881943478035335e-01 3.489564147272543604e-01
1.157370721764258148e+00 8.057995454012121250e-01 3.148765133964750995e-01
1.160186041688837211e+00 7.625676372596370545e-01 2.730669318947710478e-01
1.238539526354996312e+00 8.009895573255620960e-01 3.002139288413733786e-01
1.355714001151504755e+00 8.850569067090158226e-01 3.396522837722422139e-01
1.483823677884287484e+00 9.717860875307318125e-01 3.899589878764561091e-01
1.472199483187212277e+00 1.063849163794726493e+00 4.257238517014710344e-01
1.418919877645800520e+00 1.096740723155886998e+00 4.376741241605885402e-01
1.358897011272194533e+00 1.092642239485697608e+00 4.271932481438125984e-01
1.286533670598700496e+00 1.059019392758617784e+00 4.034714320407556398e-01
1.287239035464708525e+00 1.068417663318571131e+00 3.991983125816899736e-01
1.338486453447283120e+00 1.020304139141064770e+00 4.032435869099561532e-01
1.420564592048068508e+00 1.019979425721122990e+00 4.219964690826436549e-01
1.497106912575686843e+00 1.058174182827298804e+00 4.523735459524063085e-01
1.704749547720593617e+00 1.208470108628918016e+00 5.516751392311113333e-01
1.846217497960308540e+00 1.307844694210005043e+00 6.296534298196067025e-01
1.837671259042177319e+00 1.345156039806045145e+00 6.531610442128701344e-01
1.729543054543668523e+00 1.295525367212676304e+00 6.164036215096718729e-01
1.705143160416615400e+00 1.292081767750772991e+00 6.171308158492893048e-01
1.653857540855224295e+00 1.251078512430520817e+00 5.920044095536691753e-01
1.604602062339519186e+00 1.211451196118719542e+00 5.574940582901518615e-01
1.623728774247769957e+00 1.174607137692133429e+00 5.463439724730337899e-01
1.688305814553164419e+00 1.190876917241736832e+00 5.575725079609361590e-01
1.714256965648594644e+00 1.194297322887930113e+00 5.699893854184573394e-01
1.686700666071813570e+00 1.177039077486445207e+00 5.626151163647377107e-01
1.625848279701045396e+00 1.131260624814108384e+00 5.553111109291988257e-01
1.615675062827953701e+00 1.043768094587109063e+00 5.093116348365654966e-01
1.555091451851002837e+00 9.650626096589963732e-01 4.713269864138813769e-01
1.530817077197204723e+00 9.117468490519187174e-01 4.475587826794041879e-01
1.562248790510727847e+00 9.244788895346774948e-01 4.496516834617179104e-01
1.590356284296149614e+00 9.380506825803529569e-01 4.637705776897322330e-01
1.580940959459938844e+00 9.627439102590339415e-01 4.852630588004158696e-01
1.631889586522482949e+00 1.027599958524000101e+00 5.244401422190205775e-01
1.679865312147829304e+00 1.082973147018776006e+00 5.559850959268930470e-01
1.742554785157049313e+00 1.132446920270576252e+00 5.792116558474338373e-01
1.753835847815824689e+00 1.152989137108195061e+00 5.888916630511601413e-01
1.862714440469661170e+00 1.201861235493632662e+00 6.202763065622126648e-01
1.970269621285919648e+00 1.272693784330258149e+00 6.584628776157849250e-01
2.080409548211756832e+00 1.344896132635881703e+00 7.125276620360895263e-01
2.137173683478089892e+00 1.388325188210992822e+00 7.362556176785991502e-01
2.158654567680918568e+00 1.400465786393143341e+00 7.456197796860375426e-01
2.075596831451905544e+00 1.364782783094164120e+00 7.020181348352011463e-01
2.021588667228775726e+00 1.329280555123513841e+00 6.713736469137217000e-01
1.939705629548375443e+00 1.267164105796543927e+00 6.305313839613400084e-01
1.893629068127058446e+00 1.241672737989014230e+00 6.106078962663413767e-01
1.929377559846866319e+00 1.279306750491845390e+00 6.341107354622527170e-01
1.984277321632735402e+00 1.369617329327625033e+00 6.602078711624467244e-01
1.984052887357187434e+00 1.409378351165284649e+00 6.719910117142412487e-01
2.004335197024642579e+00 1.460736280858007552e+00 6.919172280934410280e-01
1.991647497660153254e+00 1.453358600949036461e+00 6.813626776032329913e-01
2.064449474318988731e+00 1.531430348971422495e+00 7.252747102819548930e-01
2.121880772872513088e+00 1.543652125508558459e+00 6.790351099796166912e-01
2.219634520038092251e+00 1.595623326975499134e+00 6.944508113742472455e-01
2.242443591275850689e+00 1.583760372410819794e+00 6.677799698207527168e-01
2.220634582797829104e+00 1.562062557813996611e+00 6.399276080081424123e-01
2.200893916944310469e+00 1.539448587496623277e+00 6.244641546399910537e-01
2.243213762391637278e+00 1.560991549265028810e+00 6.755717275572545866e-01
2.236254935507548947e+00 1.539894727363517957e+00 7.020829410849793728e-01
2.227697781852612913e+00 1.527347555235389898e+00 7.095370241515838172e-01
2.185799518114369899e+00 1.486229695178687971e+00 6.986918687939488448e-01
2.196691061103425380e+00 1.500389519669720118e+00 7.062284945576393635e-01
2.111587493894568901e+00 1.444583834729055383e+00 6.731752606575582831e-01
2.089287322260332758e+00 1.442289693486903612e+00 6.692739244209049421e-01
2.034785948367837438e+00 1.421862081385734999e+00 6.451434878587196664e-01
2.077090786052057769e+00 1.457440712514018522e+00 6.611008330672866196e-01
2.067761414768184647e+00 1.442662158880366308e+00 6.521909969793465711e-01
2.074768675796843986e+00 1.440934219609961930e+00 7.095724970461994019e-01
2.058231485195523902e+00 1.425488502689118198e+00 7.277107431025685580e-01
2.139541499193673868e+00 1.484446500053209439e+00 7.809712478545720593e-01
2.182643794835692486e+00 1.528370129639786468e+00 8.297014546615476549e-01
2.280242689172853776e+00 1.609729259953557756e+00 8.955159532521822507e-01
2.301596689560327036e+00 1.650316390933128208e+00 8.437412170477274209e-01
2.290808836570917162e+00 1.652014314677319406e+00 8.178071202285546182e-01
2.261508225618524381e+00 1.636902179400071544e+00 7.931950709048589676e-01
2.258207882077183370e+00 1.629761895016603956e+00 7.760391511609187054e-01
2.233458034201327713e+00 1.630335600869904589e+00 7.760875853054898243e-01
2.334154667277891892e+00 1.686438030217448869e+00 8.316094870892306590e-01
2.409679870769516175e+00 1.731838560127920701e+00 8.804699885668132442e-01
2.470060194773478379e+00 1.759147231613443774e+00 9.107713444499927480e-01
2.444527896702930914e+00 1.756724842213835958e+00 9.048282702597980620e-01
2.465546268933657359e+00 1.772697877356559815e+00 9.151345104876976722e-01
2.458210201458754796e+00 1.726757750145302417e+00 7.941767150462375469e-01
2.468725868199095785e+00 1.715555137157311449e+00 7.389863483929414167e-01
2.483779336766017920e+00 1.715898951366661374e+00 7.167148279428177116e-01
2.508971913653517127e+00 1.729472790925487891e+00 7.042624775906809464e-01
2.476117191529072947e+00 1.705089951074692189e+00 6.843594550271913102e-01
2.469006240500768001e+00 1.655172766640198523e+00 7.560051517557718759e-01
2.402554594149155509e+00 1.601165966759169113e+00 7.707086665738913656e-01
2.367808893873285303e+00 1.571990193108981027e+00 7.853569255369368118e-01
2.365346256381710255e+00 1.575703932306802280e+00 8.140510864256147450e-01
2.469488535433328913e+00 1.649228328107902986e+00 8.806910119871097509e-01
2.491433295950359561e+00 1.723166801736534692e+00 9.064375117674505766e-01
2.434303517001066730e+00 1.723805996010663755e+00 8.791677240317946618e-01
2.374111472206986928e+00 1.682654027401446761e+00 8.305889591979851438e-01
2.370936648138901148e+00 1.693574221574614569e+00 8.182996477268695834e-01
2.448268922742764087e+00 1.764241002846017592e+00 8.696671278142966699e-01
2.511238085882606441e+00 1.788022850001500741e+00 9.240450287466880352e-01
2.539204370260616628e+00 1.809643579269640368e+00 9.590315354033132067e-01
2.573342256130671135e+00 1.820786161205205200e+00 9.838270887395389463e-01
2.663105733784111973e+00 1.899102126463597884e+00 1.047131197865077468e+00
2.747186726588571659e+00 1.953191469041713368e+00 1.092776627182606264e+00
2.764452475871610027e+00 1.992007683974710508e+00 9.866314939273133078e-01
2.723400786406786622e+00 1.950580118261173279e+00 9.000496620524617297e-01
2.646890527918532410e+00 1.894475642400478055e+00 8.298003694638408367e-01
2.606156047992097768e+00 1.871180865374907576e+00 7.917938915675472034e-01
2.605855210558916557e+00 1.866058442958221208e+00 7.805128289087719384e-01
2.612280579681671711e+00 1.813979458465333483e+00 8.252721180319637639e-01
2.608806282522504905e+00 1.787779314936544406e+00 8.567352112138005849e-01
2.614745945857448017e+00 1.785144770340294285e+00 8.855678528256889503e-01
2.592760255077398934e+00 1.760525217135045395e+00 8.756040624650387461e-01
2.616492303746210446e+00 1.772714249461767144e+00 9.112816083956155611e-01
2.513210924560068005e+00 1.734762345249497351e+00 8.437084728373130948e-01
2.342108099553314560e+00 1.640230491954474568e+00 7.538085609738127690e-01
2.165320743184429020e+00 1.509302084441861203e+00 6.577159003157088124e-01
2.056086057242337173e+00 1.429241125636806720e+00 6.048490082597270945e-01
2.000045705460369749e+00 1.381867757048873546e+00 5.766132663168493933e-01
1.991471497529176515e+00 1.408141575051094607e+00 6.027008516223392176e-01
1.979642651517012020e+00 1.417957334293830085e+00 6.238931774708917910e-01
2.017004477770774074e+00 1.462474452694166427e+00 6.559756819663989935e-01
2.056967422239321941e+00 1.507102764975701170e+00 6.902431803360101759e-01
2.147136109496639467e+00 1.594130054546397224e+00 7.454785702786259627e-01
2.330631253803103764e+00 1.644644138649901555e+00 7.899397506528377244e-01
2.561001781830783308e+00 1.771735334004589602e+00 8.691016080135998134e-01
2.709867877110978096e+00 1.863582844216690182e+00 9.370103717286487610e-01
2.919770544945521795e+00 2.009611790098696726e+00 1.029542781675248486e+00
3.010185495951997137e+00 2.084449365171620716e+00 1.072459526791585738e+00
3.082436960573241791e+00 2.176277774594312930e+00 1.120586012219047856e+00
3.012605156667403250e+00 2.139620631035508147e+00 1.074053078365081682e+00
2.974430864692736431e+00 2.121253857677289467e+00 1.047768345626055586e+00
2.791454852555549149e+00 1.973252073117821803e+00 9.429247947347310088e-01
2.726928292907877083e+00 1.930746677144814072e+00 9.162573640364879424e-01
2.722050087727196921e+00 1.862912270074247534e+00 9.561316262684970146e-01
2.711252002172032771e+00 1.804879296654360310e+00 9.651137724877686397e-01
2.690099924415447763e+00 1.765017995672306883e+00 9.737070812083704618e-01
2.612016579485206602e+00 1.692559833222821553e+00 9.366781544271536308e-01
2.513576568243027332e+00 1.609966655479061481e+00 8.774902654191122364e-01
2.439202869484305758e+00 1.607375087658980073e+00 7.942346995855128489e-01
2.404466037432090086e+00 1.613395247177858316e+00 7.535752584746109317e-01
2.383154331649735003e+00 1.627939133970208285e+00 7.390184104323054282e-01
2.359055957126913849e+00 1.630815849289314112e+00 7.206645983240421716e-01
2.301855914559440386e+00 1.576423622764866472e+00 6.759373712402142464e-01
2.303635698829667344e+00 1.582701642940757436e+00 7.232561661441236911e-01
2.443239957759968384e+00 1.692522313815055135e+00 8.240278380362205946e-01
2.464383849463950060e+00 1.698893109253786671e+00 8.477312355209194461e-01
2.518962990856179029e+00 1.747263811917255438e+00 8.858195739432488391e-01
2.482687863085541569e+00 1.715956253734886472e+00 8.858809693377756034e-01
2.489270131549865539e+00 1.692597352630587970e+00 8.114629294607846877e-01
2.454245423314423746e+00 1.667643535610693117e+00 7.537915066975553469e-01
2.495059035082692667e+00 1.676783945513633967e+00 7.555324072179154804e-01
2.577492584800683328e+00 1.732112792890140529e+00 7.883339200004365610e-01
2.587509584503256743e+00 1.747975998493766392e+00 7.894178897993598953e-01
2.499723720724629228e+00 1.716095416629147330e+00 8.036889081715905547e-01
2.463431538677734345e+00 1.711094420659413862e+00 8.189354311457471836e-01
2.378261118705948807e+00 1.671857306188382797e+00 8.094532535466072432e-01
2.391846555172630229e+00 1.698707558728105749e+00 8.305637188691241679e-01
2.389434398338777132e+00 1.703568027461477730e+00 8.407901450841389623e-01
2.466473339391012320e+00 1.660936429844164897e+00 8.771232573940520583e-01
2.498945363556239752e+00 1.618443312950062385e+00 8.949633947014410396e-01
2.485153911432368190e+00 1.572227588634484530e+00 8.847553871047841856e-01
2.441264390398306006e+00 1.517566586716219579e+00 8.654635898023613771e-01
2.397293691009258598e+00 1.480809164013021206e+00 8.279168951939684939e-01
2.312012077156274437e+00 1.462114266379609173e+00 7.468633775107305084e-01
2.240584675163789452e+00 1.454871656338597052e+00 6.875370077794786816e-01
2.224600725284260783e+00 1.453569391803578359e+00 6.734788267749408641e-01
2.216285742352180232e+00 1.461613552828690432e+00 6.607133599107174460e-01
2.209736218098270921e+00 1.464578950384335165e+00 6.585044900498530085e-01
2.259574952861980623e+00 1.523562870248337475e+00 7.311031797356996043e-01
2.234730283210133450e+00 1.528057695298749907e+00 7.648276699492737585e-01
2.269522371117423276e+00 1.568388329963408268e+00 7.975739268767207957e-01
2.254918453272647394e+00 1.562574868272770257e+00 8.042878543537520519e-01
2.226948758039385634e+00 1.544070978533441441e+00 7.853425999448805372e-01
2.201125172930361362e+00 1.465948749853333233e+00 7.313412574322536441e-01
2.184287144895859623e+00 1.430069963462918592e+00 7.053102923239384925e-01
2.231373319471617656e+00 1.456482944359400511e+00 7.192156670132096030e-01
2.282111155679619863e+00 1.491825544304280937e+00 7.297818144112727667e-01
2.257892719051945996e+00 1.461677676907418455e+00 7.131252438761505053e-01
2.197794813862807395e+00 1.488128859382717106e+00 6.968459139318429196e-01
2.150179274552018072e+00 1.514183700477792494e+00 6.920618483561041812e-01
2.168767753501584128e+00 1.563034651560671007e+00 7.097921561243952793e-01
2.209685055269498655e+00 1.617360025322189365e+00 7.347821282099559204e-01
2.216313029194192374e+00 1.638881839788035810e+00 7.511822024301662015e-01
2.274479025968887402e+00 1.599592880317182164e+00 7.634558239671248581e-01
2.340633927913620571e+00 1.606465071477882756e+00 7.827483034405978701e-01
2.420977987704548973e+00 1.630804252381459207e+00 8.175131045058762203e-01
2.540156681046832343e+00 1.734411709329644058e+00 9.062096666366511455e-01
2.560958122883564503e+00 1.744303189558962686e+00 9.181490243589638389e-01
2.560621812555767374e+00 1.815510932473252126e+00 9.161652709446977960e-01
2.576702630724438503e+00 1.878795258638332077e+00 9.418292280279526585e-01
2.666210294234017564e+00 1.981715769338867172e+00 1.001514419731661221e+00
2.692188732171459709e+00 2.007634176223882960e+00 1.020478774929941101e+00
2.747701765731546786e+00 2.062156015247887275e+00 1.049595199698753367e+00
2.816614685232634141e+00 2.059317501507598180e+00 9.745918570606068032e-01
2.826822692829290773e+00 2.032789233703615750e+00 9.245525640081097007e-01
2.860732051397495646e+00 2.026018686029409821e+00 8.902673291911906706e-01
2.917878884623045899e+00 2.059178338613337100e+00 9.018867486909137865e-01
2.934501346605653094e+00 2.067950376149116920e+00 8.974812880480903532e-01
2.851895889782987581e+00 2.029996425423696405e+00 9.462803941311460632e-01
2.787376834016868532e+00 2.001982389072165525e+00 9.574345729745659117e-01
2.731158435590773870e+00 1.965484191368080502e+00 9.458281147247985521e-01
2.734563151302810358e+00 1.969843264379483649e+00 9.687974961593769363e-01
2.702982042529272100e+00 1.955456959099752590e+00 9.678977125440341167e-01
2.710836560002401363e+00 2.017586369676678260e+00 9.514437468108503104e-01
2.682485531152023039e+00 2.029946626937024767e+00 9.242878816405940556e-01
2.684061346278211246e+00 2.043407226101501717e+00 9.193892113284053424e-01
2.692795864406224648e+00 2.052782985016794903e+00 9.108845848443422044e-01
2.721670800623231301e+00 2.092784131064159503e+00 9.279211246544804004e-01
2.805950305203328110e+00 2.103224076817917787e+00 9.861901292577706091e-01
2.924783819994160705e+00 2.159301265836600869e+00 1.063563334124651760e+00
2.971815420885894454e+00 2.171159445203928229e+00 1.097826739467961055e+00
3.006177741031497153e+00 2.206733983305909863e+00 1.146419147722776533e+00
3.107216141804260534e+00 2.276986004578732015e+00 1.221076629638422117e+00
3.184166400619957038e+00 2.379545646793659763e+00 1.254548716563385957e+00
3.188374031658193886e+00 2.388245374198108006e+00 1.246518198959279955e+00
3.087157584241302821e+00 2.327872554075699263e+00 1.164812525751957040e+00
2.982746529795867296e+00 2.237233850964726489e+00 1.090220532257140329e+00
2.921751569675586691e+00 2.181716042207287209e+00 1.054961839351446384e+00
2.884805867762506359e+00 2.136702303282334015e+00 1.048192656019340863e+00
2.899147149752917763e+00 2.142807052011449720e+00 1.055387514086832290e+00
2.866196923681431752e+00 2.115993636708442871e+00 1.045336405831743809e+00
2.836800808781997141e+00 2.084752249117952871e+00 1.027247958262046401e+00
2.940906250596899696e+00 2.170871569020702552e+00 1.103333224185965245e+00
3.079034973545406562e+00 2.245604771922931064e+00 1.120380678732908253e+00
3.065212823724271729e+00 2.209717117308862555e+00 1.088674732657165301e+00
3.020352573285635778e+00 2.160995096554490402e+00 1.028585695691680568e+00
3.018602122370571905e+00 2.143534928522117244e+00 1.028508610362996789e+00
3.063008046889709401e+00 2.183604973845561847e+00 1.040246045454421342e+00
3.062598744259530825e+00 2.233501693148546963e+00 1.109066871863718662e+00
3.100986555772940800e+00 2.296427197341170068e+00 1.165341890486988330e+00
3.125918543319226028e+00 2.337756530423464429e+00 1.198402628268622649e+00
3.161745484709817866e+00 2.385333185984386262e+00 1.243709700745203595e+00
3.223413747656742601e+00 2.461651754407506942e+00 1.301915263440816206e+00
3.404541758418672792e+00 2.538144276448453862e+00 1.383080657176303019e+00
3.510146612202130090e+00 2.570094439760203020e+00 1.448458566294747119e+00
3.617255653151493888e+00 2.643475579640741646e+00 1.517359888887979347e+00
3.713080220586830738e+00 2.710465458951039075e+00 1.580277207027999120e+00
3.750145302433713468e+00 2.735858594127325905e+00 1.606770684108416170e+00
3.717572999124092448e+00 2.765766337314483625e+00 1.428257434982277196e+00
3.726612447711588949e+00 2.797153027338687092e+00 1.330576680119079702e+00
3.696583960248528644e+00 2.788512648815614448e+00 1.271746248741394414e+00
3.662729175364347611e+00 2.767752137241900723e+00 1.228753100467423698e+00
3.559464850454462148e+00 2.685529378378451959e+00 1.148034528769881879e+00
3.535365793760590680e+00 2.612582099285903237e+00 1.111320082842852441e+00
3.538048772501412031e+00 2.559168106047582825e+00 1.089023322063867649e+00
3.583093891294678812e+00 2.576543002698668872e+00 1.095861404672053174e+00
3.611758036657143567e+00 2.582651844454085577e+00 1.113393200664707372e+00
3.692583027038531807e+00 2.652065477506091895e+00 1.149705847843111473e+00
3.630500004093026423e+00 2.652155524084731208e+00 1.177863822286255413e+00
3.553197745015375997e+00 2.623647595892784512e+00 1.170916592310022208e+00
3.483256111570439462e+00 2.591960068435399833e+00 1.145178278582284825e+00
3.477398990932582201e+00 2.596452164801611229e+00 1.140220259388720070e+00
3.471769715425524705e+00 2.600635919853087508e+00 1.138920723537902857e+00
3.445455649331335746e+00 2.570895308573252880e+00 1.186626991598381364e+00
3.394358991150876914e+00 2.514101157780706419e+00 1.188178248566758688e+00
3.338623569828393034e+00 2.483440297754019976e+00 1.182084414574448017e+00
3.268660789080897189e+00 2.420548902113911716e+00 1.142101687145441691e+00
3.227063362775835831e+00 2.388525064328729908e+00 1.121485795834390675e+00
3.167736310873533689e+00 2.384009091975758388e+00 1.140943360702035836e+00
3.176633185711517982e+00 2.439679024877413838e+00 1.177977744851655073e+00
3.142380012933962963e+00 2.433906493449793373e+00 1.191855832698914153e+00
3.199526846159513216e+00 2.505305244258166475e+00 1.236806129716189639e+00
3.157473047421802903e+00 2.486012764784693019e+00 1.211311351053408591e+00
3.191108855398838262e+00 2.441783522567582576e+00 1.176151572950007829e+00
3.182653345230396447e+00 2.390336228467270896e+00 1.134701495591810660e+00
3.190318901322593437e+00 2.393750494574011345e+00 1.114075371715005369e+00
3.165326200552831537e+00 2.357808948446969310e+00 1.078607934467920249e+00
3.197396425969433409e+00 2.372358974778772112e+00 1.088865740551248740e+00
3.136973125189302269e+00 2.339831012587420211e+00 1.064942683988354011e+00
3.079051345650613669e+00 2.292530636301868707e+00 1.022304264660538031e+00
3.016424632378020831e+00 2.238735991617482046e+00 9.938932047577337947e-01
3.012330241734133551e+00 2.245005825740769456e+00 9.813958311162773729e-01
2.998148587769491780e+00 2.221686490557388538e+00 9.621306384848162807e-01
3.087922980159737207e+00 2.226089222516010491e+00 1.035574538101981856e+00
3.118946755185182163e+00 2.206989797449771640e+00 1.086242110691803209e+00
3.199104582279379105e+00 2.264891794028001559e+00 1.159737855308791588e+00
3.188061597317157769e+00 2.245906291527162590e+00 1.161179282738070917e+00
3.241499466542238750e+00 2.289194819865912667e+00 1.206152773571056214e+00
3.230632481710994153e+00 2.273718405247805663e+00 1.188602558960043964e+00
3.315883397866714599e+00 2.328445577757949358e+00 1.220818768981409397e+00
3.241501513055389694e+00 2.270773472823669703e+00 1.167268341533029385e+00
3.217339014453840296e+00 2.240354783519838744e+00 1.142151485632113328e+00
3.036985267833997693e+00 2.089710950482567942e+00 1.035509049681153204e+00
2.969810520169069434e+00 2.065752421025057295e+00 9.828004213088407104e-01
2.857264575948831542e+00 2.012343202984089086e+00 9.255553554520474790e-01
2.893923766020787269e+00 2.039205734602717257e+00 9.488037448461976719e-01
2.944770749596836712e+00 2.082161363468921778e+00 9.860980361659803517e-01
3.051125309364571159e+00 2.188502961986700246e+00 1.053778272579179554e+00
3.069036392461191198e+00 2.221129156809294791e+00 1.092638146459395720e+00
3.080629889461003135e+00 2.276535089514485133e+00 1.126814916079317497e+00
2.973365995683221463e+00 2.199146194713447411e+00 1.087936623580743056e+00
2.866655342627231651e+00 2.113567836453583926e+00 1.027529012734769154e+00
2.733228824728427764e+00 2.011311760356038647e+00 9.660074165636588495e-01
2.798091694703896959e+00 2.060548138082335168e+00 9.487689541226325129e-01
2.842906239682162717e+00 2.104143643393719287e+00 9.406981884265588345e-01
2.944487648610963237e+00 2.171877089148841478e+00 9.702280088518515644e-01
2.948295527413725914e+00 2.172235228950247787e+00 9.625249333518883788e-01
2.935558029562564730e+00 2.165481735552299281e+00 9.512697931930244044e-01
2.772592140843763708e+00 2.072476581067843160e+00 9.360103089689121303e-01
2.692059119671903034e+00 2.026917787473702326e+00 9.206887471792226663e-01
2.625855783582598857e+00 1.975419330544618157e+00 9.097051110983772615e-01
2.629861491989947453e+00 1.978116634877495672e+00 9.081695440641568418e-01
2.655017231640730557e+00 2.003700095776815626e+00 9.155649604204356695e-01
2.775095026427306433e+00 2.062603519456882584e+00 9.984698903341819864e-01
2.808432043484311524e+00 2.050192781538814124e+00 1.023120141236694147e+00
2.824242039746013955e+00 2.067208856217443547e+00 1.039767161377112448e+00
2.795783227869689025e+00 2.037330446385448468e+00 1.032024519956231901e+00
2.844794489149387484e+00 2.077830941641630957e+00 1.067270933783020403e+00
2.864108115925419806e+00 2.118504026173539057e+00 1.039859254468902483e+00
2.916158449234194983e+00 2.179490118070165572e+00 1.032298752718451729e+00
2.830423191632762681e+00 2.120118042878543552e+00 9.687238216859448414e-01
2.789590479075085394e+00 2.091103261596225504e+00 9.362170067971523624e-01
2.693091926642054101e+00 2.022294032094783756e+00 8.947410069390439036e-01
2.687410806135173580e+00 2.010103635425961155e+00 9.167403411400988356e-01
2.616392024601816857e+00 1.936291363441634772e+00 9.062949380179383674e-01
2.598036165980402767e+00 1.930937685038897289e+00 8.970337838390949337e-01
2.573164891657593767e+00 1.905462007165524607e+00 8.946461851630524986e-01
2.666052030550348118e+00 1.981092947169945218e+00 9.508236533261296142e-01
2.740852086215506134e+00 2.012650179956723129e+00 9.961798421183321040e-01
2.773586746235098044e+00 2.022175334332031671e+00 1.002194544268808052e+00
2.761202612987990967e+00 2.001270884666704664e+00 9.924354052232472467e-01
2.801762457125549499e+00 2.052120596926955809e+00 1.025606654715029764e+00
2.853617689513939570e+00 2.082917208992651759e+00 1.060917874791596827e+00
2.913573020953565962e+00 2.108760577062134711e+00 1.073035279158037092e+00
2.886476504664685638e+00 2.079880865647775856e+00 1.045976964447973501e+00
2.873187812604883984e+00 2.056777778687339353e+00 1.031061976604261687e+00
2.837101646215178796e+00 2.017969067635895453e+00 1.014398584358636501e+00
2.784395064356016913e+00 1.972882336408560366e+00 9.797995508585805036e-01
2.730838497368184292e+00 1.926513805777716026e+00 8.935601688509783314e-01
2.785028801261743681e+00 1.967972751359566841e+00 8.831604711891878345e-01
2.824499900403026675e+00 1.982993475716074983e+00 8.916507720811946980e-01
2.883148192110282615e+00 2.034601080013207053e+00 9.064634342673619782e-01
2.843366705141114004e+00 1.993653080548029033e+00 8.792980187024015404e-01
2.870674694455586540e+00 1.983677011108473387e+00 9.253738979526682229e-01
2.896440977196386157e+00 1.975744043964559937e+00 9.666193239957759920e-01
2.918966265277220806e+00 1.966949494784120178e+00 9.803582489487744356e-01
2.890521778992951596e+00 1.948386256163415542e+00 9.696229231302373464e-01
2.857228420883165754e+00 1.910353173596160303e+00 9.471938211674948427e-01
2.822516146988760521e+00 1.927840628470545159e+00 9.156713791042820905e-01
2.772934590711013225e+00 1.934252354172294686e+00 8.586139102863208361e-01
2.737559928726768455e+00 1.923922237957634396e+00 8.349166523410745944e-01
2.734741197946938041e+00 1.928009806891018973e+00 8.234077445514997873e-01
2.735056360972175415e+00 1.938952512708846720e+00 8.169537242446319736e-01
2.772961195381975052e+00 2.026099182213344729e+00 8.597708723876259507e-01
2.760995232988700643e+00 2.042177953868864915e+00 8.921555786584151049e-01
2.849065562095301818e+00 2.122245052213372229e+00 9.440510591387727413e-01
2.859603058309252877e+00 2.151418779350409594e+00 9.671657430070645933e-01
2.885761589403973648e+00 2.178955295966731764e+00 9.841558951857825033e-01
2.915965394826960377e+00 2.110840516594493010e+00 9.910676522674001232e-01
2.996928183760508624e+00 2.105667613520084469e+00 1.012596288443749604e+00
3.045705460369954931e+00 2.121036927283294737e+00 1.038932866182598058e+00
3.181081623130510128e+00 2.210957304278303948e+00 1.105660109638531230e+00
3.212136778024269113e+00 2.230143365067930539e+00 1.131124190604048785e+00
3.276910965763199179e+00 2.355020233193351853e+00 1.168814823304054507e+00
3.218103046030173608e+00 2.366218753155040933e+00 1.138683328012399132e+00
3.221214428190582346e+00 2.404118812367488367e+00 1.127547567787337224e+00
3.111141354027674222e+00 2.321548828439438328e+00 1.054124133301680644e+00
3.098824073543496649e+00 2.325735312175115865e+00 1.054087978236014855e+00
3.036443624020061183e+00 2.266669531785078018e+00 1.007595292474016135e+00
3.098459112031587193e+00 2.313304791296588725e+00 1.036041143100385531e+00
3.014297623043192154e+00 2.238580456618014303e+00 9.835473986089168230e-01
2.998464432965779469e+00 2.226750928434799270e+00 9.664324091279944406e-01
2.994608802189496100e+00 2.209698016519454189e+00 9.704701795747072701e-01
3.023526033011621372e+00 2.231431986181943383e+00 1.020588604469039096e+00
2.974685996665547894e+00 2.170924778362625762e+00 1.008369556616104168e+00
2.925133091571912924e+00 2.130635073960985171e+00 1.001086698483124371e+00
2.937238899030498285e+00 2.131174671261770737e+00 1.015331112184393536e+00
2.949484551554395040e+00 2.150488298037803059e+00 1.027256144314649955e+00
2.948607279583712160e+00 2.159267157284086025e+00 1.025004297677616805e+00
2.953326538909672561e+00 2.160992367870289144e+00 1.028310098587360111e+00
2.933935144633906145e+00 2.165600433315051365e+00 1.016239764023390224e+00
2.876995691407646216e+00 2.114242503622328240e+00 9.896207674697183876e-01
2.822477263238893475e+00 2.067425104440387962e+00 9.580478447487836835e-01
2.834752249117952871e+00 2.093552937837845018e+00 9.738278254842732684e-01
2.885359108484297774e+00 2.125248651347833473e+00 1.010594798582175713e+00
2.910408429451234458e+00 2.127987568114779293e+00 1.031804178706985597e+00
2.874491441482002863e+00 2.094432256321679287e+00 1.011287202198227986e+00
2.827788647036512337e+00 2.052090581400742852e+00 9.767557036321515840e-01
2.796187755302515399e+00 2.014566398437009909e+00 9.400896918496931542e-01
2.866500489798814222e+00 2.053377156001604309e+00 9.532269419363288421e-01
2.947860302283635825e+00 2.115147062435023262e+00 9.922976066710871290e-01
3.003310576107095287e+00 2.157108768080943761e+00 1.021704636307326330e+00
3.015816817972205577e+00 2.158420583010666416e+00 1.028980672729802981e+00
3.044282451559033653e+00 2.189011861590222541e+00 1.050241897854435669e+00
3.080726075579094836e+00 2.205577021204605082e+00 1.072595961001645337e+00
3.147700264955235916e+00 2.267741904676146003e+00 1.108836980219768176e+00
3.186367084428217922e+00 2.300862673510206680e+00 1.153028703029112423e+00
3.198025387677807974e+00 2.324980830993486514e+00 1.162497919378296496e+00
3.138098025251243595e+00 2.254578049918548821e+00 1.139912600245035934e+00
3.080312679922614372e+00 2.189346125404868726e+00 1.117093978612573313e+00
3.044933242741017843e+00 2.154002843288937541e+00 1.103526960764249942e+00
3.052371635873465383e+00 2.169110203368833645e+00 1.105969133124316217e+00
2.998918076714227610e+00 2.106224265097127457e+00 1.071445138439792943e+00
2.988721666025425883e+00 2.096423513617498458e+00 9.889167669458110987e-01
3.027788919904932818e+00 2.115709853551519082e+00 9.621476927610737029e-01
3.098160321111556925e+00 2.160738600239578311e+00 9.792456279657386631e-01
3.145159177792876459e+00 2.190838715662920322e+00 9.607540173053151777e-01
3.178908908335311700e+00 2.204845733838685540e+00 9.729225845005280426e-01
3.217898394715084542e+00 2.232932762492598311e+00 1.024137258272688422e+00
3.222581498975379155e+00 2.254137367420056215e+00 1.043364249325332782e+00
3.260562736542811813e+00 2.299540626014729305e+00 1.086806266150399658e+00
3.279345634241712215e+00 2.313733194716176111e+00 1.097652103679084945e+00
3.438935458432589076e+00 2.446016393934680622e+00 1.198921760437899220e+00
3.456134354952698384e+00 2.540306076506847699e+00 1.236520982217164999e+00
3.389146522155551455e+00 2.565173257803354812e+00 1.219554706025207658e+00
3.330801796565677986e+00 2.538155191185258452e+00 1.188879520406464829e+00
3.254491414195161081e+00 2.501940776638097219e+00 1.160738600239578533e+00
3.202831964898206429e+00 2.477431735142996860e+00 1.129454918043969913e+00
3.274169320312052545e+00 2.438416326263312506e+00 1.161885329775129039e+00
3.376352404107215488e+00 2.463849027360516697e+00 1.220059512602428065e+00
3.428477094060473185e+00 2.492435405223247358e+00 1.266113562379085122e+00
3.487846440567893946e+00 2.515292228434526489e+00 1.306359607833506686e+00
3.507128005304561924e+00 2.527294345893466687e+00 1.317992670754235540e+00
3.540861363741790058e+00 2.549844192132111775e+00 1.282769450743157069e+00
3.548707012991265675e+00 2.552838240871869058e+00 1.250080496183935130e+00
3.509028533850691911e+00 2.518683300725557128e+00 1.196581913735377700e+00
3.529716053122024189e+00 2.536160523034187708e+00 1.207920278762377952e+00
3.556442150530592539e+00 2.559541935783145927e+00 1.223961531010131498e+00
3.571802596070149161e+00 2.576478196448890312e+00 1.261991884893185700e+00
3.533581916464061834e+00 2.533255156530969110e+00 1.268283548490082513e+00
3.557740322039309344e+00 2.557171391383361136e+00 1.291963752159071444e+00
3.595009373030231270e+00 2.581738417417736908e+00 1.331543316497351803e+00
3.608068173446082660e+00 2.595973962895352205e+00 1.338680190025567818e+00
3.579611408082908230e+00 2.618499250976186854e+00 1.320481230745722101e+00
3.560763704134229268e+00 2.614522193752950585e+00 1.290598727887425357e+00
3.496294446854782301e+00 2.580599873934789734e+00 1.237635649713351826e+00
3.432801376348311173e+00 2.540617828676833945e+00 1.190440327769546336e+00
3.392264043855412581e+00 2.508413215563323195e+00 1.170046142049842253e+00
3.220239605759706691e+00 2.446779061168913749e+00 1.221790180557033700e+00
3.051679232257413332e+00 2.349261345186737682e+00 1.194053787822973778e+00
2.953310848975515324e+00 2.295345956226447992e+00 1.168168125148372205e+00
2.945089323477326104e+00 2.311213937027425835e+00 1.203656709698016414e+00
2.973043328776430627e+00 2.339358950220614020e+00 1.237443959648218073e+00
3.105482745165453640e+00 2.365234380329461317e+00 1.194694346439203470e+00
3.244872802385961652e+00 2.429370738136363173e+00 1.200189916420402847e+00
3.274562933008074328e+00 2.414847998646572513e+00 1.180645033658319631e+00
3.308335857366219379e+00 2.425377990978970111e+00 1.172631570330471051e+00
3.425416192557786843e+00 2.510463821740518409e+00 1.235792423535446938e+00
3.456473393964696328e+00 2.553112473634088886e+00 1.329711687227302042e+00
3.492743746537982030e+00 2.587930484041290669e+00 1.396022806342553491e+00
3.444792579070446337e+00 2.548357741413513011e+00 1.379684127516870085e+00
3.370107128141738961e+00 2.484965632222485787e+00 1.342753433366896232e+00
3.399376359225817712e+00 2.516327081917828501e+00 1.361556796197305630e+00
3.499836278947928481e+00 2.562619891562089691e+00 1.355100047206236669e+00
3.595863451185203896e+00 2.628492374691999700e+00 1.361533602381595598e+00
3.628486917323597183e+00 2.650918065799490630e+00 1.361897199551404425e+00
3.656672860779803358e+00 2.655894503611413437e+00 1.355858621414167908e+00
3.629549057648911337e+00 2.627497087129615050e+00 1.319152361539742024e+00
3.560093812162837157e+00 2.601458618139746992e+00 1.215345710644869959e+00
3.447887589125647523e+00 2.518504571910379131e+00 1.110965353896697483e+00
3.392221749250293961e+00 2.495466973370771058e+00 1.079511128938514641e+00
3.334593985434283869e+00 2.438159829948400414e+00 1.040829983873476472e+00
3.376380373120277500e+00 2.496801299945153652e+00 1.054083885209712967e+00
3.461506451973793919e+00 2.571079494756833395e+00 1.150404390998616577e+00
3.538786881577834276e+00 2.641287857082436297e+00 1.238467216223664735e+00
3.598000693085787294e+00 2.694222966243447814e+00 1.302173124097828705e+00
3.579618911964461692e+00 2.686409379033336542e+00 1.296634577340460615e+00
3.563030558534369341e+00 2.684051113712456527e+00 1.317032173915416271e+00
3.440732979150124216e+00 2.609257879757802101e+00 1.300780130813120605e+00
3.272747675843231452e+00 2.477395580077331072e+00 1.244618352584200283e+00
3.108493848181468344e+00 2.340678269031890135e+00 1.153495990198566412e+00
3.006510640504042708e+00 2.244350259361433508e+00 1.081443037352957992e+00
3.009256378981491231e+00 2.240234039243936159e+00 1.064158187280511481e+00
3.056266150399615800e+00 2.297188500233302566e+00 1.047363818193228990e+00
3.112290812247425986e+00 2.355301287666074384e+00 1.053341000935938743e+00
3.153454377764498329e+00 2.414413455687532739e+00 1.079719191108855503e+00
3.203688771737380314e+00 2.457816588762732568e+00 1.110268857254343322e+00
3.251689055520537330e+00 2.492485203709918995e+00 1.139468506891291977e+00
3.340769679952630078e+00 2.543899753599816460e+00 1.183439888451389921e+00
3.378614483310002914e+00 2.556855546187073003e+00 1.201725483454623378e+00
3.378913956401083940e+00 2.528909726940571812e+00 1.196628301366797986e+00
3.317509011479574443e+00 2.463212561770588671e+00 1.157882350051981479e+00
3.280248828712306608e+00 2.420356529877727869e+00 1.129037429361187783e+00
3.217932503267599387e+00 2.401475399547584377e+00 1.116717420192808730e+00
3.212897398745350852e+00 2.432872322137542120e+00 1.124736340889059827e+00
3.206379254359755127e+00 2.452295778452672437e+00 1.144529533913451580e+00
3.270632263416258123e+00 2.510764659173700064e+00 1.188518651920857261e+00
3.264153002780529000e+00 2.525904081292959624e+00 1.201013296878112424e+00
3.266755485337415443e+00 2.475842276595802804e+00 1.207356805474832040e+00
3.211071909014754144e+00 2.404509696379308892e+00 1.184513625684558757e+00
3.221629870360213754e+00 2.392645377472529145e+00 1.200157854381038947e+00
3.256825803529280083e+00 2.407247248804154083e+00 1.222466894238928958e+00
3.235851772416822758e+00 2.388300630053182161e+00 1.196862286037050138e+00
3.113312704480772464e+00 2.319015245158631888e+00 1.018439765660600793e+00
3.084596031947434813e+00 2.305948258690177166e+00 9.494886445806967057e-01
3.021068852888448841e+00 2.259001929179730084e+00 8.875127224900880574e-01
3.155543867691560589e+00 2.374433456942727450e+00 9.520467860193135845e-01
3.235752175443479484e+00 2.463650515584880019e+00 9.988177975698337985e-01
3.278949975032539488e+00 2.508926890364197693e+00 1.145902744237701221e+00
3.211446420921367562e+00 2.462157243155777664e+00 1.197739558007733018e+00
3.196496642354090589e+00 2.457212185212168887e+00 1.235136857156110768e+00
3.105490249047007101e+00 2.388179885777279132e+00 1.213651879926980426e+00
3.096350521315116566e+00 2.378713398112296318e+00 1.223503112064331377e+00
3.110764113436859546e+00 2.353545379382607994e+00 1.110547865213915131e+00
3.138853188603923261e+00 2.340339912190942506e+00 1.046974980694559187e+00
3.143543114574721020e+00 2.338967384037743180e+00 1.010756473121096288e+00
3.186038960153024568e+00 2.353141534120831491e+00 1.013087451599963940e+00
3.139646553535419660e+00 2.302355945939308590e+00 9.750011596907854905e-01
3.121873951162010385e+00 2.309286803810334465e+00 9.963462918546047709e-01
3.059713160716770908e+00 2.289476556509685512e+00 9.818017228912045979e-01
3.067738903123524707e+00 2.312502558141438680e+00 1.001837768809502371e+00
3.065173257803354812e+00 2.308215795261367109e+00 1.005816190374839270e+00
3.112272393629067935e+00 2.347900413941393261e+00 1.030873015223329192e+00
3.027981292141116665e+00 2.285254599879392057e+00 9.806270243425917466e-01
2.976603579487935303e+00 2.239679434180044115e+00 9.531505387786954886e-01
2.951260924969370425e+00 2.206792650016235591e+00 9.388290397487427663e-01
2.985868144522029866e+00 2.249226418028962282e+00 9.551411139034645670e-01
2.923032686908046074e+00 2.191499057239608472e+00 9.072840860408701857e-01
2.865630039538634044e+00 2.154224548880284473e+00 9.081088308406802811e-01
2.776840702145018547e+00 2.080685145316077289e+00 8.804099575143869982e-01
2.808611454470539837e+00 2.110985136857156164e+00 9.180214583725582189e-01
2.829597764661902382e+00 2.130086608436545959e+00 9.281871713640965638e-01
2.876245303252318752e+00 2.174267416509084949e+00 9.614089015136011440e-01
2.912484958128340740e+00 2.197298193338190320e+00 9.765803856722250487e-01
2.982140761903202542e+00 2.245212523569009910e+00 1.023344575512242338e+00
3.006137492939529476e+00 2.241308458648155089e+00 1.024978375177705514e+00
3.071444456268742851e+00 2.291308867950785366e+00 1.067821445820610782e+00
3.044624901426283170e+00 2.286056150863492231e+00 1.071997014819483951e+00
3.126804683513562999e+00 2.371665206820618987e+00 1.163840432005282644e+00
3.089084717458394191e+00 2.352773843924721220e+00 1.180514056816662327e+00
3.090470889032599811e+00 2.361789416525457153e+00 1.197479650837569576e+00
2.993196708115379856e+00 2.281913326075033499e+00 1.146939644234153954e+00
2.948333728992542646e+00 2.245589081988774272e+00 1.123251254512561470e+00
2.987317075832862656e+00 2.238984301879790362e+00 1.063502620901175311e+00
3.049153835029210668e+00 2.276194003989336245e+00 1.049551540751534118e+00
3.073658101326959269e+00 2.281776209693923363e+00 1.040600092229525986e+00
3.080967564130900449e+00 2.280362069106656175e+00 1.019688138682645739e+00
3.064094745372833550e+00 2.263955173175942637e+00 1.019317037631283895e+00
3.066663119377205149e+00 2.245171593305991919e+00 1.034262041001208887e+00
3.046919724839485255e+00 2.219379388065281233e+00 1.025861786687841226e+00
3.062733131956439259e+00 2.209900621321392755e+00 1.029578936740914274e+00
3.164146044635816057e+00 2.291808899330653571e+00 1.084207194448764788e+00
3.311791053735977819e+00 2.408109513011730485e+00 1.177200069854315467e+00
3.333342883728037442e+00 2.415773704761826846e+00 1.121395749255751362e+00
3.261761993249235214e+00 2.368290506634795456e+00 1.038982664669269917e+00
3.107726405749883458e+00 2.244645639426212202e+00 9.374844806086056748e-01
3.034137203699004193e+00 2.164839812593969182e+00 8.980215675199262337e-01
3.001296124995565862e+00 2.154590192563244244e+00 8.692305383421060627e-01
3.025715119912027351e+00 2.139874398666218980e+00 9.697347991824861735e-01
3.013629095413900671e+00 2.123246479315209267e+00 1.019248820526253985e+00
3.033685606463706996e+00 2.132585400993786795e+00 1.065313785039716077e+00
3.082443100112694623e+00 2.174068904733448271e+00 1.110583338108530604e+00
3.127062544170575720e+00 2.207864340736253705e+00 1.140561344913869180e+00
3.261466613184456520e+00 2.320172207259937114e+00 1.163368369638476674e+00
3.468409340831757337e+00 2.480198620923004693e+00 1.224207794759289092e+00
3.492814692327212978e+00 2.509281619310352429e+00 1.218015045964685461e+00
3.437094278767835576e+00 2.464083694201818719e+00 1.180958832341456599e+00
3.322962286855655201e+00 2.361854904946286027e+00 1.105336078389639765e+00
3.202494290228309115e+00 2.316435274246405829e+00 1.051829992059528873e+00
3.091254703569391804e+00 2.259352565099583376e+00 9.957794077118072851e-01
3.073861388299947706e+00 2.259117898258280910e+00 9.915349394368541125e-01
3.095881869803561948e+00 2.282668489427713165e+00 1.009288441020855354e+00
3.109119399034591336e+00 2.300169587723103870e+00 1.015299050145029636e+00
3.029791091937556580e+00 2.252416249860154984e+00 9.853169503133893947e-01
2.998772774280514142e+00 2.240365016085593464e+00 9.617895529596672821e-01
2.995740523961940127e+00 2.248860092174952197e+00 9.760598891608477379e-01
3.068987276145569876e+00 2.316303615233698210e+00 1.016014647576791941e+00
3.087360189043241387e+00 2.329371966044254005e+00 1.032897016729562800e+00
3.211749987038750032e+00 2.414738169107474519e+00 1.058688539799223394e+00
3.270516976508757612e+00 2.423888129405119773e+00 1.057648911118569623e+00
3.346547668748652615e+00 2.471412257795168710e+00 1.089929245218663079e+00
3.260130922267973297e+00 2.387087047754702152e+00 1.031861481075210696e+00
3.185068912919501116e+00 2.328189081443037267e+00 9.948659806754585055e-01
3.035051995077453491e+00 2.225765873438169340e+00 1.046612747866851212e+00
2.892007547540500489e+00 2.107173847199141914e+00 1.041548992160490350e+00
2.773456451564491054e+00 2.021825380583229137e+00 1.007038640896973147e+00
2.720696660363405961e+00 1.975253562979395694e+00 9.841593060410339655e-01
2.752482420452033729e+00 1.992615498380525985e+00 1.024146126496342291e+00
2.820659277389849784e+00 2.084894140696414766e+00 1.003617553079729330e+00
2.863960766978555395e+00 2.158021512946242115e+00 1.001089427167325629e+00
2.907526938934776428e+00 2.203714012066241512e+00 1.007883168657241812e+00
2.841324285016522122e+00 2.159349017810121563e+00 9.730112667370667268e-01
2.795202018134835154e+00 2.138980754590328992e+00 9.592471014552073072e-01
2.790404309138090344e+00 2.113557603887829206e+00 9.891684880633709875e-01
2.845956226448044468e+00 2.121296152282408087e+00 1.000409302630178798e+00
2.870865020178619886e+00 2.125564496544121607e+00 1.023015769065998670e+00
2.936393006928128990e+00 2.167927318767616907e+00 1.047995508585804814e+00
2.898289660742693119e+00 2.135303170458173305e+00 1.038483315460451806e+00
2.932635608783088710e+00 2.176686395053441192e+00 1.038885114209077143e+00
2.887882459199349494e+00 2.146859148050218824e+00 1.003509087882731965e+00
2.856637660753607921e+00 2.138869560709130369e+00 9.883492006319632983e-01
2.781101542525179049e+00 2.083652589384872744e+00 9.388808847485653475e-01
2.789684618680026151e+00 2.094469093558395389e+00 9.416375379628189046e-01
2.820505788903532984e+00 2.106032575031993925e+00 9.042566109196484847e-01
2.915833053643202888e+00 2.196713572748085319e+00 9.294471412939966370e-01
2.925305680847638534e+00 2.208940806653623579e+00 9.256972470305093736e-01
2.980635210395195411e+00 2.246843594550271828e+00 9.423210733552174201e-01
3.030169696870471885e+00 2.287151717570270471e+00 9.627316311801286108e-01
3.205421486205136894e+00 2.432003918390512887e+00 1.078202042692993023e+00
3.277971059575361945e+00 2.482577351375393260e+00 1.124453239903186352e+00
3.340841990083961655e+00 2.546141367671095335e+00 1.174566889600165975e+00
3.382023974219391604e+00 2.580039811502495173e+00 1.199986629447414188e+00
3.372802385961465532e+00 2.577661763221156921e+00 1.198953140306213028e+00
3.322039309424602571e+00 2.524652297415663327e+00 1.143502866482753344e+00
3.318574562660139726e+00 2.513615451992894378e+00 1.121367098071638813e+00
3.295480343923356870e+00 2.484888546893802452e+00 1.090766269097378505e+00
3.291632217028626517e+00 2.474578895810651158e+00 1.089168624497581117e+00
3.190189288823036762e+00 2.403989199867931692e+00 1.023072389263173454e+00
3.116576210785397372e+00 2.326524584080310820e+00 1.005984004453212677e+00
3.021898372885611028e+00 2.220137280102162158e+00 9.748995162042911611e-01
3.043609830903439839e+00 2.230970156380891467e+00 9.843721434087269184e-01
3.123523440761630354e+00 2.289293734668205627e+00 1.039838107166343395e+00
3.183609066871863735e+00 2.345143760727139703e+00 1.064774869909980604e+00
3.230085380528655126e+00 2.382229989876581744e+00 1.088465988315774347e+00
3.346319141446802981e+00 2.485895431364042008e+00 1.144129781677976965e+00
3.330064369660306056e+00 2.466340998207254387e+00 1.140655484518810159e+00
3.389678615574783560e+00 2.518748106975335244e+00 1.180238459712342092e+00
3.376932249499968730e+00 2.506557028135462772e+00 1.173064066776359882e+00
3.408687994062383098e+00 2.564302807543174634e+00 1.211060312106899017e+00
3.383847417436837812e+00 2.570950564428327034e+00 1.216203881826144695e+00
3.347470646179705689e+00 2.558646245194104996e+00 1.191614344147108762e+00
3.264316041661550205e+00 2.499376495660027953e+00 1.160829328989268161e+00
3.304034768894091645e+00 2.541383224595267887e+00 1.178726086493831815e+00
3.226279548239043837e+00 2.464318361043121186e+00 1.163487067401228536e+00
3.244215871664524631e+00 2.475586462451941028e+00 1.185265378181986851e+00
3.250152124144216614e+00 2.474786275809941483e+00 1.203660120553267987e+00
3.201675684967951518e+00 2.439111458563566259e+00 1.158099962617026524e+00
3.164197207464588324e+00 2.390195701230909631e+00 1.150812329286694746e+00
3.184370369763996234e+00 2.397935613967588697e+00 1.147591117587188236e+00
3.211782731249164247e+00 2.432111019245409622e+00 1.167012527389167609e+00
3.282573667651721649e+00 2.498383254610794246e+00 1.209465396191302666e+00
3.293383350114741148e+00 2.490427775822220635e+00 1.213108871770943287e+00
3.325022443427554819e+00 2.513500847256444626e+00 1.235391989128922230e+00
3.229764760135015234e+00 2.455285734166127831e+00 1.148316265413654946e+00
3.208405984550190215e+00 2.460026140794647542e+00 1.128242017916540441e+00
3.130510918829831013e+00 2.385140131577152101e+00 1.069726749564092749e+00
3.160804088660407185e+00 2.407099217686239356e+00 1.069376113644239679e+00
3.137853808015237167e+00 2.388250831566510524e+00 1.073228333565271475e+00
3.252623629859445309e+00 2.447903279059804760e+00 1.133936781844426811e+00
3.280144456541611131e+00 2.429920568002903458e+00 1.157642225842276495e+00
3.370345888009342872e+00 2.479149441847646518e+00 1.213587755848252403e+00
3.241771652791307634e+00 2.345640381251756779e+00 1.138621250446822053e+00
3.140521096821901725e+00 2.261776318841291378e+00 1.084513489250348517e+00
2.946681510708720975e+00 2.112602564417412232e+00 9.788956742169357961e-01
2.942930934274183841e+00 2.130337647383055533e+00 9.836974762399822714e-01
2.928121000772217819e+00 2.114266379609088808e+00 9.755891911361422864e-01
2.964181926833061809e+00 2.159308087547104016e+00 9.697116053667761415e-01
2.964323818411523703e+00 2.152645322898845137e+00 9.858940670219413782e-01
3.042187504263568876e+00 2.188386310737099549e+00 1.067687740294752441e+00
3.042262543079101711e+00 2.146844822458162660e+00 1.069703555748382495e+00
3.012752505614267662e+00 2.116208520589286657e+00 1.050688719892380663e+00
2.963895414991936761e+00 2.067289352401378455e+00 1.012859606469164397e+00
2.956165734821011970e+00 2.043986389323204644e+00 1.006271198465388039e+00
2.869021111829664683e+00 2.054982304482955158e+00 9.205332121797548117e-01
2.925528750781085652e+00 2.158720738272797313e+00 9.277123803130892243e-01
2.960590978424293862e+00 2.219395077999438026e+00 9.560647735055678442e-01
3.020982217165060657e+00 2.284053296659817711e+00 9.783287900741383103e-01
2.942104142961222468e+00 2.223988817852143640e+00 9.243608739429759469e-01
3.006893338463259457e+00 2.182617190164730658e+00 9.015968259945371654e-01
3.009461712467631056e+00 2.126722822987527017e+00 8.580709021302838080e-01
3.036786073887310700e+00 2.119235995710508469e+00 8.526687895829752062e-01
3.001562171705181914e+00 2.084170357212048685e+00 8.311572076828832589e-01
3.029211246544803782e+00 2.095412536120957014e+00 8.335755040561890761e-01
2.988552487604951846e+00 2.082502448994070665e+00 8.793710110047834316e-01
2.974218027325043590e+00 2.078178166706232677e+00 9.175766828477639470e-01
2.896752729366372403e+00 2.027594501155597584e+00 8.955036741732769201e-01
2.922422143818029561e+00 2.052789806727298050e+00 9.291824589264811030e-01
2.858154809169470401e+00 2.000898419273242190e+00 9.048951230227272324e-01
2.718677434054524777e+00 1.946405913604400739e+00 8.252659784925111541e-01
2.656047309926680366e+00 1.925753867227684157e+00 7.963855849071019843e-01
2.695287153081912468e+00 1.974832663441361991e+00 8.186086712126545706e-01
2.697403929850986426e+00 1.987255680438335892e+00 8.119152088671321987e-01
2.724750802915326009e+00 2.006887198923807070e+00 8.271173907230194855e-01
2.773196544394327390e+00 2.011118023777754171e+00 8.756995664120804657e-01
2.819994842786859746e+00 2.021985008608998768e+00 9.237162223004444783e-01
2.843577495995655902e+00 2.013241622257331276e+00 9.361317354158651405e-01
2.886664783874568041e+00 2.039510665062200356e+00 9.653361602501657757e-01
2.825165017177067028e+00 1.977063362775835831e+00 9.407186535580677189e-01
2.754943693601508592e+00 1.909705111098377150e+00 8.096176567697290771e-01
2.668452590476346309e+00 1.830779967092068583e+00 7.242207560092447372e-01
2.660552367542847296e+00 1.829015190584948103e+00 7.010726457594883554e-01
2.696373169393986746e+00 1.847534088087383397e+00 7.013202738507464673e-01
2.805779080269703130e+00 1.929321621820741850e+00 7.429449869978197452e-01
2.806907391186895584e+00 1.922657492830382342e+00 7.617299312098713138e-01
2.820945789230974832e+00 1.948323496426788148e+00 7.769812293813800341e-01
2.742274412855377097e+00 1.871192462282762703e+00 7.460154388952103810e-01
2.714741989265356370e+00 1.866509358022468090e+00 7.372011067543120522e-01
2.683657501016434743e+00 1.829930664134447715e+00 7.250816558747206209e-01
2.730672047631911514e+00 1.875472403452331349e+00 7.816684266679764237e-01
2.756029709913582426e+00 1.905987278874254010e+00 8.354630713523631957e-01
2.768707176712317697e+00 1.916735565942746744e+00 8.525951151095430003e-01
2.747001858233940830e+00 1.909218040968464702e+00 8.603650433724353563e-01
2.748706603688635397e+00 1.904906719930582248e+00 8.565032730566993768e-01
2.705049020811674421e+00 1.870500740837760523e+00 8.208796186390960870e-01
2.657583559131950768e+00 1.847503390390119904e+00 8.126219380752407462e-01
2.571652518439083490e+00 1.788833269209254562e+00 7.686655642782493914e-01
2.509098797468872544e+00 1.731295551971883562e+00 7.225016849624942283e-01
2.461998297301058347e+00 1.694222284072397500e+00 7.008441184576384986e-01
2.437017875610202111e+00 1.721279234440360462e+00 6.862927277837354012e-01
2.466585215443261259e+00 1.769588541709302465e+00 6.924247633548626935e-01
2.489835651350562173e+00 1.795817336422203869e+00 7.008782270101534539e-01
2.537680400134251446e+00 1.850807144786712488e+00 7.287360461911661647e-01
2.546421057801717236e+00 1.861967463169585058e+00 7.286466817835771659e-01
2.581497611036982054e+00 1.834329985237818539e+00 7.261287884369278522e-01
2.613436177440876307e+00 1.841913680803979547e+00 7.377959599101716615e-01
2.631173306919670107e+00 1.831285455840339305e+00 7.416911566073723927e-01
2.674042300062486888e+00 1.859455709362388465e+00 7.449587559382989665e-01
2.659471808599175535e+00 1.846309591052098797e+00 7.453018879765987981e-01
2.659113668797769225e+00 1.843046766918524204e+00 7.792583163472741603e-01
2.662257795168591734e+00 1.838126267132725866e+00 8.062463674391571189e-01
2.680409684645967072e+00 1.844995047438174884e+00 8.219328907407559281e-01
2.625630667136000351e+00 1.798136035822166301e+00 7.943349787299066600e-01
2.635941000390201960e+00 1.805480289349672640e+00 8.037823656054813304e-01
2.627622606602869837e+00 1.835926947666565612e+00 7.459356248823254543e-01
2.742861762129683356e+00 1.962777336640498582e+00 7.833247379780995390e-01
2.760112503649615245e+00 1.988406503000188286e+00 7.830539160711313951e-01
2.782764675545804867e+00 2.009149960297644810e+00 7.905352859797477594e-01
2.664671998515595774e+00 1.910836150699771085e+00 7.337922980159736763e-01
2.680186614712519511e+00 1.906399310188633844e+00 8.087444778253478628e-01
2.677104565907273859e+00 1.892524633196626338e+00 8.472332506542020747e-01
2.690940359149414540e+00 1.902065477506091895e+00 8.689747241982443970e-01
2.642758617866878268e+00 1.853166092278642374e+00 8.567365755559012142e-01
2.598661034662475444e+00 1.822891341066424253e+00 8.316783863653107733e-01
2.549335974699640239e+00 1.788858509538115538e+00 7.851781967217588143e-01
2.577469390984973074e+00 1.815708762077838490e+00 7.669553614551527509e-01
2.622800339448314588e+00 1.845384567107895002e+00 7.831869394259394213e-01
2.686605162124771962e+00 1.894333750822016160e+00 8.060430804661684601e-01
2.734796453802012195e+00 1.931205778261664507e+00 8.290950045978329186e-01
2.688805163761982531e+00 1.934365594566644031e+00 8.334915970170024835e-01
2.595279512766149210e+00 1.888832041301364173e+00 8.290840898610281062e-01
2.516194740734070567e+00 1.838341151013569652e+00 8.087553925621525641e-01
2.510162302136286883e+00 1.852685843859232628e+00 8.072573449356985620e-01
2.540548247229703183e+00 1.870757919323722929e+00 8.235250779721510206e-01
2.616928893218401164e+00 1.881304283761327412e+00 8.088488499960434508e-01
2.730003520002619588e+00 1.939904141324012121e+00 8.367435064137722645e-01
2.780211309304540190e+00 1.984505166763534945e+00 8.546771011550520214e-01
2.811524324855311452e+00 2.012062830682416426e+00 8.625022852730185319e-01
2.863725417966202613e+00 2.035393762773653137e+00 8.839865803310985592e-01
2.794582606821164550e+00 2.010329434043609975e+00 8.616161450786815612e-01
2.785027436919643051e+00 2.037037112833820274e+00 8.752077210848157041e-01
2.757125276620361110e+00 2.026421849120135565e+00 8.658271869721702041e-01
2.770714806113343975e+00 2.048460749242107859e+00 8.864771868357359530e-01
2.765221964816345857e+00 2.054771513628413260e+00 8.654301634208968474e-01
2.862859742903374638e+00 2.169491536985950209e+00 8.424525959337147984e-01
2.946906627155319480e+00 2.265653096920134058e+00 8.383097711452560663e-01
2.980393721843389798e+00 2.304086613893914226e+00 8.302369589360314439e-01
2.945939990777047601e+00 2.288139501251101660e+00 8.103455332803968236e-01
2.904558812694930214e+00 2.250183504012530200e+00 7.799650455553827078e-01
2.938223954027128659e+00 2.209171380468624157e+00 9.265445034749792974e-01
2.921706546386267256e+00 2.146692698313946046e+00 9.949901358066126633e-01
2.940993568491337751e+00 2.143181563918063137e+00 1.036711717242828401e+00
2.979697225201035859e+00 2.156930039265765764e+00 1.074072179154489826e+00
3.049712533119404601e+00 2.206208711597180905e+00 1.129630236003896560e+00
3.110506934950897140e+00 2.271366961637428794e+00 1.031379868313700543e+00
3.127012745683903638e+00 2.267903579215066578e+00 9.623475688788108995e-01
3.056423049741184172e+00 2.199728086619351153e+00 8.886635450519404511e-01
3.042931070708393637e+00 2.191903584672435290e+00 8.581200184459052416e-01
3.071083587783135282e+00 2.217335603598588722e+00 8.587189646280667388e-01
3.081830510509527166e+00 2.220569094377000674e+00 1.018342215200408241e+00
3.079598446832952696e+00 2.193764547297647471e+00 1.117854599333655274e+00
3.055890956321952068e+00 2.172082422634981302e+00 1.147131334299287486e+00
3.026986686749782329e+00 2.148077505546050592e+00 1.149054374490077191e+00
2.971812010030643325e+00 2.113325665730727998e+00 1.122746447935341063e+00
3.017321687309162836e+00 2.120959841954610958e+00 1.004804530707247734e+00
