2.374978057081442557e+02 3.144156516200939579e-03 4.345299438738953768e+01
2.375961920826367191e+02 1.528739750019902921e-02 4.363171274181991777e+01
2.375053041159143277e+02 1.171831462463179645e-02 4.354050632911392427e+01
2.375760548523206808e+02 1.169194331661491983e-02 4.377257981052463975e+01
2.374429145768648937e+02 1.138145848260488889e-02 4.366455298145051955e+01
2.377731714234535332e+02 7.381478385478862717e-03 4.418986595414377661e+01
2.374992466762200536e+02 1.037934877796353739e-02 4.393369258020857870e+01
2.374210482843722616e+02 1.138593662924926309e-02 4.396793348459517858e+01
2.376570859207069475e+02 7.161551628055090948e-03 4.426630692221957020e+01
2.373929931932171087e+02 1.050423931215667579e-02 4.392351425045776381e+01
2.374042303558633762e+02 1.124164079293049970e-02 4.394548553061061824e+01
2.373400326407133321e+02 1.177802324655680306e-02 4.391433205954940178e+01
2.376153814385797318e+02 7.264051429026351439e-03 4.433722086219250258e+01
2.373993750497571966e+02 9.093125547329035038e-03 4.391185415173951156e+01
2.374127079850330517e+02 9.046851365337154477e-03 4.386718414139001965e+01
2.374136046095056258e+02 8.965249582039647169e-03 4.390062196481171952e+01
2.375155242417004899e+02 7.282461587453228045e-03 4.400478863147838382e+01
2.374777361475996997e+02 8.415930260329591503e-03 4.385790094339622414e+01
2.374982689475360189e+02 7.031187803518828237e-03 4.385816366133269639e+01
2.375067246835442916e+02 7.919353554653292548e-03 4.380007911392404907e+01
2.376696187604489978e+02 7.416805986784492065e-03 4.389315092349335146e+01
2.375462502985431001e+02 7.902933683623915295e-03 4.379663243372343118e+01
2.376786277963537941e+02 6.084806146007483776e-03 4.399628761643181463e+01
2.372519032123238674e+02 9.727529655282222965e-03 4.348905988774779274e+01
2.366624766141230793e+02 1.046294084865854665e-02 4.308815729241302250e+01
2.365188758856778861e+02 7.526271793647002460e-03 4.315535984396147029e+01
2.362378428270042150e+02 7.277983440808852983e-03 4.295428061062017377e+01
2.362677269922776873e+02 7.436708860759493403e-03 4.305308643818167269e+01
2.356037621407531333e+02 8.458721439375845377e-03 4.267308186052066077e+01
2.345151774341214832e+02 1.073511265026669791e-02 4.229182539208661495e+01
2.337028525794124789e+02 2.928210333572167992e-02 4.127106171881219865e+01
2.349020977629169522e+02 9.683743332537218113e-03 4.227797946023405729e+01
2.347831561977549484e+02 8.917482684499641876e-03 4.227722912188519899e+01
2.349463901162327772e+02 9.348379906058435287e-03 4.252081492317490330e+01
2.343545826367327436e+02 1.075003980574795043e-02 4.214001572327043732e+01
2.330811718812196602e+02 1.308116392007005815e-02 4.126046294084866162e+01
2.329235023087333900e+02 1.333791099434758314e-02 4.122499701456890620e+01
2.327826063808614094e+02 1.131926200143300656e-02 4.101033108430857510e+01
2.332902699824854835e+02 1.229400525435872873e-02 4.161301896743889728e+01
2.335567828994506669e+02 1.170089960990366995e-02 4.174566714433564130e+01
2.334586005294164579e+02 1.061619297826606190e-02 4.145841742297587729e+01
2.336340801886792349e+02 1.188151819122681280e-02 4.172318137489053669e+01
2.337230694212244373e+02 1.138792691664676331e-02 4.188919074914417706e+01
2.335070665154048299e+02 1.061071968792293672e-02 4.145927473927235241e+01
2.337011593424090563e+02 1.110232067510548599e-02 4.178946640394872958e+01
2.337484734495661201e+02 1.167204044263991762e-02 4.186151580288193941e+01
2.334045771634424113e+02 1.068286760608231842e-02 4.141889728126741232e+01
2.333881463458323253e+02 1.170338746915054566e-02 4.131930081203725535e+01
2.335962945824377073e+02 1.200491600987182474e-02 4.154141240745163799e+01
2.336651918637051324e+02 1.029376641987102964e-02 4.151414497253403368e+01
2.336988839463418515e+02 1.113665313271236350e-02 4.155738048324177925e+01
2.335967921542870727e+02 8.392544383408964345e-03 4.148012349733301818e+01
2.334378935793328651e+02 8.385080805668338952e-03 4.123002597325053387e+01
2.331234241899530275e+02 8.207945227290821058e-03 4.107535874930339759e+01
2.328464423612769565e+02 9.779774699466602453e-03 4.093362491043706797e+01
2.325786153570575721e+02 1.195764668418119493e-02 4.084502527664994886e+01
2.321051065798901334e+02 1.015693416129288991e-02 4.057787148714274394e+01
2.324279098001751436e+02 1.038133906536103761e-02 4.099002467956373152e+01
2.331479047249422933e+02 1.197555927075869692e-02 4.150954790621765511e+01
2.333723295318844180e+02 9.758379109943475516e-03 4.167360331581880217e+01
2.340224166069580463e+02 2.464125069660058967e-02 4.216359366292492439e+01
2.347106972971897108e+02 1.237510946580686229e-02 4.253625457766101192e+01
2.353676254876204155e+02 9.874810922697237550e-03 4.293795577581402512e+01
2.370180971857336090e+02 7.684499641748268259e-03 4.439081034551389138e+01
2.379736013255314049e+02 6.739113127935673908e-03 4.497345603455138985e+01
2.380494790422737026e+02 1.006438579730913226e-02 4.477886563569779810e+01
2.383176946501074838e+02 1.093314624631796898e-02 4.477564883369158366e+01
2.391426876841015883e+02 6.883408964254438163e-03 4.520257145131756715e+01
2.389652913780749941e+02 1.030769843165353118e-02 4.465846817530451318e+01
2.390134573282381893e+02 1.072167821033357185e-02 4.467844021176657776e+01
2.390737282063529960e+02 1.082915372979858376e-02 4.470917323461507920e+01
2.398213980773823835e+02 6.936649152137568629e-03 4.543860809250855937e+01
2.396899575073640563e+02 1.007085423135100667e-02 4.520167432927314621e+01
2.396458786123716322e+02 1.014200700581163912e-02 4.513458273624711126e+01
2.396372124034710680e+02 1.057489451476793275e-02 4.493024639757980765e+01
2.400838856380861444e+02 6.594817291616909653e-03 4.520820894037098725e+01
2.397734923572963908e+02 9.901182230714115906e-03 4.469380124990048841e+01
2.394971006488336798e+02 9.923075392086616597e-03 4.434058245760687811e+01
2.393870845275057775e+02 1.075203009314545065e-02 4.427037009394156541e+01
2.393870362630363786e+02 6.756030570814425783e-03 4.449565072446461045e+01
2.390205870352678801e+02 1.020370591513414596e-02 4.413039119098797869e+01
2.387899261603375578e+02 1.055101106599793011e-02 4.391987003423294311e+01
2.389913308056683263e+02 6.628652177374412535e-03 4.411789716185017340e+01
2.388514553976594357e+02 9.983281585860998703e-03 4.391397828596449671e+01
2.388717329432369922e+02 9.946461269007245490e-03 4.386934459836000144e+01
2.390157237680120943e+02 6.260449008836876071e-03 4.415166039726136660e+01
2.388087522888305045e+02 8.498029615476474299e-03 4.376425145290980367e+01
2.387529943873895490e+02 5.855923095294961016e-03 4.401858182071491399e+01
2.381667995183504445e+02 1.015643658944351616e-02 4.345011095852240857e+01
2.387368576347424494e+02 5.686748666507444004e-03 4.422237431335084779e+01
2.383879323899371059e+02 1.725728445187485124e-02 4.364690062495024137e+01
2.380982405859406015e+02 1.112968712682111359e-02 4.356899928349653806e+01
2.380162900047766925e+02 1.131329113924050590e-02 4.356273982963139701e+01
2.381868392245840198e+02 7.093384284690709696e-03 4.369627517713557552e+01
2.379304245283018986e+02 1.040671522967916499e-02 4.337413522012578682e+01
2.378778779555767926e+02 1.080925085582358156e-02 4.327144534670806308e+01
2.380446914059390053e+02 7.554633389061380169e-03 4.347199217817053096e+01
2.376360475877716851e+02 1.038681235570416451e-02 4.324852469946659994e+01
2.375239954024360998e+02 1.114212642305548867e-02 4.295735062893081846e+01
2.378214781864501219e+02 7.446162725897619884e-03 4.345278938778759681e+01
2.374588856380861444e+02 1.036889976912666253e-02 4.290618183265663532e+01
2.374952641111376579e+02 1.084209059788233433e-02 4.300845573600827976e+01
2.378713398614760024e+02 7.129707029695088287e-03 4.340730037417402798e+01
2.376273823740148146e+02 1.021614521136852104e-02 4.313814186768569670e+01
2.375797572844518868e+02 1.091871666268609195e-02 4.314562833373138773e+01
2.377351171284133500e+02 6.935156436589443897e-03 4.358278849215826511e+01
2.375239406695326920e+02 1.073162964732107295e-02 4.335873885439057318e+01
2.375432479500039733e+02 1.096150784173234582e-02 4.356225917522490221e+01
2.379039795796512919e+02 6.891867685693814534e-03 4.401959139399729537e+01
2.376388573760050917e+02 1.024251651938539939e-02 4.372939704243292880e+01
2.375991909481729181e+02 1.073312236286919769e-02 4.367695545736804519e+01
2.379905317052782436e+02 6.539089244486903478e-03 4.395479012419393428e+01
2.377577685892842965e+02 1.036044104768728616e-02 4.364861326725579005e+01
2.377608266658705531e+02 1.056394793408168067e-02 4.375405570814425715e+01
2.381159302603296055e+02 6.618700740386912300e-03 4.416531924209856186e+01
2.379221583671682083e+02 1.028481012658227778e-02 4.379927404267176172e+01
2.379614342010986263e+02 9.921582676538491866e-03 4.377348539129049954e+01
2.384431374890534130e+02 6.063908128333731461e-03 4.429216821909083990e+01
2.384112296990685422e+02 8.039765942202053289e-03 4.409454910039009690e+01
2.387016225818008195e+02 5.028461109784252564e-03 4.441432260568426216e+01
2.385380612610460958e+02 1.642335403232226751e-02 4.383976544463020275e+01
2.384432255592707577e+02 1.057539208661730824e-02 4.393033446779715234e+01
2.386516529336836356e+02 1.042612053180479344e-02 4.406299757184937249e+01
2.388037327840140165e+02 1.011364541039726055e-02 4.419179105962901133e+01
2.388605445426319420e+02 1.008080566833850777e-02 4.429034959398136806e+01
2.388371148793885936e+02 1.004945864182787973e-02 4.424665034631000538e+01
2.387950232863625502e+02 9.752408247750974854e-03 4.413183365177931705e+01
2.386326158347265221e+02 9.884264787835363164e-03 4.413713776769365182e+01
2.383714662447257524e+02 1.055399649709417957e-02 4.392266290502348625e+01
2.384858022848499388e+02 6.651540482445665071e-03 4.433989232545179249e+01
2.381115043587294053e+02 1.031764986864103228e-02 4.401725230873338290e+01
2.380184360321630379e+02 1.076446938937982573e-02 4.397015165989969177e+01
2.383350768250935516e+02 7.102340577979459821e-03 4.441683385080805380e+01
2.379903401401162455e+02 1.031516200939415658e-02 4.406940231669452857e+01
2.378437475121407658e+02 1.107644693893798313e-02 4.396731898336119571e+01
2.379862476116551306e+02 6.854549796990685832e-03 4.429848986943714806e+01
2.375958835880901177e+02 1.036690948172916231e-02 4.382857704402515964e+01
2.374278252129607552e+02 1.059877796353793540e-02 4.371824795000397756e+01
2.376211667064724224e+02 6.792850887668178995e-03 4.407574884563330642e+01
2.372590145091951399e+02 1.040372979858291552e-02 4.366026440968075661e+01
2.371393857973091315e+02 1.099136215269484913e-02 4.360753124751214216e+01
2.374747656436589409e+02 6.632632752169412976e-03 4.400092598121168663e+01
2.373488043348459655e+02 1.050622959955417601e-02 4.374786889976912363e+01
2.374024435753522937e+02 1.051767375208980185e-02 4.374459985271873563e+01
2.377341866690550205e+02 6.358968235013136121e-03 4.405499164079292740e+01
2.374270644256030494e+02 1.010667940450601064e-02 4.364124323302284836e+01
2.373678235212164509e+02 1.021017434917602038e-02 4.365401092667781313e+01
2.375450665751134522e+02 5.954442321471220198e-03 4.392119108749303535e+01
2.371964125069659985e+02 1.029625427911790535e-02 4.341755333970225195e+01
2.374801190191863611e+02 5.847961945704960134e-03 4.382901042910596345e+01
2.372139568903749591e+02 1.736276968394236120e-02 4.333971817530451176e+01
2.371917582198869638e+02 1.125009951436987433e-02 4.333168537536820253e+01
2.372938490167980206e+02 1.097693256906297210e-02 4.325315759095613544e+01
2.375234470782581013e+02 6.903311838229440368e-03 4.362739381816734152e+01
2.371233823939176943e+02 1.051369317729480141e-02 4.334300662765703294e+01
2.370193013096091192e+02 1.109386195366610962e-02 4.327376751452909787e+01
2.372875825969269954e+02 7.111296871268210813e-03 4.382169711806384527e+01
2.369408073600828004e+02 1.087592548363983808e-02 4.343258349255632567e+01
2.368032993989332056e+02 1.133568187246238382e-02 4.338507831780908930e+01
2.366855828556643644e+02 1.155859406098240505e-02 4.323512907013773088e+01
2.370457631757025752e+02 7.107316296473210372e-03 4.365754169652097971e+01
2.368448874492476648e+02 1.068684818087731886e-02 4.332447307141151072e+01
2.368806628652177437e+02 1.121079133826924541e-02 4.341161282939256694e+01
2.372671388623517146e+02 6.822705198630682304e-03 4.384310813231430615e+01
2.370856992874770981e+02 1.042014966961229278e-02 4.354623387867208351e+01
2.370651396186609361e+02 1.116103415333174163e-02 4.350089115118223049e+01
2.374516872661412208e+02 6.856042512538810564e-03 4.398505045378552580e+01
2.372463134901679780e+02 1.014449486505851483e-02 4.358416676618103480e+01
2.372972021534909572e+02 1.072466364142982305e-02 4.358178538730992813e+01
2.377311838229440468e+02 6.557499402913780952e-03 4.401541477589363893e+01
2.374896136852161419e+02 1.029476156356977888e-02 4.370799697476315515e+01
2.374951476793249014e+02 1.048732186927792305e-02 4.368937385558474773e+01
2.378248407770082054e+02 6.547050394076904360e-03 4.408426677812276040e+01
2.376353420308892623e+02 1.034551389220603537e-02 4.373306116153172241e+01
2.375793970424329302e+02 1.021913064246477224e-02 4.363950571212482998e+01
2.378215816813948038e+02 6.356480375766260411e-03 4.396376781307220938e+01
2.374444381418676926e+02 9.848439614680359194e-03 4.357889399729320701e+01
2.371852474922378917e+02 9.940987978664118582e-03 4.330790144096807381e+01
2.372992128413342812e+02 6.057937266141230799e-03 4.380008060663959668e+01
2.371644584427991447e+02 6.347026510628134797e-03 4.378225559270758538e+01
2.367153903948730260e+02 1.856838627497810548e-02 4.323088478226255660e+01
2.368737794562534873e+02 1.015345115834726496e-02 4.351427583393041942e+01
2.367380707149112311e+02 1.141280550911551693e-02 4.318957338189634498e+01
2.366930524042671777e+02 1.116650744367486681e-02 4.322104181593822148e+01
2.370071839423612801e+02 7.372024520340737103e-03 4.365661870074038831e+01
2.367625527426160374e+02 1.114610699785048911e-02 4.330162407451636142e+01
2.367509951436987592e+02 1.123965050553299948e-02 4.329374253642225767e+01
2.370339264389778009e+02 7.335701775336358511e-03 4.369283695565639647e+01
2.367851643977390381e+02 1.087094976514608666e-02 4.329662248228644472e+01
2.367250034830029506e+02 1.114660456969986460e-02 4.323820704959796046e+01
2.369964965966085515e+02 7.122243451954462026e-03 4.360291179046254229e+01
2.366826193177294897e+02 1.057340179921980802e-02 4.322193346469229880e+01
2.366663467279675217e+02 1.150634901679802556e-02 4.324608958283576499e+01
2.369496173672478392e+02 7.079452272908208152e-03 4.362596280152853723e+01
2.367338806623676533e+02 1.074456651540482525e-02 4.317840737202452317e+01
2.367692898654565852e+02 1.118342488655361781e-02 4.307466762200461829e+01
2.371540945187485079e+02 6.733639837592548735e-03 4.364631448531167734e+01
2.369282944232147088e+02 1.074506408725419901e-02 4.329302653053100869e+01
2.369156048483401094e+02 1.098290343125547276e-02 4.317262807499403010e+01
2.372399555170766519e+02 6.852559509593185612e-03 4.371121178648196803e+01
2.368412203447177831e+02 1.058186052065918266e-02 4.329920537775655021e+01
2.366144559549398991e+02 1.057539208661730824e-02 4.322771723986943471e+01
2.368291761205317982e+02 6.963518032003821606e-03 4.367193545497969609e+01
2.364439778879070104e+02 1.083611973568983367e-02 4.328201626064803520e+01
2.363449352161452168e+02 1.093264867446859349e-02 4.304693346469230164e+01
2.367306827680917252e+02 6.877438102061937501e-03 4.348810255950959203e+01
2.367566759215030743e+02 6.636115755115038796e-03 4.343399062574636105e+01
2.367736471021415525e+02 7.005811639200700859e-03 4.348896087094976792e+01
2.366052001233978217e+02 1.054951835044980538e-02 4.337908755274261807e+01
2.368188415532202953e+02 6.643579332855664189e-03 4.346308763235411021e+01
2.364245302921741825e+02 1.853753682031685293e-02 4.296057041636812102e+01
2.363796527943634942e+02 1.257165034631000690e-02 4.295207736247114383e+01
2.367819276928588579e+02 7.388941963219488977e-03 4.346015991959239244e+01
2.365388409561340666e+02 1.149241700501552402e-02 4.327041736326725641e+01
2.364328695963697271e+02 1.174070535785367436e-02 4.297237331820714701e+01
2.367727947615635742e+02 7.538213518032003783e-03 4.335313271236366717e+01
2.364710875925483720e+02 1.152873975001990348e-02 4.303984008040760756e+01
2.363987078059071791e+02 1.188848419711806444e-02 4.298216055648435940e+01
2.367709766340259421e+02 7.350131358968234677e-03 4.340751034949446563e+01
2.364820779595573583e+02 1.138295119815301362e-02 4.307763364779874138e+01
2.364717200063689120e+02 1.159839980893240946e-02 4.300049558156197804e+01
2.367958920468115593e+02 7.532740227688878611e-03 4.341319560544542355e+01
2.365013195605445446e+02 1.167303558633866686e-02 4.304564923174906710e+01
2.364417457805907077e+02 1.146057240665552049e-02 4.315734963378712052e+01
2.367023231629647455e+02 7.508359207069500475e-03 4.346925453785526372e+01
2.363934554374651782e+02 1.078138683225857847e-02 4.318061211288910073e+01
2.362758996099036608e+02 1.128244168457925335e-02 4.300403829312952553e+01
2.364447401679802567e+02 5.131458482604888544e-03 4.324006498288353129e+01
2.361517698630682389e+02 4.591095454183583870e-03 4.292527316694530981e+01
2.359937495024281588e+02 5.452889897301170692e-03 4.269972235490804735e+01
2.358633846827481761e+02 7.048602818246954733e-03 4.264089841573122897e+01
2.357347802722713084e+02 6.202730674309370543e-03 4.259821272191704367e+01
2.355252413223469432e+02 6.291796035347504111e-03 4.244805001592229843e+01
2.353753169532680545e+02 6.037536820316853972e-03 4.234809977310723639e+01
2.353311858132314285e+02 6.807280471300056028e-03 4.234459039885359743e+01
2.353395181514210606e+02 6.355485232067510301e-03 4.231795736804394892e+01
2.353925030849454743e+02 6.833154207467558028e-03 4.236817978266061857e+01
2.354017295597484178e+02 6.341055648435634136e-03 4.243282581004697107e+01
2.353917840936231300e+02 6.386334686728763720e-03 4.240340538173712304e+01
2.355390514290263582e+02 6.947595732823819842e-03 4.243923055489212715e+01
2.359087189515165903e+02 1.000467717538412564e-02 4.256899878592468411e+01
2.360255766857734159e+02 5.724564127059947327e-03 4.278615904386593627e+01
2.362124089443515516e+02 6.376383249741262617e-03 4.280584099593981051e+01
2.362828531764986906e+02 6.203228246158745164e-03 4.278266409919592661e+01
2.362157217777246956e+02 6.310206193774380717e-03 4.281038979778679732e+01
2.361060400246795723e+02 6.440072446461268807e-03 4.274606868481808419e+01
2.359005413581721200e+02 6.161432210811241400e-03 4.269821272191704509e+01
2.357730450402038116e+02 6.618700740386912300e-03 4.269366640792930667e+01
2.356359804155720212e+02 6.528142663800653132e-03 4.260607833771196340e+01
2.356520241222832510e+02 6.828178488973807476e-03 4.276126502666985374e+01
2.354853932807897365e+02 6.484356341055648280e-03 4.262673354032322237e+01
2.354431001711647298e+02 6.802304752806305477e-03 4.258139529098001930e+01
2.353736645171562714e+02 6.639101186211289127e-03 4.253027227131597954e+01
2.353211358570177651e+02 6.916746278162566423e-03 4.257911889976912789e+01
2.351910501751452784e+02 6.768967438898177216e-03 4.249359177215190186e+01
2.351701685773425652e+02 6.705775814027545648e-03 4.251219150545338721e+01
2.351812435315659684e+02 6.792353315818804374e-03 4.249890136135658025e+01
2.353379318923652477e+02 6.819719767534431973e-03 4.252943336517792972e+01
2.355452432131199885e+02 6.350509513573759750e-03 4.257890693416129579e+01
2.357127224146166782e+02 6.752547567868799963e-03 4.265315311280949118e+01
2.357513603614361841e+02 5.776311599394953061e-03 4.260870651222036543e+01
2.360350768250935403e+02 6.811758617944431091e-03 4.284683942361277076e+01
2.361351524560146515e+02 6.236067988217498803e-03 4.295342130403630421e+01
2.363384170249183853e+02 6.436091871666268366e-03 4.309576317570257231e+01
2.364279635379348861e+02 6.224126263832497480e-03 4.304970344717776953e+01
2.365868825133349276e+02 5.785765464533078675e-03 4.309310216145211569e+01
2.367366670647241449e+02 5.691226813151819067e-03 4.315308892604092250e+01
2.369070510906774985e+02 5.985789347981848238e-03 4.319239461428229987e+01
2.369869073919273887e+02 5.330487222354907996e-03 4.333491511424249865e+01
2.370364317132393808e+02 5.823580925085581998e-03 4.333432399888543785e+01
2.371224797985829014e+02 9.039387787596529084e-03 4.321556952073879643e+01
2.371702014170846269e+02 6.225618979380622212e-03 4.343119974524321236e+01
2.371763538930021582e+02 5.925583154207467868e-03 4.328368611177454284e+01
2.372197406655521092e+02 5.634503622323063649e-03 4.328528281983918191e+01
2.373179091035745500e+02 5.854927951596210906e-03 4.329572336995462223e+01
2.373266534312554654e+02 5.497671363744924787e-03 4.336188549876602139e+01
2.372788546891171109e+02 5.865874532282461251e-03 4.352255343921662245e+01
2.371721479181593963e+02 5.726554414457447548e-03 4.332287039248467408e+01
2.370440351086697035e+02 5.875328397420587732e-03 4.318939375845872064e+01
2.369295672120054235e+02 5.978823342090597466e-03 4.308446530929066398e+01
2.368605276251890643e+02 6.107196879229360824e-03 4.311992576228007579e+01
2.368650883687604392e+02 5.504637369636175559e-03 4.310583751293686561e+01
2.368543637051190274e+02 5.708144256030570941e-03 4.319684638961866341e+01
2.368252333611973484e+02 6.364939097205636782e-03 4.328905192659819789e+01
2.367657377000238910e+02 6.273883448770002126e-03 4.306574168059867702e+01
2.367574242695645239e+02 5.398156993869914627e-03 4.310311131677413954e+01
2.367400858809012050e+02 5.935534591194968970e-03 4.312376950481649374e+01
2.366835711726773468e+02 5.865376960433086630e-03 4.302005911153570850e+01
2.365839144972534029e+02 5.996238356818724830e-03 4.308519624233739620e+01
2.363445192460791304e+02 5.439455457368043770e-03 4.291452163442401257e+01
2.362075068664915136e+02 5.794721757821829668e-03 4.284610849056603854e+01
2.360615371984714557e+02 5.674806942122442681e-03 4.277054722951994137e+01
2.359362515922299224e+02 6.216165114242496598e-03 4.281980982803916902e+01
2.358746934957407859e+02 5.663362789586815979e-03 4.283835283814983086e+01
2.359254995621367641e+02 5.138424488496138448e-03 4.285222713159780028e+01
2.359501159342408982e+02 4.107455616591035481e-03 4.289706283337314119e+01
2.357470688042353402e+02 5.014031526152376399e-03 4.269315788949924695e+01
2.358177976474802904e+02 3.715368999283496371e-03 4.289636225220922228e+01
2.357330561858132398e+02 5.015026669851126509e-03 4.276069530690231346e+01
2.357912089005652376e+02 4.868740546134862034e-03 4.282693455935037008e+01
2.357789362909004183e+02 9.205079213438421143e-03 4.285353624313351162e+01
2.358218951516599020e+02 5.198133110421145064e-03 4.278328954701058962e+01
2.357064052424169915e+02 5.651918637051190145e-03 4.260641718414139234e+01
2.354943565400843966e+02 6.154963776769365250e-03 4.234875706552026031e+01
2.352433001950481639e+02 6.581880423533158220e-03 4.219562485072844282e+01
2.348471344837194579e+02 6.957547169811320945e-03 4.189363157789984626e+01
2.347848514250457868e+02 6.932171005493193566e-03 4.182977022131996137e+01
2.348348907332218687e+02 6.616710452989412079e-03 4.179731211686967640e+01
2.347902023127139444e+02 6.915253562614441692e-03 4.175899460632115279e+01
2.345967165233659841e+02 6.924209855903192684e-03 4.160774868641031787e+01
2.343382184937505031e+02 6.683385080805668600e-03 4.151764489292254012e+01
2.340988366770161520e+02 7.043627099753204182e-03 4.146723091314385812e+01
2.338805504139797904e+02 7.671562773664516825e-03 4.143395380542950335e+01
2.337936529734893725e+02 7.303359605126980361e-03 4.126682787994586477e+01
2.339334940490406893e+02 7.769584427991402253e-03 4.141975509513573428e+01
2.341137409441923296e+02 7.552145529814505327e-03 4.153013295119815496e+01
2.344844060982405836e+02 7.238177692858848572e-03 4.184671403550672864e+01
2.345700242815062495e+02 7.085920706950083435e-03 4.204986864103176458e+01
2.344629313947934008e+02 7.672557917363266936e-03 4.205407461587453355e+01
2.343625358251731541e+02 7.330228484993233339e-03 4.202668477828198235e+01
2.343365929265185912e+02 7.429245283018868010e-03 4.207438450362232629e+01
2.344936634224982015e+02 7.025216941326327576e-03 4.228329601544462690e+01
2.345309365297349018e+02 7.467558315420746821e-03 4.236340209776291488e+01
2.344967423971021390e+02 7.314803757662606196e-03 4.245250427911790325e+01
2.344535043985351592e+02 7.570058116392007312e-03 4.244334995223309903e+01
2.344931250497571966e+02 7.299876602181355409e-03 4.239922329034312298e+01
2.344422602698829792e+02 8.335821192580208927e-03 4.233855236446142811e+01
2.341984386195366596e+02 7.925821988695166964e-03 4.216168199187962529e+01
2.339104584627020245e+02 8.291537297985828586e-03 4.179563878274022670e+01
2.338148674468593242e+02 8.213418517633946231e-03 4.168274221797627632e+01
2.338385264907252576e+02 1.247313112013374685e-02 4.164156366929384490e+01
2.338084781267415053e+02 8.859266778122761726e-03 4.167053329750815749e+01
2.340848782939256409e+02 8.027824217817051966e-03 4.177624641748268175e+01
2.342062718931613858e+02 7.688480216543268700e-03 4.189621497094180569e+01
2.340243168338508042e+02 7.717339383807021898e-03 4.187384911631239248e+01
2.340258891608948204e+02 7.828795478067033381e-03 4.192393867924528195e+01
2.340717757344160361e+02 7.907909402117664979e-03 4.197811679006448315e+01
2.341960900804076005e+02 7.964135021097046643e-03 4.212503881060425215e+01
2.342604340816813817e+02 7.805409601146405356e-03 4.217529953825332711e+01
2.342409526510628268e+02 7.378492954382613253e-03 4.208213368760448958e+01
2.342763145848260535e+02 7.422279277127617238e-03 4.208346170687047305e+01
2.342671662288034327e+02 7.509354350768250586e-03 4.206139837592548503e+01
2.343514459437942890e+02 7.559609107555130721e-03 4.219292154287079200e+01
2.343408153212323839e+02 7.947715150067669390e-03 4.216825541358171847e+01
2.342871536899928344e+02 7.515325212960751247e-03 4.200232764111137840e+01
2.342336482963139872e+02 8.052205238436430101e-03 4.200958771196560804e+01
2.341890156038531927e+02 7.992994188360798974e-03 4.182672955974842921e+01
2.340586990486426373e+02 7.857654645330785712e-03 4.175253313828516610e+01
2.337838368760448873e+02 8.087532839742058582e-03 4.154599355146883255e+01
2.338110709736485830e+02 7.987520898017673801e-03 4.150659481729161371e+01
2.338965981012658233e+02 7.898455536979539365e-03 4.158478773584905497e+01
2.338441321351803310e+02 7.979559748427672919e-03 4.156083462702014231e+01
2.337427638125945464e+02 8.382095374572087754e-03 4.146479430379746844e+01
2.335563256309210942e+02 7.946222434519544658e-03 4.129037347743014408e+01
2.333571093065838795e+02 7.863625507523286373e-03 4.111901520579571923e+01
2.333176513613565817e+02 8.225857813868323043e-03 4.116229748825730184e+01
2.332690266499482448e+02 8.175105485232068286e-03 4.113715020698988667e+01
2.334120725857813738e+02 8.984157312315898397e-03 4.117173344080885045e+01
2.334369616272589667e+02 8.007423771992676007e-03 4.122452233102460184e+01
2.334249064564923231e+02 8.039268370352679535e-03 4.119081482366053848e+01
2.334856226614123216e+02 1.182678528779555760e-02 4.127607923334129225e+01
2.334688624512379533e+02 8.496536899928349568e-03 4.138952163442401400e+01
2.335525261722792720e+02 8.189037497014568096e-03 4.136693386274978224e+01
2.337438201576307506e+02 8.047727091792054172e-03 4.154253443197197981e+01
2.338076944510787314e+02 7.932787994586418603e-03 4.167713159780272036e+01
2.338795831343045961e+02 7.613346867287636675e-03 4.167329183584109842e+01
2.339349235729639247e+02 7.828795478067033381e-03 4.173739152933683272e+01
2.341064574874611992e+02 7.619815301329511958e-03 4.178685912745800835e+01
2.341196973768012128e+02 7.641708462702014384e-03 4.178881806782899133e+01
2.340793676856938248e+02 8.162666188997691474e-03 4.180741083512459255e+01
2.340905297149908506e+02 7.727788392643897622e-03 4.180975788153809702e+01
2.341650848857574942e+02 7.553140673513255438e-03 4.185524689515165875e+01
2.341550364222593714e+02 7.828297906217657892e-03 4.192358988137887366e+01
2.341367123437624400e+02 8.125845872143938262e-03 4.188010657989013907e+01
2.341019728723827598e+02 7.652157471538890109e-03 4.183848270440251582e+01
2.341071645370591625e+02 7.533735371387628721e-03 4.174414009632990741e+01
2.342304892126423113e+02 7.905421542870791005e-03 4.194184579253244038e+01
2.343018295716901491e+02 7.783516439773902930e-03 4.189461876044900634e+01
2.343976867884722424e+02 7.504378632274500034e-03 4.198407521296075373e+01
2.345885548523206694e+02 7.724305389698272670e-03 4.204113426478783566e+01
2.347158367168219115e+02 7.501890773027625192e-03 4.216416885598280118e+01
2.348179125865775063e+02 7.690968075790144409e-03 4.212781227609266921e+01
2.347776729559748503e+02 6.979937903033197992e-03 4.215158028819361391e+01
2.346815719289865569e+02 7.487958761245123648e-03 4.214096409521535236e+01
2.344220688042353231e+02 7.137170607435713680e-03 4.197586229201496621e+01
2.342625885677891802e+02 7.646684181195764936e-03 4.192193893798264526e+01
2.341496989690311352e+02 7.747691266618899827e-03 4.197270271077143633e+01
2.340440022689276418e+02 7.739730117028898945e-03 4.188131816734336610e+01
2.340044846150784110e+02 8.274619855107077579e-03 4.182494078894992384e+01
2.339843856977947496e+02 8.254219409282699885e-03 4.192487411432210820e+01
2.339285014131040441e+02 1.177503781546055187e-02 4.184765195844279617e+01
2.337496322944033125e+02 8.550274659660855522e-03 4.174324546214473486e+01
2.336086895947774735e+02 8.336318764429584416e-03 4.166501472812674223e+01
2.334464438539925197e+02 8.897579810524639671e-03 4.160408058673672826e+01
2.332696938937982623e+02 8.627398296313986900e-03 4.145006766977151358e+01
2.331054777684897772e+02 8.850808056683385355e-03 4.132935524639758285e+01
2.328628691983122394e+02 8.617446859326487532e-03 4.116411909879786890e+01
2.327084631995860207e+02 9.534969349574078795e-03 4.105829203486983658e+01
2.325175807061539786e+02 9.382712363665312791e-03 4.097112938858371223e+01
2.323774361117745286e+02 9.904167661810365370e-03 4.091072565878512535e+01
2.326238521017434948e+02 5.899709418039965000e-03 4.122265593901759217e+01
2.324405217538412671e+02 8.710990367008996163e-03 4.097235441047687488e+01
2.323864819679961897e+02 8.830407610859007661e-03 4.090426319560544499e+01
2.323872119058992212e+02 8.683126343443993075e-03 4.087314853514847357e+01
2.324392305548921343e+02 8.598041557200859081e-03 4.085291179046254229e+01
2.324325193057877641e+02 8.916985112650266387e-03 4.083174508399012836e+01
2.324366212881139973e+02 8.858271634424010749e-03 4.077773067430936749e+01
2.326375139320117853e+02 8.621427434121487973e-03 4.095523147042433010e+01
2.326737809489690392e+02 8.533357216782102780e-03 4.104260110659978977e+01
2.325363381697317209e+02 8.352241063609584446e-03 4.099130592707587084e+01
2.325543383289547137e+02 8.684619058992117807e-03 4.101593971419472950e+01
2.329803767614043579e+02 5.183703526789268032e-03 4.141152077860043335e+01
2.328361734734495769e+02 7.753662128811400489e-03 4.118400007961149356e+01
2.328527177374412815e+02 8.323879468195207604e-03 4.136900027864023599e+01
2.328952576427035979e+02 8.672677334607116484e-03 4.133312286044105122e+01
2.332758936390414704e+02 5.276749462622402909e-03 4.177724106360958700e+01
2.330960637090995817e+02 7.554135817212005548e-03 4.136647410636096112e+01
2.330874517355306068e+02 8.094001273783934733e-03 4.144889588806623948e+01
2.333499815898415761e+02 4.732903431255473282e-03 4.183110968473847890e+01
2.330961293885837051e+02 7.711866093463895858e-03 4.153960522649470732e+01
2.330239536064007666e+02 1.250298543109625016e-02 4.134007891489530806e+01
2.331326004099992133e+02 8.724424806942122218e-03 4.157771027386354490e+01
2.330451909680757865e+02 8.426876841015841849e-03 4.145439803757662389e+01
2.329656192779237358e+02 8.479121885200223072e-03 4.140757453626303430e+01
2.328576959437942833e+02 8.641330308096488444e-03 4.134802712761722887e+01
2.327568789308176065e+02 9.147858450760290236e-03 4.128983012897062110e+01
2.326007677533635842e+02 8.710990367008996163e-03 4.129724494467001250e+01
2.326164288273226646e+02 9.528500915532202645e-03 4.121252985431096505e+01
2.326001826088687210e+02 9.128453148634663519e-03 4.125981360958522259e+01
2.325639514170846383e+02 9.197118063848420261e-03 4.115350240824775341e+01
2.325233784133428969e+02 8.863744924767135921e-03 4.108754129846349912e+01
2.327435992357296470e+02 5.622064326088686836e-03 4.131634822068306789e+01
2.324960786362550778e+02 8.741839821670248714e-03 4.103557588965846747e+01
2.323737769683942247e+02 8.761245123795875431e-03 4.108142962343762150e+01
2.322826367327442085e+02 8.843344478942759962e-03 4.103673274420826544e+01
2.325758070615396775e+02 5.540462542791178661e-03 4.145904685136533629e+01
2.323904088050314556e+02 8.136294880980813118e-03 4.115863386673035507e+01
2.324096608550274539e+02 8.974703447177772783e-03 4.114550593105644793e+01
2.323863098081363034e+02 8.864740068465886899e-03 4.110758996099036722e+01
2.327007289427593264e+02 5.256846588647400703e-03 4.148929872223548898e+01
2.324655919114720177e+02 8.032799936310803385e-03 4.110379348777963315e+01
2.323393793288750828e+02 8.742337393519624203e-03 4.101855495183504274e+01
2.325301434002069811e+02 5.292671761802404673e-03 4.137396952869994493e+01
2.322003487978664111e+02 8.594060982405858640e-03 4.094454113924050631e+01
2.320349882573043487e+02 8.615456571928987312e-03 4.087638026431016414e+01
2.321876059828039160e+02 5.208084547408646167e-03 4.120763225459756285e+01
2.318581875447814582e+02 8.290044582437703855e-03 4.071417034869835305e+01
2.316810649032720448e+02 8.751791258657749817e-03 4.065495034232943539e+01
2.317908909521534895e+02 5.075232863625507747e-03 4.085281078337712302e+01
2.317315346110978567e+02 5.538472255393678441e-03 4.074071182628771481e+01
2.313497362869198355e+02 1.441316376084706558e-02 4.035859704641350021e+01
2.316213821550831824e+02 9.472772868402196469e-03 4.063779406496298208e+01
2.315512309927553645e+02 1.012160655998726143e-02 4.051138742934480064e+01
2.316328944749621712e+02 1.075501552424170011e-02 4.058983858769206421e+01
2.320669796393599142e+02 6.473907332218772556e-03 4.103177344558554296e+01
2.319271121925006014e+02 1.009573282381976030e-02 4.080378602420189793e+01
2.319312181554016377e+02 1.070426319560544536e-02 4.080526679802563450e+01
2.323850549319321601e+02 6.245024281506249796e-03 4.127287835363426183e+01
2.322582980057320299e+02 9.690211766579094263e-03 4.094586468035984694e+01
2.320711259055807716e+02 1.044900883687604511e-02 4.088557539208661495e+01
2.323310987381577775e+02 6.966005891250696448e-03 4.138575402038054563e+01
2.318807220762678014e+02 1.007881538094100755e-02 4.090174747233500341e+01
2.318266549239710343e+02 1.074406894355544977e-02 4.085229181593822290e+01
2.320856097245442129e+02 6.194271952869994172e-03 4.115436420269087137e+01
2.318762802523684456e+02 9.892225937425364046e-03 4.075952601305628775e+01
2.318254672199665549e+02 9.888742934479739094e-03 4.074864212642305716e+01
2.321603897977867916e+02 6.487341772151898611e-03 4.112537865217737476e+01
2.320385309688718962e+02 1.024251651938539939e-02 4.090791039726136802e+01
2.320533421901122608e+02 1.072267335403232283e-02 4.096898385876920656e+01
2.325100414974922387e+02 6.244526709656874307e-03 4.135973897380781494e+01
2.323853539726136432e+02 9.894713796672239756e-03 4.111621934957408087e+01
2.323951128492954297e+02 1.048881458482604952e-02 4.114501134463816356e+01
2.327491660695804399e+02 6.680399649709418269e-03 4.152409441923413880e+01
2.325072789785845089e+02 9.785247989809729360e-03 4.122956422657431830e+01
2.324770136732744277e+02 1.059678767614043518e-02 4.122897211607356383e+01
2.328741635817212057e+02 6.107196879229360824e-03 4.167788740944192227e+01
2.327653406376880696e+02 1.032660616192978241e-02 4.141163074197913829e+01
2.327349484515563915e+02 1.017434917602101814e-02 4.128842946421463012e+01
2.330123711288910044e+02 6.110182310325611155e-03 4.165522997770877822e+01
2.331039950043786462e+02 6.275376164318127725e-03 4.173647251413103731e+01
2.328291880622561791e+02 1.632632752169413393e-02 4.127216433803041440e+01
2.330328974603932863e+02 1.077790382931295352e-02 4.156610142504577965e+01
2.328901013056285194e+02 1.087841334288671205e-02 4.133838766817928700e+01
2.328427822227529589e+02 1.131677414218613086e-02 4.150275953347663460e+01
2.331221643380304158e+02 6.913263275216941471e-03 4.190482097364859726e+01
2.329417268728604427e+02 1.056892365257543209e-02 4.158691634822068295e+01
2.328975141310405093e+02 1.159591194968553375e-02 4.158511265026670145e+01
2.331240187883130375e+02 6.684877796353793332e-03 4.186692341374094184e+01
2.329011842210015004e+02 1.049826844996417513e-02 4.148773783934399972e+01
2.328916641788074173e+02 1.100031844598359926e-02 4.154458592070695033e+01
2.332193983361197240e+02 6.665970066077541237e-03 4.192033377119656024e+01
2.329697123039566975e+02 1.036939734097603628e-02 4.164450929464214823e+01
2.329123134105564930e+02 1.090677493830109063e-02 4.157467309529496191e+01
2.332227450043786234e+02 6.821710054931932193e-03 4.189805349892524333e+01
2.329773092309529545e+02 1.022360878910914816e-02 4.162041089483321343e+01
2.328877303757662673e+02 1.071321948889419548e-02 4.157084875806066293e+01
2.331166427832178840e+02 6.408725419950640767e-03 4.189414258418915438e+01
2.328593050911551643e+02 1.025893639041477665e-02 4.147383219886951622e+01
2.327863317012976552e+02 1.062216384045856256e-02 4.139816993073799978e+01
2.330506229599554047e+02 6.993869914815699536e-03 4.182414815699387134e+01
2.328832104330865320e+02 9.973827720722873089e-03 4.139785496775734686e+01
2.328896574715388965e+02 1.037835363426478814e-02 4.134576367327441915e+01
2.332513757861635213e+02 6.312196481171880938e-03 4.186286372502189579e+01
2.330078795478067093e+02 1.025047766897540027e-02 4.151492516519385134e+01
2.330048473449566018e+02 1.070227290820794513e-02 4.154934818087731685e+01
2.332881562972693246e+02 6.184818087731868558e-03 4.189020032242655844e+01
2.329091543268847886e+02 1.015494387389538969e-02 4.154513474245680982e+01
2.327682375009951556e+02 1.018032003821351880e-02 4.149763404585622339e+01
2.330688296114958860e+02 6.945107873576944132e-03 4.195362978664119424e+01
2.332323073401799149e+02 6.015146087094976925e-03 4.216755333970225195e+01
2.330996208502507727e+02 1.697516121327919889e-02 4.170802583393042084e+01
2.332674602937664190e+02 1.152028102858052711e-02 4.189678916885598170e+01
2.334546323939176773e+02 1.163969827243053860e-02 4.214144673990924161e+01
2.338069729718971530e+02 7.118262877159461585e-03 4.249918895788552220e+01
2.335468434041875696e+02 1.067590160019106678e-02 4.211328118780351559e+01
2.333740257543189216e+02 1.098638643420109945e-02 4.192220265106281119e+01
2.336565385916726427e+02 6.677911790462542560e-03 4.235792383170129938e+01
2.334572068306663368e+02 1.076297667383170099e-02 4.206457686489929415e+01
2.335168383289546910e+02 1.141579094021176639e-02 4.203128781546055137e+01
2.338647525077621196e+02 6.632632752169412976e-03 4.245701028978584191e+01
2.336923269445107962e+02 1.071421463259294646e-02 4.221214622641509351e+01
2.337202710771435363e+02 1.059678767614043518e-02 4.217425364222593487e+01
2.340463806623676533e+02 6.363943953506886672e-03 4.252678429265186111e+01
2.338458512459199028e+02 9.657869596369715245e-03 4.219043965448610578e+01
2.337872342966324197e+02 1.010070854231350998e-02 4.219834806146007367e+01
2.340660929663243337e+02 6.102718732584984894e-03 4.257773017673751781e+01
2.338192336398375915e+02 9.557857654645330464e-03 4.207935823182867807e+01
2.336439410675901627e+02 1.090677493830109063e-02 4.198477181354987664e+01
2.339002119656078378e+02 6.219648117188121550e-03 4.240112948809807847e+01
2.335146878234216956e+02 1.020669134623039542e-02 4.196739660456970000e+01
2.332799045657192778e+02 1.099683544303797431e-02 4.198302334607117103e+01
2.335025689634583159e+02 6.325630921105007860e-03 4.234094966563171880e+01
2.334563694172438488e+02 6.429623437624393083e-03 4.229042522490247791e+01
2.331607833771196567e+02 1.014200700581163912e-02 4.184486107793965459e+01
2.330819819281904302e+02 1.136802404267176110e-02 4.187087413422498372e+01
2.332934569301807244e+02 6.518688798662526651e-03 4.201605465329193834e+01
2.331687763713080130e+02 6.545557678528779628e-03 4.198276610142504239e+01
2.329717075670726842e+02 1.013454342807101373e-02 4.172095921901122750e+01
2.336543293726614081e+02 6.427633150226892862e-03 4.235698441604967712e+01
2.344275505532999091e+02 1.008528381498288370e-02 4.279680459358331035e+01
2.345578934798184889e+02 1.365635697794761495e-02 4.287296990685455000e+01
2.346591393997293267e+02 1.020917920547727113e-02 4.556382453626303430e+01
2.346636090876522474e+02 9.805648435634105320e-03 4.559880134941485608e+01
2.345706945107873480e+02 9.621546851365337522e-03 4.530558623915293026e+01
2.347269047050394022e+02 5.815619775495581983e-03 4.548065838707109521e+01
2.339650117426956513e+02 1.003104848340100226e-02 4.225024381020619302e+01
2.337155710134543369e+02 1.058882652655043430e-02 4.216745979619457074e+01
2.339847180757901413e+02 6.402256985908765484e-03 4.256382204840379302e+01
2.340051080726056796e+02 9.677274898495341962e-03 4.485210472892285338e+01
2.339990944192341260e+02 1.050125388106042459e-02 4.494275734416049772e+01
2.341518738555847392e+02 5.847464373855584645e-03 4.525023783934400257e+01
2.337335846071172796e+02 9.115516280550911218e-03 4.480723519226176421e+01
2.333846812554732821e+02 9.905162805509116347e-03 4.459606967996178639e+01
2.334347484276729574e+02 5.990267494626224168e-03 4.486663482206830622e+01
2.330875875726455035e+02 9.635478863147839065e-03 4.435752428150625093e+01
2.327953934798184719e+02 1.040572008598041574e-02 4.422904326884802373e+01
2.328446660297746860e+02 6.171881219648117124e-03 4.444655481251492546e+01
2.325201481768967540e+02 9.713100071650345932e-03 4.409426647957965173e+01
2.324053593463896163e+02 1.014150943396226363e-02 4.399174976116551505e+01
2.323186435196242314e+02 6.521176657909402360e-03 4.408532411830267961e+01
2.322046707069500826e+02 6.243033994108749575e-03 4.402479848340099977e+01
2.320212557718334665e+02 6.163920070058116242e-03 4.387477659023963383e+01
2.315316281546055279e+02 1.012956770957726231e-02 4.337271365735212214e+01
2.320319202292810985e+02 1.180688241382055539e-02 4.375301926598200453e+01
2.327600245800493610e+02 8.944351564365893986e-03 4.436772301170289268e+01
2.334230564843563513e+02 5.642464771913064531e-03 4.497560604251253835e+01
2.342969891927394315e+02 1.002010190271475192e-02 4.571831313191624702e+01
2.355925165193854127e+02 4.560245999522331319e-03 4.691973967040840421e+01
2.360999587015365080e+02 7.596926996258259422e-03 4.720220772629567563e+01
2.363437788591672586e+02 8.196998646604568978e-03 4.754131289308175923e+01
2.365554956810763372e+02 1.189843563410556554e-02 4.727965976036939821e+01
2.367700730435474838e+02 7.782023724225778198e-03 4.766437087015364682e+01
2.366139797786800330e+02 7.913880264310165641e-03 4.766264827641111168e+01
2.369441923413741051e+02 8.270141708462701649e-03 4.793206352997372477e+01
2.372111167502587250e+02 8.734873815778998810e-03 4.820178628293925982e+01
2.371793174309370329e+02 8.454243292731471182e-03 4.822694898893400506e+01
2.372243606201735417e+02 8.787118859963378298e-03 4.823304822466364072e+01
2.372426871865297358e+02 8.558733381100230159e-03 4.795386464055409448e+01
2.372934544423214618e+02 8.697058355226494619e-03 4.795604101982326029e+01
2.374025843881856588e+02 8.430359843961468536e-03 4.806369616272589695e+01
2.373432524281506346e+02 8.431852559509593267e-03 4.795729191545259340e+01
2.373523336119735632e+02 8.591075551309609176e-03 4.789782959159302322e+01
2.371538740944192227e+02 8.541318366372103663e-03 4.766842110500756036e+01
2.370718115595892073e+02 8.186549637767694121e-03 4.763111814345991490e+01
2.370100594100788101e+02 8.421403550672716676e-03 4.756175314465409087e+01
2.369767703606400744e+02 8.726912666188997927e-03 4.742288730992755319e+01
2.370786934758379232e+02 8.178090916328317750e-03 4.741905053339701936e+01
2.372215841692540437e+02 8.068625109465807355e-03 4.755271624472573677e+01
2.373649590000796081e+02 8.108430857415810031e-03 4.754797985829154072e+01
2.375427404267176144e+02 8.225360242018947554e-03 4.766014748029615333e+01
2.378349086458084685e+02 8.007921343842051495e-03 4.785739292253801125e+01
2.381271649351166388e+02 7.174488496138842382e-03 4.805919263991720669e+01
2.383307748188838389e+02 7.237680121009473951e-03 4.822817948411750422e+01
2.383391429822466421e+02 7.398893400206990080e-03 4.828191425841891515e+01
2.382581805787755798e+02 6.761503861157550956e-03 4.822259623039566634e+01
2.381731679404506110e+02 7.594936708860759202e-03 4.825259832019743556e+01
2.380864456452511604e+02 7.252109704641350116e-03 4.830386862112889190e+01
2.379927822227529646e+02 8.048224663641429660e-03 4.821650843881856474e+01
2.379001268808216025e+02 7.673055489212642424e-03 4.814769474962184859e+01
2.377612744805349791e+02 8.247750975240825469e-03 4.806574068545497624e+01
2.376159740466523260e+02 1.093662924926359394e-02 4.792157272510150534e+01
2.375416273584905582e+02 7.788989730117028970e-03 4.800535039009633209e+01
2.374937201456890250e+02 7.739232545179524324e-03 4.797254348777963884e+01
2.372598001751453012e+02 7.955178727808294784e-03 4.767689674388982013e+01
2.368982828795477928e+02 8.273127139558952847e-03 4.751163770798503094e+01
2.366400306504259277e+02 8.255214552981450862e-03 4.729383010906774842e+01
2.364903958681633753e+02 8.562216384045856846e-03 4.721408824934320592e+01
2.363630831542074588e+02 8.845832338189633937e-03 4.719789328078974933e+01
2.362586572526072644e+02 8.568187246238357507e-03 4.706523714274341330e+01
2.361218712682111232e+02 8.242277684897698561e-03 4.704709219011225230e+01
2.360100564246477290e+02 8.653272032481489767e-03 4.687111247114083312e+01
2.359230724066555069e+02 8.417422975877716235e-03 4.686388922060345408e+01
2.358480709139399778e+02 8.369158506488337188e-03 4.673268201178250081e+01
2.357958522410636135e+02 8.559728524798981136e-03 4.675115237640315513e+01
2.357790845673115143e+02 8.253721837433326131e-03 4.672597374810922588e+01
2.357667980256348983e+02 8.519922776848976725e-03 4.673890812833373332e+01
2.356402704800573247e+02 8.458223867526471623e-03 4.669838090120213536e+01
2.354577183345274989e+02 8.766220842289626849e-03 4.660517076665870206e+01
2.353635309688719133e+02 8.758259692699625967e-03 4.654659163283177747e+01
2.354374596966802073e+02 8.839363904147759521e-03 4.664332507364063218e+01
2.353581850569222240e+02 8.576645967677732144e-03 4.656758916487540745e+01
2.354327516718414017e+02 8.806524162089005014e-03 4.662370979619456790e+01
2.355280008558235920e+02 8.822944033118382268e-03 4.666386185415174026e+01
2.356497885319640204e+02 8.627398296313986900e-03 4.666740456571928775e+01
2.357007010787357615e+02 8.024838786720802503e-03 4.674479390573998927e+01
2.357452865018708792e+02 8.206950083592070080e-03 4.676427384364302497e+01
2.360895902993392212e+02 5.041397977868003998e-03 4.711859276729559554e+01
2.359495765663561713e+02 7.206333094498845911e-03 4.678556096250298424e+01
2.358594026152376273e+02 8.189535068863943584e-03 4.662447506169890943e+01
2.362390658586099903e+02 3.894494865058514485e-03 4.703216155162805734e+01
2.359180101106599921e+02 1.237411432210811305e-02 4.654715587930897414e+01
2.359460696799617949e+02 8.316415890454582210e-03 4.664329919990446882e+01
2.359886916845792655e+02 7.991999044662049731e-03 4.669078347663402440e+01
2.359109430976833153e+02 7.973091314385796768e-03 4.667378244168457968e+01
2.357412372621606664e+02 8.059171244327681741e-03 4.653508130324019021e+01
2.358353057081442614e+02 8.625905580765862168e-03 4.648600031844598135e+01
2.358047781824695619e+02 8.386075949367088195e-03 4.653963010508717701e+01
2.356867974285486866e+02 8.632374014807738319e-03 4.647298085343523866e+01
2.355910855027466084e+02 8.885140514290262859e-03 4.647462383568187505e+01
2.356100648833691480e+02 8.931912268131518909e-03 4.652213597643499554e+01
2.356257438699148281e+02 8.712483082557120895e-03 4.656377627179364964e+01
2.355417298582915464e+02 9.169254040283417173e-03 4.642991352201257627e+01
2.354835915731231637e+02 8.941366133269644523e-03 4.641117297587771873e+01
2.354637673155003483e+02 8.948332139160894427e-03 4.629995273067430617e+01
2.354782610859008116e+02 9.251850967279675458e-03 4.631975459756388602e+01
2.354952049000875718e+02 9.357336199347185413e-03 4.641339612690072158e+01
2.355456124114322165e+02 9.098598837672160211e-03 4.644216921423453215e+01
2.358758249741262603e+02 5.306603773584905349e-03 4.684937604490088603e+01
2.356975434877796260e+02 7.788989730117028970e-03 4.660390842687684199e+01
2.357369760568426216e+02 8.379607515325213779e-03 4.663474295438260953e+01
2.357909257821829385e+02 8.830905182708383150e-03 4.666140185892842851e+01
2.358568127537616306e+02 8.395032242655840055e-03 4.672257383966244504e+01
2.360098504299020874e+02 8.889121089085263300e-03 4.685180767852877892e+01
2.363910322625587241e+02 5.108570177533636007e-03 4.730743223071411308e+01
2.361637792572247463e+02 7.128214314146962688e-03 4.706263683225857619e+01
2.361881553021256366e+02 7.620312873178887447e-03 4.706745233261683126e+01
2.362866068585303765e+02 8.072108112411432307e-03 4.719404456253482749e+01
2.362628851206114291e+02 7.768589284292652143e-03 4.733215707348141166e+01
2.366078646206512133e+02 4.156217657829790885e-03 4.783264369875009692e+01
2.364949242695645353e+02 7.131697317092588508e-03 4.775267842926518824e+01
2.365058912506966067e+02 1.151480773823740193e-02 4.769418438022450601e+01
2.366928787516917509e+02 8.230335960512697238e-03 4.778269644136613437e+01
2.367299796990685365e+02 7.655142902635140439e-03 4.795878313828517037e+01
2.367510354470185518e+02 8.295517872780829027e-03 4.789587065122203313e+01
2.368429887150704474e+02 8.479121885200223072e-03 4.793839911233182249e+01
2.369235033038770837e+02 8.673174906456491973e-03 4.808992914576865019e+01
2.369332084427991276e+02 8.413939972932091282e-03 4.808842896664278044e+01
2.369870954740864590e+02 8.243770400445825028e-03 4.808705964891330353e+01
2.370196053260090707e+02 8.348758060663959493e-03 4.800960015126184288e+01
2.370999532282461644e+02 8.357714353952711353e-03 4.814639459437943003e+01
2.371184290661571481e+02 8.166646763792691915e-03 4.802469250059708372e+01
2.371652983440808953e+02 8.154207467558315103e-03 4.800951655919114813e+01
2.371772047408645676e+02 7.772569859087652584e-03 4.806712990605843316e+01
2.372259558355226545e+02 7.981052463975797651e-03 4.802880791736326671e+01
2.372110097723111153e+02 7.931792850887667626e-03 4.797994337632353989e+01
2.371838274221797747e+02 7.761623278401401371e-03 4.796874104370671432e+01
2.371672144932728372e+02 8.173612769683941820e-03 4.794296682190908143e+01
2.372076461866093382e+02 8.223369954621447334e-03 4.799287626383249972e+01
2.371945217339383873e+02 8.680638484197117366e-03 4.804064863466284407e+01
2.370792935474882484e+02 8.437823421702093929e-03 4.801156008677653375e+01
2.370321754836398327e+02 8.538332935275854199e-03 4.807282113287158865e+01
2.369770201417084650e+02 8.437325849852718440e-03 4.799314345991561481e+01
2.368088861356579855e+02 8.387071093065839172e-03 4.779803707905421817e+01
2.367211074954223307e+02 9.013514051429026216e-03 4.769453914895311186e+01
2.366698391847782830e+02 9.004557758140276091e-03 4.772087214393758359e+01
2.367189754000477535e+02 8.868720643260887340e-03 4.771766977151500555e+01
2.366698844638165724e+02 9.374253642225938155e-03 4.773874840777008188e+01
2.368866844797388751e+02 5.307101345434280838e-03 4.799214383807021989e+01
2.366802379388583688e+02 7.773067430937027206e-03 4.780525784173234882e+01
2.366232157073481517e+02 7.885518668895788799e-03 4.776298164955019843e+01
2.365167014966961290e+02 1.260200222912188570e-02 4.743706014648515179e+01
2.366064624631796960e+02 9.088149828835283620e-03 4.762417602101743341e+01
2.366321083114401631e+02 8.819958602022132804e-03 4.766398077382373799e+01
2.365817948411750535e+02 9.022470344717778076e-03 4.763369954621447278e+01
2.364864287278082884e+02 8.951815142106519380e-03 4.765923543109624916e+01
2.364818212124830836e+02 9.109545418358410557e-03 4.759917253801449277e+01
2.364766016837831444e+02 9.067251811161532171e-03 4.756054404506010513e+01
2.364105395669134566e+02 9.047348937186529966e-03 4.750376263832497159e+01
2.363828890016718276e+02 8.821451317570257536e-03 4.739031476395191333e+01
2.363159292651859005e+02 9.155322028500915629e-03 4.743511563569779810e+01
2.363602310723668438e+02 8.875189077302761756e-03 4.742252905819600528e+01
2.362396330905182822e+02 8.764230554892126629e-03 4.740260180320038330e+01
2.361616645768648937e+02 9.183683623915294206e-03 4.738517186131677761e+01
2.360627761523764150e+02 8.907531247512140773e-03 4.731690997930100906e+01
2.359389489292253757e+02 9.084169254040283178e-03 4.712147221558792864e+01
2.357870024281506289e+02 9.074217817052782076e-03 4.693789208661731038e+01
2.359163850409999270e+02 5.743471857336199422e-03 4.714641847782819895e+01
2.356764822665392956e+02 9.444908844837195117e-03 4.686454651301647800e+01
2.358718623119178517e+02 9.519544622243452520e-03 4.706605067271713949e+01
2.362614471379667123e+02 5.514588806623676662e-03 4.750997631557996925e+01
2.360812833373139199e+02 8.253721837433326131e-03 4.718555051349414953e+01
2.361146609545418471e+02 8.670189475360242509e-03 4.719343055887269855e+01
2.361366426837035135e+02 8.474146166706471653e-03 4.711241690550115635e+01
2.362141912467160125e+02 8.719449088448372534e-03 4.722218424090438305e+01
2.365762100947376894e+02 5.154346787676140212e-03 4.753234615078417136e+01
2.364738784730515135e+02 7.332716344240108181e-03 4.737770380542950477e+01
2.364011115755114929e+02 8.356221638404584887e-03 4.724703347663402297e+01
2.364399415850648722e+02 8.876184221001512734e-03 4.724135269882970789e+01
2.368647997770878249e+02 4.503522808693575033e-03 4.774155720085980192e+01
2.367464159899689378e+02 7.018748507284452293e-03 4.749267225937425252e+01
2.366963547886314814e+02 1.211885996337871106e-02 4.730096429424408910e+01
2.367407521296075288e+02 8.774181991879627732e-03 4.745581661491919334e+01
2.366511075949367182e+02 8.163661332696440717e-03 4.733557340179922335e+01
2.365184997213597740e+02 8.667701616113366800e-03 4.723710492795159865e+01
2.364225081601783245e+02 8.545796513016479592e-03 4.718829910039009690e+01
2.363525699586020323e+02 8.260190271475200546e-03 4.721100081601782961e+01
2.363371591632831894e+02 8.826924607913382709e-03 4.720985839105166804e+01
2.363614909242894555e+02 8.859764349972135480e-03 4.729791119337632210e+01
2.363645942799140300e+02 8.314425603057081990e-03 4.726792005015524012e+01
2.363679479141788136e+02 8.779157710373377416e-03 4.724469737680121284e+01
2.363553727808295548e+02 9.158307459597165093e-03 4.727551448929225586e+01
2.363581253483002911e+02 8.403988535944590180e-03 4.726642086617307825e+01
2.363342428946739915e+02 8.648296313987740083e-03 4.725509115516280900e+01
2.362998955099116358e+02 9.196122920149669283e-03 4.714218513653371900e+01
2.362184524520340858e+02 8.806026590239631260e-03 4.702685743571371546e+01
2.361993924647719041e+02 9.023465488416527319e-03 4.707204790621765511e+01
2.361864023565002810e+02 8.943356420667144743e-03 4.702245243213120318e+01
2.362018375328397326e+02 8.630881299259613587e-03 4.706344289865456432e+01
2.361517768290741230e+02 8.847822625587134157e-03 4.696012210413183396e+01
2.361611675025873751e+02 8.657750179125865697e-03 4.699134025953348015e+01
2.364411118740546272e+02 4.992138364779873973e-03 4.742918408168139166e+01
2.361758234814107027e+02 8.188539925165194341e-03 4.709448640633707583e+01
2.360789432569062853e+02 8.617446859326487532e-03 4.695161661093862193e+01
2.363092961348618815e+02 4.844857097364859387e-03 4.720944341612928952e+01
2.360819167462781536e+02 7.873576944510787476e-03 4.694631050473688560e+01
2.360151062813470162e+02 8.364680359843961258e-03 4.682759533476634317e+01
2.363302852081840513e+02 4.653291935355465328e-03 4.727549657670567740e+01
2.361005572804712926e+02 7.662108908526391211e-03 4.695748547090200020e+01
2.360162875169174299e+02 7.980057320277048408e-03 4.695192560305708440e+01
2.363497034471777738e+02 4.077601305628533040e-03 4.737483679643340651e+01
2.358734838985749604e+02 1.307270519863068178e-02 4.687638374731311330e+01
2.356831318167343454e+02 8.993113605604648522e-03 4.674033864740068367e+01
2.357000641867685715e+02 8.801050871745879842e-03 4.672146972772868168e+01
2.355108301488735094e+02 8.954800573202770578e-03 4.666772649470583900e+01
2.354223827720722966e+02 8.954303001353395089e-03 4.657203049120293059e+01
2.353076675821988601e+02 9.532481490327203086e-03 4.643636354589602888e+01
2.352676354390573863e+02 8.962264150943395971e-03 4.638594409282700326e+01
2.352153068028023313e+02 9.107057559111534847e-03 4.635569172438500374e+01
2.351632876562375714e+02 9.277227131597802837e-03 4.632389389777883792e+01
2.352634598160974519e+02 5.693714672398694776e-03 4.651101574317331711e+01
2.348776276769365552e+02 9.079193535546533494e-03 4.613802493830109341e+01
2.347900202014170929e+02 9.443913701138444139e-03 4.604054165671522725e+01
2.350551185216145313e+02 5.344419234137409540e-03 4.631167651858928735e+01
2.347836637210413073e+02 9.298622721120929774e-03 4.596356778918875818e+01
2.346085617188121830e+02 9.202093782342169945e-03 4.591290253562614510e+01
2.348497054374651611e+02 5.506130085184300291e-03 4.620146286123716095e+01
2.346314525117427081e+02 9.052822227529655139e-03 4.590366013852400329e+01
2.346185788352838131e+02 9.537954780670328259e-03 4.585446371706074586e+01
2.349381249502428091e+02 5.321530929066157004e-03 4.611688062256190079e+01
2.347325332377995437e+02 8.873696361754637024e-03 4.581689953029217577e+01
2.347519037098957142e+02 9.372760926677811688e-03 4.576633727410238350e+01
2.351078282979062237e+02 5.515086378473051283e-03 4.609995919910834772e+01
2.349788541915452527e+02 8.975698590876522026e-03 4.582266837831382844e+01
2.350812898057479572e+02 9.417044821272192029e-03 4.585222563888225267e+01
2.355028386474006936e+02 5.105087174588010188e-03 4.632919801369317980e+01
2.351976579293049952e+02 8.795577581402754669e-03 4.600308544303797476e+01
2.350881682389937168e+02 9.038890215747153595e-03 4.594241750258737511e+01
2.354321257264548990e+02 4.963279197516121642e-03 4.639878841254677155e+01
2.353278953705915058e+02 7.913880264310165641e-03 4.619005801687763579e+01
2.356398973011702935e+02 4.552284849932330436e-03 4.656391409919592661e+01
2.354153038173712389e+02 1.332596926996258181e-02 4.615352728684022310e+01
2.354356425642862689e+02 9.386692938460313232e-03 4.613897430538969502e+01
2.355228893002149562e+02 9.410078815380940390e-03 4.622214891330308006e+01
2.358422503184459913e+02 9.162785606241541023e-03 4.640967528461109737e+01
2.359610450999124396e+02 8.734376243929623321e-03 4.648429364700263022e+01
2.360657605883289420e+02 9.150346310007164211e-03 4.650525784173234456e+01
2.363569913820555826e+02 8.548781944112729056e-03 4.672280222514130799e+01
2.364685245999522465e+02 7.914377836159541130e-03 4.683911810365416528e+01
2.364051011065998011e+02 8.463199586020221307e-03 4.678561420269086568e+01
2.365080616591035607e+02 8.175603057081442041e-03 4.676203427274898416e+01
2.365326800214951106e+02 8.442799140195843613e-03 4.679701009075710516e+01
2.365858381100230758e+02 7.479500039805748145e-03 4.691836537696043052e+01
2.364279242297587871e+02 8.113406575909561450e-03 4.678657202850091323e+01
2.360446700103495061e+02 8.571670249183982460e-03 4.650137727887906891e+01
2.357222086219250059e+02 8.502010190271474740e-03 4.610430200620969998e+01
2.355303190430698237e+02 8.487083034790223954e-03 4.599831920229281224e+01
2.355605410596290028e+02 8.743332537218375181e-03 4.605856868481808419e+01
2.355978012299976001e+02 8.648793885837115572e-03 4.608050165193854042e+01
2.359981226614123102e+02 5.456372900246795644e-03 4.635667094578457181e+01
2.358844314744048916e+02 8.125845872143938262e-03 4.618068376323541457e+01
2.358330223509274788e+02 8.491063609585224395e-03 4.619192291616909785e+01
2.357465936231191677e+02 8.536840219727729467e-03 4.619234037895071765e+01
2.359871278162566739e+02 5.231967996178647946e-03 4.658693475837910825e+01
2.358110834129448392e+02 8.204959796194569860e-03 4.630764021574715628e+01
2.357933683623915329e+02 8.525396067192101898e-03 4.631901321550832051e+01
2.361074138205556778e+02 5.103096887190509967e-03 4.669593384284690529e+01
2.359831994865058391e+02 7.855664357933285491e-03 4.640565191863704797e+01
2.360111291895549641e+02 8.204959796194569860e-03 4.643486336677015913e+01
2.363247651460870884e+02 4.682648674468593147e-03 4.677485669930737799e+01
2.361521619496855351e+02 7.758637847305151040e-03 4.655819650107475383e+01
2.359966403948730260e+02 1.237311917840936207e-02 4.645929862272112132e+01
2.361654068147440455e+02 7.920846270201417280e-03 4.662683703526789003e+01
2.361035914736087875e+02 8.701536501870870549e-03 4.658762339781864625e+01
2.360941709457845832e+02 8.372143937584586651e-03 4.646159193137489041e+01
2.359418020062096844e+02 8.513951914656476064e-03 4.634816893559430184e+01
2.357757189913223499e+02 8.719449088448372534e-03 4.624512827402276827e+01
2.357031501273783931e+02 8.685614202690868785e-03 4.609108699546214183e+01
2.356113307061539786e+02 8.850310484834009866e-03 4.597984834010031108e+01
2.354236575511503986e+02 9.529993631080327376e-03 4.334397042432927094e+01
2.358499502428150549e+02 5.597683305469309568e-03 4.371025595095932204e+01
2.358260961507841671e+02 8.639837592548363712e-03 4.344392514529098293e+01
2.358546060226096586e+02 8.591573123158984665e-03 4.346274032720324954e+01
2.358729694092826890e+02 9.024460632115278297e-03 4.347171353793487469e+01
2.359002398296314027e+02 8.980674309370273445e-03 4.352324755194650407e+01
2.359967498606798699e+02 8.514449486505851553e-03 4.356726972374811169e+01
2.360107888504099947e+02 8.789606719210254007e-03 4.366931922219568207e+01
2.359702646087094990e+02 9.407590956134066415e-03 4.362594289865456432e+01
2.363216463657352051e+02 5.546433404983679323e-03 4.397847305150863662e+01
2.362152460990367047e+02 8.401500676697714470e-03 4.393573013693177387e+01
2.362591115357057561e+02 8.275117426956453068e-03 4.394914815699387134e+01
2.362730559867844988e+02 8.892106520181514498e-03 4.395252020141708726e+01
2.364389315142106511e+02 8.701536501870870549e-03 4.401533665711328780e+01
2.369087005413581721e+02 5.451894753602420582e-03 4.454036402356500446e+01
2.368546935952551564e+02 7.926817132393917942e-03 4.435268340498367934e+01
2.368381164915213617e+02 7.953188440410794563e-03 4.429644982485471161e+01
2.369565574994029191e+02 7.953686012260170052e-03 4.439675334368282478e+01
2.369442371228405477e+02 8.339304195525833879e-03 4.435300234853912826e+01
2.371169119695884149e+02 8.027824217817051966e-03 4.445601116551230092e+01
2.373695555688241257e+02 4.608510468911711233e-03 4.487561201337473449e+01
2.371896261245123867e+02 7.408844837194491183e-03 4.455305857415810777e+01
2.370880358848817764e+02 1.156356977947615647e-02 4.435873487381577718e+01
2.372855505134941438e+02 8.225857813868323043e-03 4.468573760050951194e+01
2.374059439933126328e+02 8.039268370352679535e-03 4.467752069898893552e+01
2.374353052105724089e+02 7.047607674548204623e-03 4.469109097603693925e+01
2.375093682827800308e+02 6.785884881776928224e-03 4.487255990765066826e+01
2.377738481211686974e+02 3.852698829711010287e-03 4.517611107793965175e+01
2.375454332855664461e+02 6.207208820953745605e-03 4.470488317012976864e+01
2.374892698630682162e+02 6.484853912905023769e-03 4.469068694769524797e+01
2.375185848061460092e+02 6.649550195048164851e-03 4.475898565002786711e+01
2.379616899530292073e+02 3.891011862112889099e-03 4.522771773744128865e+01
2.377074078496934817e+02 5.719090836716822154e-03 4.492406058434838201e+01
2.374430026470822384e+02 6.422657431733142311e-03 4.478986396385638358e+01
2.376446212483082547e+02 3.843742536422259295e-03 4.508983460711726821e+01
2.374387916965209797e+02 6.541079531884403699e-03 4.482695943794283977e+01
2.373463707109306711e+02 6.692341374094419593e-03 4.478603116790064576e+01
2.375451636016240684e+02 3.828815380941008074e-03 4.501692739431573642e+01
2.372588662327840154e+02 6.209696680200621315e-03 4.469970693018071728e+01
2.371775197038452347e+02 6.494307778043149383e-03 4.469076904705039510e+01
2.374005433484595073e+02 3.709398137090996143e-03 4.497863426478783566e+01
2.371249004856301212e+02 6.270898017673751795e-03 4.459089443515643580e+01
2.371102380383727279e+02 6.703287954780669938e-03 4.460336358570177850e+01
2.374440863585701891e+02 3.727310723668497694e-03 4.494200899609903388e+01
2.372772072287238245e+02 6.147500199028739856e-03 4.467082238675264705e+01
2.372437370631319027e+02 6.562972693256906125e-03 4.465787805509115316e+01
2.376010195247193622e+02 3.529774699466602973e-03 4.507231559987262415e+01
2.373978410357455573e+02 6.041517395111854413e-03 4.478474295438261521e+01
2.373318729599554047e+02 6.108689594777485556e-03 4.469501781307220512e+01
2.375933569182389817e+02 3.356122124034710465e-03 4.506329561738714773e+01
2.374622293209139343e+02 5.092150306504259621e-03 4.486870770639280437e+01
2.376444446103017185e+02 3.085940609824058562e-03 4.509175573202770693e+01
2.372367412029296929e+02 1.049428787516917469e-02 4.453622173791895733e+01
2.371891380065281396e+02 7.396903112809489859e-03 4.450857714353952588e+01
2.371687146723986928e+02 7.084925563251333325e-03 4.447844120691027570e+01
2.372514210652018107e+02 7.224245681076347028e-03 4.452097961945705151e+01
2.375114834607117302e+02 4.001970384523525527e-03 4.487257135180320233e+01
2.372198799856699338e+02 6.325630921105007860e-03 4.463921562773664675e+01
2.371340169970543741e+02 6.829671204521933076e-03 4.455472792771276147e+01
2.371601619098797755e+02 6.987401480773823385e-03 4.455071600589125325e+01
2.374306962025316352e+02 3.815878512857256641e-03 4.489960393280789930e+01
2.372404177613247214e+02 6.449028739750019799e-03 4.465377458004935818e+01
2.373165989968951521e+02 7.016260648037576583e-03 4.472871188599633996e+01
2.373413467279675046e+02 6.703287954780669938e-03 4.479803210333572139e+01
2.377345076028978497e+02 3.722335005174747143e-03 4.522150505532999176e+01
2.375656252487859206e+02 5.958920468115596128e-03 4.497018300692619874e+01
2.375325198033596052e+02 6.397281267415014933e-03 4.499131090279436052e+01
2.375591389021574855e+02 6.460472892285645634e-03 4.495187037258180140e+01
2.379078909919592490e+02 3.872104131836637004e-03 4.531191734336438515e+01
2.377669592389140973e+02 5.886772549956213567e-03 4.505872541995064040e+01
2.377264389777884048e+02 6.287317888703129048e-03 4.500486028182469767e+01
2.376990864580845368e+02 6.616710452989412079e-03 4.496708263673274075e+01
2.379423757065520135e+02 3.858172120054135894e-03 4.525876572327044300e+01
2.376960244009235055e+02 5.988277207228723947e-03 4.496295975638881970e+01
2.376049229758777130e+02 6.091274580049359059e-03 4.483968931613725317e+01
2.378680872342966381e+02 3.471061221240346901e-03 4.517633100469707585e+01
2.377371357774062517e+02 5.742476713637449312e-03 4.490603952710771551e+01
2.377926155361834333e+02 5.889260409203089276e-03 4.491476942520500160e+01
2.380634100589124955e+02 3.176001114560942674e-03 4.532499154127856400e+01
2.379273241581084335e+02 4.612988615556086296e-03 4.506768320595494259e+01
2.377563977788392720e+02 5.592707586975559017e-03 4.496615018708701683e+01
2.380705969867048850e+02 2.595832338189634457e-03 4.534265932250617226e+01
2.378624427792373126e+02 9.778281983918477721e-03 4.500568177294801586e+01
2.377843682827800365e+02 6.712741819918796420e-03 4.491313589682350482e+01
2.376845827362471084e+02 6.552523684420030400e-03 4.480108221877239316e+01
2.377461885996337969e+02 6.622681315181911874e-03 4.485946381657511495e+01
2.378094175423931347e+02 6.804295040203805697e-03 4.495794472971897449e+01
2.377481659501632123e+02 6.857535228086936163e-03 4.491414994825252904e+01
2.377204307977071949e+02 6.487839344001274100e-03 4.487951844996417350e+01
2.380665452591354097e+02 3.869616272589762162e-03 4.524309768330547143e+01
2.379357007801926613e+02 5.584248865536183513e-03 4.502908108430857226e+01
2.379587284053817484e+02 6.077840140116233004e-03 4.508141370113844459e+01
2.380287681116153067e+02 6.318664915213757088e-03 4.513566246716025887e+01
2.380705432489451425e+02 6.315181912268131269e-03 4.516548791895549897e+01
2.384155735013135882e+02 3.881060425125387996e-03 4.553713627497810990e+01
2.383311902913780784e+02 5.583751293686808025e-03 4.533214363904147604e+01
2.383632483480614610e+02 6.112670169572485997e-03 4.538474345195446347e+01
2.383184285685852899e+02 6.227111694928747811e-03 4.531716473608788931e+01
2.383393365376960560e+02 6.496795637290025092e-03 4.531920279038293131e+01
2.386762827402276912e+02 3.869616272589762162e-03 4.569680260329591448e+01
2.384978743730594601e+02 5.670328795478066751e-03 4.544883767215986126e+01
2.383383418915691436e+02 5.945983600031844694e-03 4.532996875248785784e+01
2.382106579890136118e+02 6.152973489371865029e-03 4.529599753204362855e+01
2.384460686848181012e+02 3.410855027465966097e-03 4.561780262319879142e+01
2.381825227887906919e+02 5.802682907411830550e-03 4.536120083990127938e+01
2.379925558275614890e+02 6.390812833373138782e-03 4.517721668258896273e+01
2.381097140952153381e+02 3.463597643499721507e-03 4.539393509672796512e+01
2.376155476275774276e+02 5.797707188918079999e-03 4.488680787755752277e+01
2.371394201297667337e+02 5.783775177135578455e-03 4.461020669134622807e+01
2.369306573919273831e+02 3.233719449088448203e-03 4.463858868720643613e+01
2.360669308773186970e+02 5.627537616431812877e-03 4.396654476156356850e+01
2.356924826844996517e+02 3.516837831382851540e-03 4.383737411432210962e+01
2.351062410437067172e+02 1.108938380702173369e-02 4.313830258339304180e+01
2.345848758060664068e+02 7.665094339622641542e-03 4.282995581561977616e+01
2.341715936231191790e+02 7.994984475758299194e-03 4.255793428071013551e+01
2.345828516837831330e+02 4.220404426399171696e-03 4.301378074994028822e+01
2.341222867407053627e+02 7.482485470901998476e-03 4.264083223867526584e+01
2.336753079969747660e+02 8.049717379189554392e-03 4.483238346867287305e+01
