2.396976960636262959e+02 2.059800664451827412e-03 4.996677891875566502e+01
2.400650135910601080e+02 1.023859861069163421e-02 5.025889459377831514e+01
2.400975375012584436e+02 8.364542434309875374e-03 5.027357142857142946e+01
2.402145333736031318e+02 7.239504681365146500e-03 5.045609584214235355e+01
2.400969561059095838e+02 8.063525621665157059e-03 5.037420165106211556e+01
2.399639222792711166e+02 8.022752441357092548e-03 5.030026024363233716e+01
2.398301510117789235e+02 7.267190174166918495e-03 5.022105607570723862e+01
2.398546954595791760e+02 7.257626094835397008e-03 5.021182220879895652e+01
2.397755985100171188e+02 7.209302325581395075e-03 5.011226416993859090e+01
2.397706538810027155e+02 7.417195207892882287e-03 5.007342444377328405e+01
2.397321947045202819e+02 7.580287929125138595e-03 4.990260444981375088e+01
2.397754067250578771e+02 7.481123527635155299e-03 4.983174821302728219e+01
2.399121373200443088e+02 7.062820900030202312e-03 4.977725208899627773e+01
2.398570930232557998e+02 7.618544246451222808e-03 4.682272072888351744e+01
2.399733821604751824e+02 7.575254203161179735e-03 4.681365800865800963e+01
2.400421655089097044e+02 7.376925400181214010e-03 4.684987516359609572e+01
2.401492776603241737e+02 7.173059498640894059e-03 4.674334189066747314e+01
2.401892726265982105e+02 7.220376522702104394e-03 4.675720577871740602e+01
2.402899300312091100e+02 7.329105003523608310e-03 4.678072435316621380e+01
2.403807369374811174e+02 6.985804892781636785e-03 4.678535991140642381e+01
2.404679346622369849e+02 7.626598207993556464e-03 4.684268045907580813e+01
2.403953840732910407e+02 7.879794623980669946e-03 4.687841840330212762e+01
2.403455572334642056e+02 7.009463404812242386e-03 4.659496627403603952e+01
2.403286660626195612e+02 6.943521594684385310e-03 4.683387697573743935e+01
2.403190526527735926e+02 8.109835900533575795e-03 4.658484143763213581e+01
2.403707847578777717e+02 8.026276049531863577e-03 4.660580136917346294e+01
2.403809936575052859e+02 7.140340279875163204e-03 4.672445082049733145e+01
2.404082855129366862e+02 7.199738246249874456e-03 4.672379341588644053e+01
2.403850573844759992e+02 8.210510419812746055e-03 4.666962247055270296e+01
2.401764950166112840e+02 7.246551897714688557e-03 4.673326135105205026e+01
2.396499657706634423e+02 1.541125541125541211e-02 4.667889711064129443e+01
2.394346869022450335e+02 5.319641598711366028e-03 4.676749471458774110e+01
2.394871126547870688e+02 3.750125843149099136e-03 4.684383267894895653e+01
2.394895746501560438e+02 3.386690828551293473e-03 4.690305094130675201e+01
2.394689605355884510e+02 3.336856941508104142e-03 4.677910450015101418e+01
2.394824146783449237e+02 3.622772576260948479e-03 4.675593123930332951e+01
2.394787471056075674e+02 4.307862679955702830e-03 4.665761149703010346e+01
2.395081591664149698e+02 4.583710862780630314e-03 4.664323416893184060e+01
2.394183871942011592e+02 4.488573442061814280e-03 4.661350045303533562e+01
2.392773849793617273e+02 4.052652773583006150e-03 4.653502718212020284e+01
2.391661451726567975e+02 4.282190677539514899e-03 4.639912010470150250e+01
2.389648484848484884e+02 4.432195711265478691e-03 4.617395348837209212e+01
2.389471936977751056e+02 4.765931742675928728e-03 4.621509060706735283e+01
2.388373890063425051e+02 4.504177992550085358e-03 4.603119953689721200e+01
2.390450276854928120e+02 4.079331521191986547e-03 4.617248364039061670e+01
2.395476502567200328e+02 4.434712574247458121e-03 4.660163998791905726e+01
2.401006669686902342e+02 3.975636766334440624e-03 4.709297342192691360e+01
2.395970356387798290e+02 4.358703312191684193e-03 4.675730947347226163e+01
2.392234138729487540e+02 3.615221987315010623e-03 4.657671700392630498e+01
2.390367532467532499e+02 4.185039766435115667e-03 4.634179704016913348e+01
2.392112750427866672e+02 4.204167925098157774e-03 4.629264220275847919e+01
2.395545046813651595e+02 4.135709251988322135e-03 4.634853065539112293e+01
2.399641271519178360e+02 3.330816470351354117e-03 4.669050588945938074e+01
2.404416676734118710e+02 3.759186549884224390e-03 4.688042736333434135e+01
2.408835457565690206e+02 3.577972415181717575e-03 4.733625289439243033e+01
2.410052713178294539e+02 2.850599013389710883e-03 4.772245041779925856e+01
2.409358089197623940e+02 3.149098963052451502e-03 4.789629215745495117e+01
2.411143491392328713e+02 3.393234672304439731e-03 4.840620457062317428e+01
2.415585145474680360e+02 2.562166515654887549e-03 4.880383620255713595e+01
2.418368745595489884e+02 3.179804691432598293e-03 4.921609533876975462e+01
2.421540496325380047e+02 6.021846370683580155e-03 4.970411305748515218e+01
2.423005718312695080e+02 3.458673109835900573e-03 4.975559045605557174e+01
2.425704354172958688e+02 3.431490989630524378e-03 5.004547015000503052e+01
2.426177297895902427e+02 3.240712775596496509e-03 5.020014597805295153e+01
2.426834526326386765e+02 3.198932850095640833e-03 5.324466274036041824e+01
2.427502597402597360e+02 3.199939595288432432e-03 5.339999093929326790e+01
2.427254817275747598e+02 2.656800563777307785e-03 5.346358099265076191e+01
2.422168665055874328e+02 3.261351052048726447e-03 5.290744538407329145e+01
2.418905572334642216e+02 5.610590959428168358e-03 5.222162740360414546e+01
2.415167592872244029e+02 4.279673814557535469e-03 5.186102990033222682e+01
2.411138070069465300e+02 4.675828047921071554e-03 4.872425500855733560e+01
2.406857208295580506e+02 4.115070975536092197e-03 4.830464562569213882e+01
2.404824932044699608e+02 4.550488271418504094e-03 4.799891321856438253e+01
2.402162156448202950e+02 4.329507701600725234e-03 4.756450719822812800e+01
2.400034224302828818e+02 4.112050739957716534e-03 5.021650005033725961e+01
2.397806740159065839e+02 6.625390113762207218e-03 4.710687556629417116e+01
2.394682860163092641e+02 6.415483741065136809e-03 4.690357444880700655e+01
2.391250010067451797e+02 5.570321151716500947e-03 4.641543491392328491e+01
2.387580917144870511e+02 6.405919661733615322e-03 4.609776955602536930e+01
2.384012156448202973e+02 6.169837914023960750e-03 4.581623829658713731e+01
2.375172913520588054e+02 6.157253599114064467e-03 4.516580036242827134e+01
2.369092117185140580e+02 6.531762810832578148e-03 4.487131782945736092e+01
2.358824106513641539e+02 6.562468539212724938e-03 4.389479563072586643e+01
2.354195469646632546e+02 6.463304137722742509e-03 4.343678042887345470e+01
2.352577121715493718e+02 6.558944931037953910e-03 4.344766284103493348e+01
2.349081178898620692e+02 6.893687707641196413e-03 4.320088744588744589e+01
2.347411653075606637e+02 6.529749320446994951e-03 4.284784204167925026e+01
2.347734128662035573e+02 7.121212121212121098e-03 4.268458572435316967e+01
2.348833353468237135e+02 6.443672606463304170e-03 4.247845665961945372e+01
2.354113706835799746e+02 3.835195811939997885e-03 4.280851555421322985e+01
2.351342112151414483e+02 1.225963958522098031e-02 4.224911708446592229e+01
2.352798575455552168e+02 6.729588241216148507e-03 4.249527282794724670e+01
2.353301776905265399e+02 6.494009866102889300e-03 4.247629668780831480e+01
2.355269777509312519e+02 5.731903755159569423e-03 4.255489680861774104e+01
2.357507344206181301e+02 5.973522601429578222e-03 4.271762055773683642e+01
2.359028465720326153e+02 6.039967784153830663e-03 4.272484395449511396e+01
2.359979386892177615e+02 5.418806000201349324e-03 4.275393587033121889e+01
2.362327046209604475e+02 6.028390214436725979e-03 4.288719369777509627e+01
2.363031355079029368e+02 6.177388502969898172e-03 4.296013742071881580e+01
2.363638764723648364e+02 5.713278969092922682e-03 4.298327645222993709e+01
2.364863852813852816e+02 5.528037853619248605e-03 4.314429527836504263e+01
2.364904530353367704e+02 6.003724957213329647e-03 4.314941810127856314e+01
2.365397166012282355e+02 5.819993959528843401e-03 4.316310731903755027e+01
2.365433388704318816e+02 5.293466223698781864e-03 4.318335699184536480e+01
2.366660631229235889e+02 5.337763012181616536e-03 4.323645071982281252e+01
2.366033308164703612e+02 5.874358199939594925e-03 4.329176935467633314e+01
2.361424116581093244e+02 5.379542937682472645e-03 4.299925651867512499e+01
2.359984012886338576e+02 6.431088291553407887e-03 4.323517165005537066e+01
2.357081848384173952e+02 6.246350548676130043e-03 4.313982482633645077e+01
2.356431611799053769e+02 6.608275445484747442e-03 4.321437229437229632e+01
2.355320814456860887e+02 6.284103493405818891e-03 4.316164552501761875e+01
2.354404233363535752e+02 6.072183630323165285e-03 4.310317175072989215e+01
2.355145952884325027e+02 6.103896103896103674e-03 4.315984647135810093e+01
2.356056523708849397e+02 6.634954193093727838e-03 4.324772223900130541e+01
2.355857837511325954e+02 6.370683579985905905e-03 4.325047518373099820e+01
2.358968050941306842e+02 6.287123728984193687e-03 4.357973472264169601e+01
2.359193476291150660e+02 6.218161683277962683e-03 4.373497432799758400e+01
2.359528027786167286e+02 6.085774690425853166e-03 4.387453236685794877e+01
2.360690742977952254e+02 6.399879190576864864e-03 4.391308919762408181e+01
2.358771750729890186e+02 6.085774690425853166e-03 4.377085069968791231e+01
2.356789288231148589e+02 1.199838920769153404e-02 4.358693244739756523e+01
2.352521408436524837e+02 7.105104198127453786e-03 4.339154887747911005e+01
2.348267799255008583e+02 7.488170743984697356e-03 4.313539565086076522e+01
2.345400367461995472e+02 7.909493607168026005e-03 4.293618594583711001e+01
2.342820814456860887e+02 8.287526427061311582e-03 4.266819641598711144e+01
2.343245822007449988e+02 7.861673210510419438e-03 4.266012231954092471e+01
2.342698097251585523e+02 8.419410047317023998e-03 4.262203966576059599e+01
2.340739429175475550e+02 7.427766032417195373e-03 4.241673160173159829e+01
2.340186262961844363e+02 7.464512231954092622e-03 4.242941659116078057e+01
2.341741306755260155e+02 7.923084667270713019e-03 4.257666364643108636e+01
2.343189489580187228e+02 7.701097352260142560e-03 4.276705124333031449e+01
2.341546415987113789e+02 7.495217960334239413e-03 4.275196164300815127e+01
2.340254132689016444e+02 7.572737340179200305e-03 4.267368066042484998e+01
2.339410213429980843e+02 7.563173260847679685e-03 4.266191734621967413e+01
2.337524091412463463e+02 7.562166515654888087e-03 4.250287526427061380e+01
2.337677504278667016e+02 7.373401792006442981e-03 4.257681516158260138e+01
2.337674192086982714e+02 7.867713681667170764e-03 4.259861018826135393e+01
2.337290456055572463e+02 7.739353669586227641e-03 4.242743481324876598e+01
2.338983237692540058e+02 7.814859559045605336e-03 4.258903352461491920e+01
2.339524997483136985e+02 6.845867310983589846e-03 4.271343803483338064e+01
2.341229210711768758e+02 7.035135407228430317e-03 4.279933303130977862e+01
2.342052466525722423e+02 6.788482834994462659e-03 4.286371639987918769e+01
2.343108048927816469e+02 6.538810027182120205e-03 4.292099315413268812e+01
2.343438054968287645e+02 7.228430484244438049e-03 4.281053458169737524e+01
2.343548238195912745e+02 7.272727272727272721e-03 4.276376371690324873e+01
2.344933006141145597e+02 7.607973421926910590e-03 4.279492147387496459e+01
2.343492414174972396e+02 7.045202859156347169e-03 4.273391875566294118e+01
2.345195308567401469e+02 7.477599919460384270e-03 4.272614114567603139e+01
2.345951369173462240e+02 7.789187556629417405e-03 4.272519631531259421e+01
2.347684415584415660e+02 7.360817477096546699e-03 4.285972918554313793e+01
2.346951011778918712e+02 1.151565488774791181e-02 4.270168327796234564e+01
2.347072062820899987e+02 7.552602436323366600e-03 4.268437531460786971e+01
2.350289222792711143e+02 7.193697775093123997e-03 4.291662992046713043e+01
2.351071237289841918e+02 6.803584012886338371e-03 4.302561763817578111e+01
2.348342821906775271e+02 7.703614215242121990e-03 4.278443018222088057e+01
2.345167869727171990e+02 7.271720527534481122e-03 4.273588291553407714e+01
2.344028964059196483e+02 8.015201852411155126e-03 4.278425752542031546e+01
2.342316842847075407e+02 8.056478405315615002e-03 4.267057485150508711e+01
2.344507052250075390e+02 7.619047619047619041e-03 4.283435971005738452e+01
2.346930242625591347e+02 7.163998791905768805e-03 4.301684586731098392e+01
2.343778037853619196e+02 7.623577972415181668e-03 4.272281536293164095e+01
2.345993587033121912e+02 7.420718816067653316e-03 4.281648343904157628e+01
2.345882794724655298e+02 7.299406020336253118e-03 4.287013792409140933e+01
2.342831395348837304e+02 7.386992852109130862e-03 4.263530303030302804e+01
2.343662091009765334e+02 7.370381556428068186e-03 4.273444629014396412e+01
2.342153563877982378e+02 7.226416993858853985e-03 4.264288281485956134e+01
2.342801243330312957e+02 7.621564482029598471e-03 4.274220829558039014e+01
2.344085135407228506e+02 7.838518071076210070e-03 4.288082603443068308e+01
2.343273744085371959e+02 7.186650558743581940e-03 4.284714487063324384e+01
2.345073009161381208e+02 7.471559448303634679e-03 4.298269203664552407e+01
2.347199994966273948e+02 6.520688613711869697e-03 4.312507147890868708e+01
2.349096521695358888e+02 7.615524010872848013e-03 4.318192439343602018e+01
2.351584143763213604e+02 6.944528339877176909e-03 4.331588744588744788e+01
2.353313767240511538e+02 7.409644618946944865e-03 4.346970150005033418e+01
2.352281833282995933e+02 6.840833585019631853e-03 4.334694100473170408e+01
2.355914028994261571e+02 7.066847880801369573e-03 4.360645575354877934e+01
2.357640189268096265e+02 6.532769556025369746e-03 4.380657807308970320e+01
2.359201077217356328e+02 7.074901842343703229e-03 4.382446088794925743e+01
2.360175304540420882e+02 6.957616027383469424e-03 4.385799758381153879e+01
2.356939509715091106e+02 6.174368267391523377e-03 4.376013440048323844e+01
2.355054741769858140e+02 1.120608074096446187e-02 4.358685341789993117e+01
2.354287677438840092e+02 7.792711164804188434e-03 4.351475787778113613e+01
2.350904107520386503e+02 7.692540018121413539e-03 4.329921977247558829e+01
2.351012528943924167e+02 7.326588140541628880e-03 4.328362478606664610e+01
2.351803533675626738e+02 7.740863787375415472e-03 4.335113359508708442e+01
2.351871695358904617e+02 7.033625289439243353e-03 4.328350296989832202e+01
2.350940048323769247e+02 7.301419510721836315e-03 4.321358199939595579e+01
2.348911013792409221e+02 6.497533474277660329e-03 4.309741971207087374e+01
2.348496320346320374e+02 6.936977750931239486e-03 4.305912161481928990e+01
2.349023250780227556e+02 6.646531762810832522e-03 4.311148041880600346e+01
2.350081707439846923e+02 6.988825128360012448e-03 4.325392127252592189e+01
2.349600065438437468e+02 7.730796335447498620e-03 4.305991190979563044e+01
2.348290229537903997e+02 7.531964159871136662e-03 4.300692892378938836e+01
2.348926935467633257e+02 7.304943118896607343e-03 4.310112604449813745e+01
2.348925027685492921e+02 7.497231450719822610e-03 4.310498439544951310e+01
2.346759075807912893e+02 7.727776099869122957e-03 4.293140541628913809e+01
2.349625611597704733e+02 7.545051847377429177e-03 4.317860263767240525e+01
2.353336580086580057e+02 7.342696063626296191e-03 4.342875314607872639e+01
2.351600614114567520e+02 7.245545152521896959e-03 4.340778717406624310e+01
2.350565805899526879e+02 7.238497936172354902e-03 4.327711215141447809e+01
2.347345822007449954e+02 7.361824222289338297e-03 4.305942061814155153e+01
2.348647830464109632e+02 7.463505486761301023e-03 4.318800261753749936e+01
2.350388885533071459e+02 7.341185945837108359e-03 4.329990536595187933e+01
2.351969077821403289e+02 7.024061210107721866e-03 4.342382412161482108e+01
2.351801580589952607e+02 6.400382563173261097e-03 4.344577771066143157e+01
2.351024645122319612e+02 7.091009765428369672e-03 4.352310480217457211e+01
2.349822133293063473e+02 6.934964260545656289e-03 4.353113711869525559e+01
2.349637420718815974e+02 7.225913621262458619e-03 4.348355079029497716e+01
2.350919973824624947e+02 7.094030001006745335e-03 4.351673713883015893e+01
2.351490445988120541e+02 7.396556931440652349e-03 4.352430685593476056e+01
2.350584712574247419e+02 1.044498137521393359e-02 4.349517718715392789e+01
2.349593969596295153e+02 7.152421222188664121e-03 4.345866203563878116e+01
2.349367764018926721e+02 7.016007248565388210e-03 4.335771871539313338e+01
2.349475208899627603e+02 6.973220577871740503e-03 4.336235628712373114e+01
2.351486872042686116e+02 7.159971811134601544e-03 4.335978959025470658e+01
2.352172485653881040e+02 6.592167522400080130e-03 4.339972113158159317e+01
2.350561904761904657e+02 6.913822611497030118e-03 4.322417195207892604e+01
2.349878239202657824e+02 6.559951676230746376e-03 4.322313248766737104e+01
2.350519359710057472e+02 6.975234068257323700e-03 4.325364341085271036e+01
2.349955572334642113e+02 7.468539212725259016e-03 4.327664653176280751e+01
2.352024468941910698e+02 7.168529145273331432e-03 4.341178747608979904e+01
2.354025425349844056e+02 7.180610087586831482e-03 4.355465972012483888e+01
2.353940843652471528e+02 7.506292157454947864e-03 4.343521594684385434e+01
2.352416294170945434e+02 6.519178495922681865e-03 4.341001963153126297e+01
2.351394795127353348e+02 6.757273734017919635e-03 4.326161582603442923e+01
2.351194352159468508e+02 6.720527534481023253e-03 4.311740763112856456e+01
2.353115584415584465e+02 7.152924594785059487e-03 4.315577670391623855e+01
2.352642982986006359e+02 6.909292258129467491e-03 4.316088744588744675e+01
2.354871660122823016e+02 7.090506392831974307e-03 4.324381959126144892e+01
2.354185004530353353e+02 6.202557132789690737e-03 4.322323416893184600e+01
2.351667300916138004e+02 6.985301520185241420e-03 4.307219470452028531e+01
2.347685185744488194e+02 6.523205476693849127e-03 4.285653629316419710e+01
2.346591487969394905e+02 7.481626900231551532e-03 4.278828400281888378e+01
2.346881480922178582e+02 7.069364743783348136e-03 4.287626648545253261e+01
2.343673472264169959e+02 7.624081345011577901e-03 4.267137018020738992e+01
2.341128657001912927e+02 7.881808114366253143e-03 4.253769606362629929e+01
2.339548610691633996e+02 8.009161381254403800e-03 4.234766485452531981e+01
2.339649889258028850e+02 8.267391523205476142e-03 4.234307208295580693e+01
2.340575621665156518e+02 8.177287828450618967e-03 4.239077670391623798e+01
2.340916883116883014e+02 8.027786167321051408e-03 4.240741165810933211e+01
2.342090063424947175e+02 1.172807812342696078e-02 4.240970905063928598e+01
2.341011864492097061e+02 8.521594684385382090e-03 4.232807057283801555e+01
2.339020326185442400e+02 7.858652974932045510e-03 4.224730192288331665e+01
2.336178123426960553e+02 8.133494412564180528e-03 4.214429779522802733e+01
2.334774282694050100e+02 8.380650357394542685e-03 4.217233212523910169e+01
2.337032658814054287e+02 8.095741467834491681e-03 4.221757374408537089e+01
2.339584979361723640e+02 8.015201852411155126e-03 4.234789086882110354e+01
2.339164074297795253e+02 7.500755058894593638e-03 4.231851555421322786e+01
2.341730046310278794e+02 7.721232256115977133e-03 4.237542484647136121e+01
2.343018015705225139e+02 7.639182522903452746e-03 4.247161330917144539e+01
2.342482150407731751e+02 7.289338568408336265e-03 4.244334038054968516e+01
2.342702808819087750e+02 6.143662539011376586e-03 4.246895801872545917e+01
2.345421267492197615e+02 6.626396858954998817e-03 4.265953136011275859e+01
2.342667980469143174e+02 6.658612705124333439e-03 4.257613258834189196e+01
2.342029663747105701e+02 6.426054565589449027e-03 4.264812493707842833e+01
2.343568634853518518e+02 7.516862981979260949e-03 4.283623527635155881e+01
2.342388729487566650e+02 7.325078022752441048e-03 4.268341034934058342e+01
2.341876361622873333e+02 7.023054464914930267e-03 4.275850095640793569e+01
2.343882442363837697e+02 7.213832678948957702e-03 4.285482029598308884e+01
2.343257852612503882e+02 7.221383267894895992e-03 4.280868670089600414e+01
2.343020683579985928e+02 6.959126145172656389e-03 4.264892630625188730e+01
2.342913258834189207e+02 7.354777005939796240e-03 4.257183126950568663e+01
2.341943637370381452e+02 7.399577167019027145e-03 4.254311436625390286e+01
2.341355758582502631e+02 7.154938085170643551e-03 4.250277005939796737e+01
2.344780861773884908e+02 7.671901741669183601e-03 4.261731098359005188e+01
2.344731737642202631e+02 6.949058693244739536e-03 4.264096194503171233e+01
2.344211995368972055e+02 7.397060304037048582e-03 4.250247004933051187e+01
2.344858592570220424e+02 8.017215342796738323e-03 4.249563273935366681e+01
2.344744739756367551e+02 7.709151313802476216e-03 4.252931138628812846e+01
2.345314643108829102e+02 8.315211919863082710e-03 4.247155491795026450e+01
2.346547624081345020e+02 1.079734219269102950e-02 4.251815513943420655e+01
2.345449944629014283e+02 6.698379140239605484e-03 4.238055471660123175e+01
2.347233967582804723e+02 6.101882613510520477e-03 4.249867915030705490e+01
2.345958975133393665e+02 6.751736635457565409e-03 4.231057384475989380e+01
2.346143692741367204e+02 6.444679351656095768e-03 4.237492298399275370e+01
2.347984455854223427e+02 6.785462599416087863e-03 4.243284204167925111e+01
2.351211980267794104e+02 6.169837914023960750e-03 4.260047317024061186e+01
2.356222007449914315e+02 6.222188664049129077e-03 4.283780932246048678e+01
2.357305194805194901e+02 5.950367461995368853e-03 4.282142655793818875e+01
2.354496622369878196e+02 6.272022551092318841e-03 4.273975586429074980e+01
2.352094024967280745e+02 5.838618745595490142e-03 4.284817628108325493e+01
2.349161814154837487e+02 6.382764522299405954e-03 4.273219671801066966e+01
2.347127403604147844e+02 6.014799154334038098e-03 4.265092821906775100e+01
2.348022254102486670e+02 7.145374005839122064e-03 4.268330262760495231e+01
2.347958053961542362e+02 6.790496325380046723e-03 4.278675475687103358e+01
2.347413228631833420e+02 7.026578073089701296e-03 4.275948655995167513e+01
2.349379824826336574e+02 7.131279573140037950e-03 4.288018926809624531e+01
2.346953312191684233e+02 7.060304037048222882e-03 4.250372747407631380e+01
2.343242816873049321e+02 7.287828450619148433e-03 4.224508708345917540e+01
2.339614562569213660e+02 7.304943118896607343e-03 4.202152068861371248e+01
2.338778823114869567e+02 7.564180006040471284e-03 4.201199486559951879e+01
2.341667738850296985e+02 7.374408537199234580e-03 4.216602688009664490e+01
2.344029628511023873e+02 6.782945736434108433e-03 4.229336252894392345e+01
2.346174257525420330e+02 7.426255914628007541e-03 4.238534682371891904e+01
2.348062352763515435e+02 6.644518272425249325e-03 4.251045353870934917e+01
2.349016440148998299e+02 6.980267794221282560e-03 4.249857344206181153e+01
2.351304152823920219e+02 6.550890969495620254e-03 4.258175123326286382e+01
2.353173321252390906e+02 7.276754253498439115e-03 4.279486157253599288e+01
2.353722581294674399e+02 6.649551998389207318e-03 4.282350347327091811e+01
2.354254097452934786e+02 5.733917245545152620e-03 4.283898469747307303e+01
2.356877640189267993e+02 8.253297090506392028e-03 4.280946139132185380e+01
2.358941024866606142e+02 5.900533574952179956e-03 4.307496828752642415e+01
2.360918946944528329e+02 5.472666868015705482e-03 4.317636464310882616e+01
2.362454686398872354e+02 6.521695358904661295e-03 4.309330917144870909e+01
2.363025601530252686e+02 6.409443269908386351e-03 4.313143561864492170e+01
2.362879135205879493e+02 5.759589247961340551e-03 4.308907127755964694e+01
2.360837763012181654e+02 6.237793214537400155e-03 4.310218564381354867e+01
2.357290108728480789e+02 6.623376623376623154e-03 4.314611547367361055e+01
2.355888608678143612e+02 6.363636363636363848e-03 4.305792962851102601e+01
2.356805849189570097e+02 6.894191080237591779e-03 4.328513943420919929e+01
2.357235648847276650e+02 6.235276351555421592e-03 4.337054565589449595e+01
2.359466822712171563e+02 6.558441558441558544e-03 4.353289791603744874e+01
2.360173019228833198e+02 6.366153226618343278e-03 4.350466324373301319e+01
2.360831329910399745e+02 6.220678546259941245e-03 4.344047719722138368e+01
2.360060439947649229e+02 6.084767945233061567e-03 4.332966827745897831e+01
2.359779099969797755e+02 6.065639786570019461e-03 4.326934662236988061e+01
2.360249748313701730e+02 6.045001510117789523e-03 4.336218614718615072e+01
2.360870497332125240e+02 6.053055471660123178e-03 4.342804842444377300e+01
2.359969042585321688e+02 6.498540219470451927e-03 4.339125037752944536e+01
2.359773980670492222e+02 5.809926507600926548e-03 4.330398016711970399e+01
2.360433177287828528e+02 6.358602637672404988e-03 4.341820144971308082e+01
2.360211758783851792e+02 5.859257022047720080e-03 4.334432095036746091e+01
2.362000412765528949e+02 5.509413067552602732e-03 4.348855230041276343e+01
2.362966747206282037e+02 6.256921373200443129e-03 4.335393033323266110e+01
2.365120658411356089e+02 5.562267190174167292e-03 4.343928219067753815e+01
2.367737083459176404e+02 5.809423135004530316e-03 4.355559498640894134e+01
2.369736630423839756e+02 5.584415584415584194e-03 4.364254454847478115e+01
2.370496385784757933e+02 5.044800161079231009e-03 4.367712272223899816e+01
2.371587184133695700e+02 5.462599416087787763e-03 4.380484949159367858e+01
2.374093395751535240e+02 5.019128158663042211e-03 4.390962750427866723e+01
2.375810218463706747e+02 7.407127755964965435e-03 4.391755461592671139e+01
2.375015740461089422e+02 5.312594382361823971e-03 4.396466274036041710e+01
2.374889217758985183e+02 5.329709050639282880e-03 4.405006141145675969e+01
2.370536288130474247e+02 5.492801771871539188e-03 4.403399325480720705e+01
2.370004172958824142e+02 5.830564784053156487e-03 4.406646582100070475e+01
2.368755376019329617e+02 5.619651666163294479e-03 4.407417849592268055e+01
2.369505798852310363e+02 5.530051344004832670e-03 4.405548072082955713e+01
2.371405355884425603e+02 5.665961945031712348e-03 4.429974831370180510e+01
2.373500332225913496e+02 5.392630625188764293e-03 4.438838216047518159e+01
2.376161607772072841e+02 5.410248666062619435e-03 4.446277912010469890e+01
2.377620718816067722e+02 5.017618040873855247e-03 4.447329910399677999e+01
2.376880902043692743e+02 5.228027786167321021e-03 4.438442766535789730e+01
2.376189831873552691e+02 5.160575858250276982e-03 4.436062820900030346e+01
2.376248766737138851e+02 5.251182925601530389e-03 4.435150911104399540e+01
2.376783031309775538e+02 4.880700694654183103e-03 4.445130222490687544e+01
2.376149275143461068e+02 5.043793415886439410e-03 4.428521443672606495e+01
2.377279890264773883e+02 5.212423235679049943e-03 4.439464763918252288e+01
2.377981002718211982e+02 5.147991543340380699e-03 4.437676935467633399e+01
2.378810278868418493e+02 4.988422430282895420e-03 4.439113762206785196e+01
2.380044488070069519e+02 5.193295077016006969e-03 4.447534380348334082e+01
2.380694991442665867e+02 5.012080942313500154e-03 4.449074348132487700e+01
2.382057545555219917e+02 4.756871035940803474e-03 4.458712775596496414e+01
2.382872812846068769e+02 5.143964562569213438e-03 4.465131833282995899e+01
2.384172994060203337e+02 4.676834793113863152e-03 4.471033675626699022e+01
2.385250825531058183e+02 4.730192288331823078e-03 4.467342444377327837e+01
2.387068609684888827e+02 4.821806100875868084e-03 4.505583912211819353e+01
2.387023351454746773e+02 4.758381153729991306e-03 4.492668629819792869e+01
2.388384516258934980e+02 4.824322963857847514e-03 4.507988321755763650e+01
2.388684068257323929e+02 4.885231048021745730e-03 4.504677388502970103e+01
2.388079512735326659e+02 5.935266284103493141e-03 4.486531964159870967e+01
2.388829195610590830e+02 6.420014094432699436e-03 4.492908688211014123e+01
2.385973336353569039e+02 4.704520285915635147e-03 4.486826084767945133e+01
2.385747921071177018e+02 4.693446088794925829e-03 4.500336554917950593e+01
2.385575324675324680e+02 4.827343199436222310e-03 4.506964965267290779e+01
2.384377635155542237e+02 4.909392932648746696e-03 4.502057837511325999e+01
2.383705134400483132e+02 4.905365951877579435e-03 4.496342796738145609e+01
2.383504857545555353e+02 4.895801872546058815e-03 4.498430433907178383e+01
2.383341120507399467e+02 4.758381153729991306e-03 4.488235326688815263e+01
2.383018151615825957e+02 4.437229437229437551e-03 4.487175375012584055e+01
2.383060540622168446e+02 4.779019430182221244e-03 4.485619601328903627e+01
2.383031264471962061e+02 4.653176281083257551e-03 4.482375666968690098e+01
2.383329120104701531e+02 5.071982281284606771e-03 4.487775848182825200e+01
2.384301776905265342e+02 4.883217557636162533e-03 4.487658260344306882e+01
2.384460636262961941e+02 4.371790999697976708e-03 4.488514144769958847e+01
2.384516681767844659e+02 4.641095338769757501e-03 4.485744387395550348e+01
2.384730645323668625e+02 4.860565790798348530e-03 4.487803483338367272e+01
2.384382200744991565e+02 4.892278264371287787e-03 4.476206382764522118e+01
2.384146436122017576e+02 4.574146783449108827e-03 4.475550337259639377e+01
2.383751988321755846e+02 4.613409845967985506e-03 4.462019228833182183e+01
2.383186882110137788e+02 4.716601228229135197e-03 4.450501258431491181e+01
2.382652094030001138e+02 4.281687304943118666e-03 4.449214789086882149e+01
2.381427056277056238e+02 4.602335648847277055e-03 4.437642152421221908e+01
2.380524927010973499e+02 4.583710862780630314e-03 4.435093828651967840e+01
2.379864240410751961e+02 5.572334642102084144e-03 4.418733212523910225e+01
2.379218972113158088e+02 5.419812745394140922e-03 4.412309523809523881e+01
2.378555597503271883e+02 4.857042182623578369e-03 4.407250528541226231e+01
2.378824891774891910e+02 4.982381959126144962e-03 4.410287979462398056e+01
2.378544915936776363e+02 5.088090204369274082e-03 4.409941457767039452e+01
2.376498515050840581e+02 5.952380952380952051e-03 4.402872999093928996e+01
2.371869661733615260e+02 5.131380247659317155e-03 4.400085724353166228e+01
2.360806277056277054e+02 1.702053760193295018e-02 4.318526477398570762e+01
2.357566545857243625e+02 9.266082754454847692e-03 4.318536293164200401e+01
2.350667995570321125e+02 1.038155642806805681e-02 4.282766535789791362e+01
2.350293808517064349e+02 7.426759287224403774e-03 4.293665357897916124e+01
2.349299627504278760e+02 7.414174972314507492e-03 4.269757374408537487e+01
2.351865086076713851e+02 7.217859659720124964e-03 4.285015503875968790e+01
2.352224700493305249e+02 7.102587335145474357e-03 4.282917497231450454e+01
2.353864668277458918e+02 7.056277056277056488e-03 4.287672153427967459e+01
2.355667456961643040e+02 7.024564582704117231e-03 4.290435769656699705e+01
2.358718987214336096e+02 6.674217255612604517e-03 4.301056176381757723e+01
2.358489791603745118e+02 6.775395147488171010e-03 4.293407530454042131e+01
2.360277151917849494e+02 6.644014899828853092e-03 4.301667119702003106e+01
2.360932804792107049e+02 6.579079834893788482e-03 4.310582251082251304e+01
2.365783081647035146e+02 6.257928118393234727e-03 4.337502617537501237e+01
2.370129049632537885e+02 5.907077418705325780e-03 4.365290496325380332e+01
2.373210877881808187e+02 5.684586731098359089e-03 4.381676482432296638e+01
2.374517809322460380e+02 5.466626396858955024e-03 4.385642404107520065e+01
2.374298937883821736e+02 5.711768851303734851e-03 4.373525369978858635e+01
2.373790536595187746e+02 5.825027685492801394e-03 4.367406825732407327e+01
2.374560787274740790e+02 5.510419812745394330e-03 4.374535689117084303e+01
2.373345056881103403e+02 5.887949260042283674e-03 4.352631279573139977e+01
2.373390375515956805e+02 5.742977952280277874e-03 4.348278667069364900e+01
2.373563238699285307e+02 5.412262156448202632e-03 4.355299355683076357e+01
2.372502974932044708e+02 5.957414678344910910e-03 4.363283449109030698e+01
2.374805537098560251e+02 5.806402899426155520e-03 4.366330413772273999e+01
2.374200206382764406e+02 5.798852310480217230e-03 4.367536746199537134e+01
2.371209085875364906e+02 1.022349743279975763e-02 4.335888301620859409e+01
2.371582407127756085e+02 5.717809322460485309e-03 4.089116530756065515e+01
2.371758396254907950e+02 5.735930735930735817e-03 4.363225762609483382e+01
2.368105813953488337e+02 1.151917849592268110e-02 4.328953236685794792e+01
2.369147850599013339e+02 1.295882412161481964e-02 4.353102587335145301e+01
2.370966198530151985e+02 6.525218967079432324e-03 4.377631581596698140e+01
2.370779910399677703e+02 5.858753649451323847e-03 4.363339625490788620e+01
2.371563666565992037e+02 5.908587536494513612e-03 4.372458975133393722e+01
2.372397347226416855e+02 5.859760394644115446e-03 4.355495066948555660e+01
2.377423854827343064e+02 5.648343904157858072e-03 4.385383016208597695e+01
2.377315030705728418e+02 9.372294372294372178e-03 4.370381757777106912e+01
2.378111738648947835e+02 9.942615524010873021e-03 4.370324473975636437e+01
2.380040768146582195e+02 4.993959528843249646e-03 4.119538659015402970e+01
2.379834340078526225e+02 5.122319540924191901e-03 4.112703211517165158e+01
2.374757575757575694e+02 8.854323970603039662e-03 4.058452632638679347e+01
2.375332422228933922e+02 9.040068458673109972e-03 4.062297543541729539e+01
2.377205089096949564e+02 5.052854122621564664e-03 4.106150558743581769e+01
2.373957293868921852e+02 8.520587939192589624e-03 4.043760394644115763e+01
2.372904847478103250e+02 9.852008456659618746e-03 4.034326437128762421e+01
2.375427594885734379e+02 5.590959428168730885e-03 4.061361421524212290e+01
2.371735125339776573e+02 8.790899023457162884e-03 4.044481425551192899e+01
2.370393652471559562e+02 9.197120708748614953e-03 4.020331571529246162e+01
2.373679105003523659e+02 5.169133192389006003e-03 4.054812393033323303e+01
2.373048479814758878e+02 4.906372697070371901e-03 4.073591412463505179e+01
2.372346592167522488e+02 4.904359206684787836e-03 4.073417597905969956e+01
2.372125631732608610e+02 5.253196415987113586e-03 4.060166616329406963e+01
2.368734637068357927e+02 9.162387999597301769e-03 4.025411809121111162e+01
2.366296305245142548e+02 9.139736232759487766e-03 4.013874962247055578e+01
2.369615237088492847e+02 5.697171046008255371e-03 4.062494462901439363e+01
2.369412574247457997e+02 5.186247860666464912e-03 4.062219973824625185e+01
2.367855189771468929e+02 5.266284103493406102e-03 4.061903151112453259e+01
2.365391125541125632e+02 8.449612403100775423e-03 4.036271468841236043e+01
2.365518091211114609e+02 5.307560656397865978e-03 4.045581395348837361e+01
2.362052964864592752e+02 1.002768549280177134e-02 3.995847880801369456e+01
2.362155818987214388e+02 1.237742877277761035e-02 4.027886590154032120e+01
2.365949340581898639e+02 5.864794120608074306e-03 4.069273985704218433e+01
2.365943843753146041e+02 4.960736937481123425e-03 4.056438940904057233e+01
2.368370260747005034e+02 5.146984798147589101e-03 4.063959528843249558e+01
2.367576502567200123e+02 5.189268096244840575e-03 4.060486257928118192e+01
2.366799536897211453e+02 4.989932548072083252e-03 4.054107520386590124e+01
2.366890456055572258e+02 4.998489882210812273e-03 4.055008658008657818e+01
2.367215312594382226e+02 5.248162690023154726e-03 4.061714789086882149e+01
2.364302854122621511e+02 8.719923487365348683e-03 4.012132739353669564e+01
2.362455849189570074e+02 9.755360918151616614e-03 4.004560304037048013e+01
2.364962070874861695e+02 5.427866706936474578e-03 4.038989882210812254e+01
2.364416918352964956e+02 5.283902144367260377e-03 4.033482986006242044e+01
2.363633514547468053e+02 5.448001610792308283e-03 4.029300815463606256e+01
2.363125888452632637e+02 5.130876875062921789e-03 4.020832829960736632e+01
2.359320205376019430e+02 9.546964663243732302e-03 3.974483892076915481e+01
2.359383927312997002e+02 9.857545555219972971e-03 3.978634400483237954e+01
2.359662634652169402e+02 5.799859055673008829e-03 3.990329155340783274e+01
2.358252798751636021e+02 5.763112856136111579e-03 3.989100422832981252e+01
2.356747573744085287e+02 5.763616228732507812e-03 4.002071529245947801e+01
2.353183620255713322e+02 6.013289036544850266e-03 4.003563374609885983e+01
2.349801701399375702e+02 6.158260344306856066e-03 3.992833887043189378e+01
2.345937556629417031e+02 6.762307459981878495e-03 3.983306704922983954e+01
2.344816898218060999e+02 6.685291452733312968e-03 3.986254756871036165e+01
2.344527353266888099e+02 6.619853015201852126e-03 3.992068055975033047e+01
2.346352033625289550e+02 6.482432296385784616e-03 4.266728027786167132e+01
2.347389117084465795e+02 6.995368972113158272e-03 4.267369072787677453e+01
2.345270215443471216e+02 1.132386992852109191e-02 4.246461340984596688e+01
2.342282220879895362e+02 1.140491291654082383e-02 3.962369777509312740e+01
2.347632784657203331e+02 7.323567904963254084e-03 4.267492046712976617e+01
2.347818378133494548e+02 6.850901036947548706e-03 4.270265126346521356e+01
2.348334189066747228e+02 1.429276150206382733e-02 4.258792409141246083e+01
2.353863862881304669e+02 6.723547770059398049e-03 4.299174015906574198e+01
2.354125672002416252e+02 6.549380851706433290e-03 4.290166012282291064e+01
2.353553211517165096e+02 6.412966878083157379e-03 4.031281435618645048e+01
2.353806171348031739e+02 5.982583308164703476e-03 4.009302224906875978e+01
2.354815871337964381e+02 6.220175173663545880e-03 4.012487717708648205e+01
2.355370280881908798e+02 6.069666767341185855e-03 4.009002315513943415e+01
2.355589695962951851e+02 5.995167623074599758e-03 4.009984143763213638e+01
2.354985633746098870e+02 6.243833685694150613e-03 3.994109433202456216e+01
2.357086776401892791e+02 5.913117889862076239e-03 4.016027937179099894e+01
2.357727972415181625e+02 5.970502365851203426e-03 4.024831521191986639e+01
2.358664190073492364e+02 6.021342998087183922e-03 4.024272022551092221e+01
2.356834415584415581e+02 5.765126346521695644e-03 4.012337309976845034e+01
2.353015705225007537e+02 6.329910399677841394e-03 3.989936373703815775e+01
2.349395092117185015e+02 6.750729890264773811e-03 4.001573190375516020e+01
2.349571071176885084e+02 6.786469344608879462e-03 4.015079281183932380e+01
2.352030373502466603e+02 6.986308265378033018e-03 4.286735830061411434e+01
2.352262126245847185e+02 7.017013993758179809e-03 4.289572032618544029e+01
2.352998001610792187e+02 6.795026678747609350e-03 4.292413520587939502e+01
2.354871831269505549e+02 6.946038457666364740e-03 4.294505486761300972e+01
2.356835377026074809e+02 6.761300714789086896e-03 4.310652370884928786e+01
2.353644870633242761e+02 7.061310782241014480e-03 4.289263364542433976e+01
2.352863580992650725e+02 6.601228229135206252e-03 4.276714134702506698e+01
2.351722913520588065e+02 6.767844558542232720e-03 3.999681365146481227e+01
2.354398026779422253e+02 6.540823517567703402e-03 4.009029698983187018e+01
2.353302582301419648e+02 1.032115171650055396e-02 3.983564633041377334e+01
2.358183282996073729e+02 6.458270411758783650e-03 4.017687254605858982e+01
2.354535231048021728e+02 1.078576462297392569e-02 3.967134249471458673e+01
2.358814789086882229e+02 6.436625390113762113e-03 3.999522702104097505e+01
2.357201802073895180e+02 1.165861270512433268e-02 3.976978657001912865e+01
2.358173562871237152e+02 1.175526024363233654e-02 3.977272727272727337e+01
2.361052501761804194e+02 6.417497231450720006e-03 4.003277861673210225e+01
2.361902813852813949e+02 5.881908788885533215e-03 4.008176834793113841e+01
2.362979281183932301e+02 6.055572334642101741e-03 4.011451726568005682e+01
2.362705089096949678e+02 5.727373401792006796e-03 4.011166062619550843e+01
2.360048434511225253e+02 3.857344206181415654e-03 3.987430685593476198e+01
2.360166384778012798e+02 4.562569213732004143e-03 4.010006342494714460e+01
2.361035895499848891e+02 5.153025269304338692e-03 4.019333282996073820e+01
2.362469717104600875e+02 5.459579180509412967e-03 4.298454948152622279e+01
2.356531959126145068e+02 6.024866606261954950e-03 4.002532517869727258e+01
2.355779663747105701e+02 6.103896103896103674e-03 4.286510017114668614e+01
2.351789852008456592e+02 5.760595993154133017e-03 4.009633142051746546e+01
2.352100498338870409e+02 6.287627101580589919e-03 4.278113208496929332e+01
2.352454565589449373e+02 6.262458471760797354e-03 4.283423940400684415e+01
2.351119334541427577e+02 6.286620356387798321e-03 4.264539162387999482e+01
2.352585981073190453e+02 6.367159971811134876e-03 4.276589298298600283e+01
2.351404218262357801e+02 5.966475385080036165e-03 4.260198228128460585e+01
2.353709554011879561e+02 6.083761200040269969e-03 4.278861371186952312e+01
2.354041920869827891e+02 6.449209705023658395e-03 4.271712473572938507e+01
2.353930494311889561e+02 5.635759589247960923e-03 4.268885130373502790e+01
2.354484173965569198e+02 5.997684486056579188e-03 4.265453438034833056e+01
2.354897186147186119e+02 5.689620457062317949e-03 4.264053508506997048e+01
2.355436288130474054e+02 5.971005738447598792e-03 4.267646280076512966e+01
2.356392343702808887e+02 5.627705627705628134e-03 4.267444830363434960e+01
2.356492988019732309e+02 5.550186247860666375e-03 4.270260998691231435e+01
2.357122128259337615e+02 5.408738548273431604e-03 4.267701500050337415e+01
2.357529985905567287e+02 5.508406322359811133e-03 3.983273079633544711e+01
2.361296546863988794e+02 5.691130574851504913e-03 4.278551293667572963e+01
2.360189348635860256e+02 4.832880297996577403e-03 4.002797543541729652e+01
2.361166978757676418e+02 4.979865096144165532e-03 3.999423336353569169e+01
2.362583992751434607e+02 7.268700291956106327e-03 3.997467029094936208e+01
2.361810434913923302e+02 5.408738548273431604e-03 3.985377076411960218e+01
2.362566757273733913e+02 5.177690526527735891e-03 4.006209403000100622e+01
2.362143405818987105e+02 5.125843149098962929e-03 4.012002969898318838e+01
2.358187174066243870e+02 4.908889560052350463e-03 3.991209100976542601e+01
2.353335170643310050e+02 5.634249471458773958e-03 3.985441709453337467e+01
2.351440486257928058e+02 6.110943320245645731e-03 4.000718564381354980e+01
2.351282402094030033e+02 6.193496426054565483e-03 4.274881204067250451e+01
2.351915171650055356e+02 5.898520084566595892e-03 4.294774589751333593e+01
2.351636318332830058e+02 6.607772072888352076e-03 4.288142706131078086e+01
2.351275299506694978e+02 5.727373401792006796e-03 4.276450568811034003e+01
2.350182376925400263e+02 6.335950870834591853e-03 4.254711718514044350e+01
2.350032603443068524e+02 5.886439142253095842e-03 4.257697825430383887e+01
2.351545394140742928e+02 6.121010772173562584e-03 4.256118191885633451e+01
2.349905053860867952e+02 6.019329507701600725e-03 4.251953991744689176e+01
2.352015503875969102e+02 5.618141548374106647e-03 4.259214738749622597e+01
2.354378606664653262e+02 6.095842142353770018e-03 4.260970401691331944e+01
2.353922888351958136e+02 5.855733413872949052e-03 4.252244890768146490e+01
2.354799843954495202e+02 5.495318634853518618e-03 4.248863837712674751e+01
2.355529417094533358e+02 5.832074901842343451e-03 4.254152924594784935e+01
2.354538387194201050e+02 5.902043692741366920e-03 3.972981979261049190e+01
2.356567139836907359e+02 5.543139031511124318e-03 4.243520990637269819e+01
2.357818141548374058e+02 5.570824524312896313e-03 4.254146783449108682e+01
2.356378516057585841e+02 5.580388603644417800e-03 3.978736736132084673e+01
2.358076306251887786e+02 5.273331319842948159e-03 4.238422983992751369e+01
2.354202839021443765e+02 5.440451021846370860e-03 3.970826135105205168e+01
2.354455637773079673e+02 5.150005033725963896e-03 3.958042736333433709e+01
2.354962121212121247e+02 5.525017618040873810e-03 3.953093073593073825e+01
2.352473296083761340e+02 4.985905567300915990e-03 3.926119248968085884e+01
2.354540657404610897e+02 7.287828450619148433e-03 3.908017467029095116e+01
2.347943264874660088e+02 1.470703714889761392e-02 3.884216500553709750e+01
2.343054258532165477e+02 9.557535487768045387e-03 3.913399124131682072e+01
2.343322898419409910e+02 6.821705426356588879e-03 3.929215091110440028e+01
2.343754459881204184e+02 6.768851303735024319e-03 3.939173915232054668e+01
2.343950830564783985e+02 6.431591664149803253e-03 3.937734017920064389e+01
2.343602461491996394e+02 6.325883418906675000e-03 3.930345162589348718e+01
2.343981757777106623e+02 6.659619450317125038e-03 3.923816168327796561e+01
2.342175692137319913e+02 6.891674217255612349e-03 3.918268951978254222e+01
2.342559619450317143e+02 6.597201248364038990e-03 3.928538105305547390e+01
2.342073774287727872e+02 6.942011476895197479e-03 3.910014698479815110e+01
2.340656951575556093e+02 6.846370683579986079e-03 3.905174166918352796e+01
2.341469631531259381e+02 6.436122017517366747e-03 3.908210258733514308e+01
2.341705703211517289e+02 6.307258632840028259e-03 3.900160424846471585e+01
2.343760963455149522e+02 6.568005637773080031e-03 3.909526678747609196e+01
2.344540919158361021e+02 6.913319238900633885e-03 3.908515000503372505e+01
2.343827277760998697e+02 6.760797342192690663e-03 3.899397513339373944e+01
2.344194890768146706e+02 6.696365649854022287e-03 3.900945585422329742e+01
2.345590310077519405e+02 6.586630423839725905e-03 3.914672254102486448e+01
2.346473628309674950e+02 6.536796536796537008e-03 3.915642756468337637e+01
2.346894145776703908e+02 6.037954293768247466e-03 3.920348283499446040e+01
2.346067577771066226e+02 6.414476995872344343e-03 3.915982331621866308e+01
2.346842112151414597e+02 6.474378334843450961e-03 3.914817175072988675e+01
2.346772651766837896e+02 6.508607671398368780e-03 3.910693597100573982e+01
2.346115987113661561e+02 6.557434813248766946e-03 3.913310480217457155e+01
2.347352124232356800e+02 6.231249370784254331e-03 3.920506845867311085e+01
2.346007470049330550e+02 6.663143058491896066e-03 3.916299003322259153e+01
2.344118408335850177e+02 6.828752642706130936e-03 3.912795681063123254e+01
2.334210802375918661e+02 7.428772777609986971e-03 3.863989630524514496e+01
2.334612236987818505e+02 7.159971811134601544e-03 3.895309926507601261e+01
2.336681209100976560e+02 6.703412866203563476e-03 3.920702154434712838e+01
2.333051459780529626e+02 1.643813550790294842e-02 3.875308718413369746e+01
2.337022606463304157e+02 7.909493607168026005e-03 3.908432447397563436e+01
2.339056387798248124e+02 7.482633645424343130e-03 3.926569918453639474e+01
2.340191845363938512e+02 6.819691935971005682e-03 3.920887546561964854e+01
2.340377821403402834e+02 7.019530856740159239e-03 3.913294372294372181e+01
2.340791029900332205e+02 6.939494613913218916e-03 3.924926910299003424e+01
2.340976658612705137e+02 6.715997181113459759e-03 3.918158814054162775e+01
2.341579482532970928e+02 6.544347125742474430e-03 3.913213933353468121e+01
2.343015443471257413e+02 6.565488774791100601e-03 3.921097553609181574e+01
2.343126089801671128e+02 6.702406121010771878e-03 3.922866455250176188e+01
2.344445897513339503e+02 6.818181818181817851e-03 3.933109533876975661e+01
2.343947684486056460e+02 6.375213933353468532e-03 3.915447246551897820e+01
2.343016324373301131e+02 6.950568811033927367e-03 3.910314255511929815e+01
2.344491920869827766e+02 6.565992147387495967e-03 3.912430735930735892e+01
2.343310495318634992e+02 6.389308366052551778e-03 3.921106563978656823e+01
2.342139605355884555e+02 6.150206382764522410e-03 3.916327896909292150e+01
2.342229870129870051e+02 6.319842947749924542e-03 3.917977146884123840e+01
2.342320874861572406e+02 6.215141447699587020e-03 3.914493355481727832e+01
2.342012226920366516e+02 6.313299103996778718e-03 3.913425400181213831e+01
2.342531707439846969e+02 6.203563877982482336e-03 3.914971358099265331e+01
2.341673129970804439e+02 6.101882613510520477e-03 3.891515554213228967e+01
2.340334043088694216e+02 6.229235880398671134e-03 3.902213681667169709e+01
2.334953835699184594e+02 7.197724755864290391e-03 3.642842696063626562e+01
2.333819586227725722e+02 6.901238296587133836e-03 3.901684033021242470e+01
2.333901726568005586e+02 6.707439846974730738e-03 3.908650810429880096e+01
2.332983887043189384e+02 7.386489479512735497e-03 3.924894543441055106e+01
2.333206397865700126e+02 7.328601630927212077e-03 3.920808970099668045e+01
2.332813923286016404e+02 7.351756770361421445e-03 3.918503674619953614e+01
2.327713223598107390e+02 7.549078828148595571e-03 3.858612956810631545e+01
2.331746521695359036e+02 7.181616832779623080e-03 3.898386388804993175e+01
2.326771091311788950e+02 1.633091714487063320e-02 3.842088241216148248e+01
2.331479407027081550e+02 7.943219571126548459e-03 3.903180660424846593e+01
2.333602310480217454e+02 7.188160676532769772e-03 3.901135960938286473e+01
2.334162262156448264e+02 6.890667472062820750e-03 3.911691482935668773e+01
2.334443632336655696e+02 7.039665760595992944e-03 3.910774992449410803e+01
2.336001862478606768e+02 6.990838618745595645e-03 3.910593476291150949e+01
2.336039242927614907e+02 6.910802375918655323e-03 3.895110641296687959e+01
2.337201021846370566e+02 6.729084868619752274e-03 3.909766183428973818e+01
2.339145308567401571e+02 6.822712171549380478e-03 3.908700644316923700e+01
2.338076084767945133e+02 6.596697875767643625e-03 3.884340229537903610e+01
2.336620275848182757e+02 6.494513238699285533e-03 3.879336756266988573e+01
2.337099224806201505e+02 6.525722339675827689e-03 3.887049632538004573e+01
2.336609362730293071e+02 6.248364039061713240e-03 3.872190274841437940e+01
2.339398218061008663e+02 6.275042786670693637e-03 3.897446793516560604e+01
2.340578264371287673e+02 6.141649048625792522e-03 3.900107017013993982e+01
2.342720582905466529e+02 6.189972817879794455e-03 3.905605909594281400e+01
2.344594035034732826e+02 6.233262861169837528e-03 3.913291805094130638e+01
2.343687747911003783e+02 6.210611094332024393e-03 3.923735830061411178e+01
2.339823562871237357e+02 6.257424745796838494e-03 3.902465367965368159e+01
2.336281762810832561e+02 6.765831068156649523e-03 3.900873804490083785e+01
2.333061602738347062e+02 7.169535890466123031e-03 3.904957112654786755e+01
2.332755426356589226e+02 7.058793919259035918e-03 3.900171197020033986e+01
2.334160213429980786e+02 7.322057787174066253e-03 3.913893889056679853e+01
2.333516852914527249e+02 7.486660626195509524e-03 3.912655894493104114e+01
2.330576537803281951e+02 7.240008053961542733e-03 3.865729940602033565e+01
2.333937053256820775e+02 7.035638779824826550e-03 3.925454293768247283e+01
2.335165815966978755e+02 7.299406020336253118e-03 3.925564532366858117e+01
2.331436922379945713e+02 7.430786267995570168e-03 3.871475838115372881e+01
2.333431435618644798e+02 6.564482029598309003e-03 3.897308215040773405e+01
2.333878677136816577e+02 7.615524010872848013e-03 3.911525118292560421e+01
2.331328007651263476e+02 1.582402094030000914e-02 3.868697573744085361e+01
2.336255693144065333e+02 8.119903352461491780e-03 3.912950971509111042e+01
2.337185059901339059e+02 6.761804087385483129e-03 3.895345212926608269e+01
2.339546355582401986e+02 6.666163294070270862e-03 3.910268750629215617e+01
2.337461824222289408e+02 6.727574750830564443e-03 3.881886741165811117e+01
2.338192746400885937e+02 6.764824322963857925e-03 3.878356538810027132e+01
2.340597030101681355e+02 6.965669988925803080e-03 3.903626799557032001e+01
2.342137023054465033e+02 6.290143964562569349e-03 3.901937833484345219e+01
2.343314149803684643e+02 6.444679351656095768e-03 3.903929376824725495e+01
2.342164164904862673e+02 6.611295681063123104e-03 3.891663394744789883e+01
2.343126799557032029e+02 6.196516661632940279e-03 3.911320346320346175e+01
2.344072893385684040e+02 6.454746803584012621e-03 3.911302979965770987e+01
2.344821232256115877e+02 5.898016711970200526e-03 3.911351555421322956e+01
2.343989117084466045e+02 6.041477901943018494e-03 3.894673210510419636e+01
2.344226910299003350e+02 5.920668478808013661e-03 3.903187053256820604e+01
2.339176542837007844e+02 6.412463505486761146e-03 3.891203865901540127e+01
2.335166555924695331e+02 7.419712070874861717e-03 3.896872848082150398e+01
2.334338638880499275e+02 6.777408637873754207e-03 3.903493103795429420e+01
2.334691910802375787e+02 6.914829356689821717e-03 3.918868166717003731e+01
2.336132900432900499e+02 7.236484445786771705e-03 3.926827443873955303e+01
2.336597719722138322e+02 7.422228933856841147e-03 3.925695711265478849e+01
2.339631732608476682e+02 7.343199436222692424e-03 4.192773583006140825e+01
2.335578863384677391e+02 7.338165710258733564e-03 3.887294926004228302e+01
2.338519465418302730e+02 6.994362226920366674e-03 3.920647790194301763e+01
2.338912594382361760e+02 7.025067955300513464e-03 3.922494915936776749e+01
2.339010057384475942e+02 7.344206181415484022e-03 3.920916842847075401e+01
2.336172012483640401e+02 6.852411154736736537e-03 3.879497634148796692e+01
2.339490853719923393e+02 6.769354676331420552e-03 3.913934813248766886e+01
2.339399169435215811e+02 7.142353770260747269e-03 3.913948605657908075e+01
2.336648107319037422e+02 6.954092419208698396e-03 3.847598157656297246e+01
2.336272596395852190e+02 1.712775596496526886e-02 3.851277257626095007e+01
2.340648917748917768e+02 7.806302224906876315e-03 3.899752441357092181e+01
2.341540385583408863e+02 6.413973623275948978e-03 3.911912463505486670e+01
2.342128737541528380e+02 6.834289741266485162e-03 3.903325027685492898e+01
2.341522792711164698e+02 6.499546964663243526e-03 3.899655391120507630e+01
2.342652431289640731e+02 6.622369878183831556e-03 3.894565388100271974e+01
2.342327740863787255e+02 6.502567200241619189e-03 3.899393385684083313e+01
2.342604369274136786e+02 6.870029195610590812e-03 3.897655693144065481e+01
2.342764325984093432e+02 6.707439846974730738e-03 3.894611547367361482e+01
2.343289026477398522e+02 6.495016611295680899e-03 3.896407027081446017e+01
2.343356176381757905e+02 6.589650659418101568e-03 3.895001610792308355e+01
2.342941467834491220e+02 6.107923084667270935e-03 3.887499647639182854e+01
2.341056850901036910e+02 6.785462599416087863e-03 3.887560958421423862e+01
2.336057570723849892e+02 6.523708849290244492e-03 3.889402849088895664e+01
2.332576210611094325e+02 7.809322460485251111e-03 3.885563575958924787e+01
2.332677896909292201e+02 6.861975234068257157e-03 3.905915785764622683e+01
2.329495248162689904e+02 7.005939796637471358e-03 4.123521292660827697e+01
2.331304701500050385e+02 7.948756669686902684e-03 3.914605053860867656e+01
2.333619702003422844e+02 7.710661431591664047e-03 4.162176079734219059e+01
2.331469123124936971e+02 7.891875566294170863e-03 4.128123426960636522e+01
2.333923225611597729e+02 7.334138729487566302e-03 3.914013087687506243e+01
2.333995031712473462e+02 7.278767743884023179e-03 3.905301570522500754e+01
2.330339811738649018e+02 7.570220477197221742e-03 3.850654132689016507e+01
2.334989429175475664e+02 7.885835095137421272e-03 4.151928521091311808e+01
2.336037667371388409e+02 7.558642907480117058e-03 4.156058944931037757e+01
2.334008023759186585e+02 7.778113359508708087e-03 4.116824826336453924e+01
2.337060656397865728e+02 7.516862981979260949e-03 3.890471257424745488e+01
2.338660208396254916e+02 6.459780529547971481e-03 3.898435165609583919e+01
2.336041754756871001e+02 6.655592469545957776e-03 3.842089549984898866e+01
2.338638140541629014e+02 1.314758884526326388e-02 3.860457314003825502e+01
2.337017008960032172e+02 1.366958622772576279e-02 3.837002667874760675e+01
2.341636821705426428e+02 6.758280479210712101e-03 3.880960988623779429e+01
2.342410399677841610e+02 6.585120306050538941e-03 3.886450719822812516e+01
2.344364844457867605e+02 5.998187858652974554e-03 3.888855532064834364e+01
2.344061507097553658e+02 6.726568005637772844e-03 3.876889711064129784e+01
2.344270150005033599e+02 6.282593375616631060e-03 3.882879693949461597e+01
2.345423447095540155e+02 6.054565589449310142e-03 3.876389509715091464e+01
2.346672757475083131e+02 5.861270512433303277e-03 3.886941608778818136e+01
2.346485115272324435e+02 5.998187858652974554e-03 3.889477146884123471e+01
2.346319344608879476e+02 5.873854827343199560e-03 3.885454193093728037e+01
2.344237279774489195e+02 6.405919661733615322e-03 3.884469646632437190e+01
2.339076255914627893e+02 6.493506493506493935e-03 3.866053005134400422e+01
2.338665780730896984e+02 6.690325178697271828e-03 3.883120910097654388e+01
2.337401167824423567e+02 7.085472666868015447e-03 3.893089298298600909e+01
2.338169329507701661e+02 6.670693647437833489e-03 3.911441810127856655e+01
2.339375742474579738e+02 6.889660726870029152e-03 3.917275596496526902e+01
2.339962976945535047e+02 7.219873150105708161e-03 3.913078274438739612e+01
2.339879990939293180e+02 7.014497130776200379e-03 3.910585271317829381e+01
2.340560666465317752e+02 6.832779623477298198e-03 3.908944427665358035e+01
2.340199270109735323e+02 6.954595791805093762e-03 3.891595238095238329e+01
2.339339142253095645e+02 6.985301520185241420e-03 3.890258230141951401e+01
2.340715891472868293e+02 6.021846370683580155e-03 3.890971660122822584e+01
2.340049083861874522e+02 6.839826839826840255e-03 3.888599969797644462e+01
2.340789333534682441e+02 6.180408738548273835e-03 3.885701651062116468e+01
2.340505421322863242e+02 6.643008154636061494e-03 3.868074851505084411e+01
2.339160374509211806e+02 6.342494714587737677e-03 3.835629115070975814e+01
2.339485095137420672e+02 6.017819389912412893e-03 3.863450568811033747e+01
2.340853060505386054e+02 6.638981173864895100e-03 3.880558189872143515e+01
2.336618292560152952e+02 6.415483741065136809e-03 3.810723346421021063e+01
2.340377564683378750e+02 6.176885130373502807e-03 3.867026024363233461e+01
2.337359609382865244e+02 1.510419812745394073e-02 3.823685291452733281e+01
2.343808567401590608e+02 6.665156548877479263e-03 3.889908889560052074e+01
2.342018775797845649e+02 5.609584214235376759e-03 3.874031913822611273e+01
2.341851922883318196e+02 6.749219772475586847e-03 3.866134249471458872e+01
2.342714894795127236e+02 6.744689419108023352e-03 3.872605305547165955e+01
2.341623829658713305e+02 6.267995570321151580e-03 3.874501459780529444e+01
2.343227574750830513e+02 6.637974428672103501e-03 3.879472566193496164e+01
2.342614094432699119e+02 6.244337058290546846e-03 3.877554615926708692e+01
2.339916143159166495e+02 6.494513238699285533e-03 3.878348384173965258e+01
2.338220567804288805e+02 6.404912916540823724e-03 3.883359206684787779e+01
2.337131209100976434e+02 6.496526729084868730e-03 3.900736836806603947e+01
2.338384767945233023e+02 6.762810832578274728e-03 3.903421624886740915e+01
2.339956246853921300e+02 6.694352159468438222e-03 3.903840330212423027e+01
2.339574000805396281e+02 6.771368166717003749e-03 3.899405365951877656e+01
2.340085981073190453e+02 6.311285613611194653e-03 3.900534229336555114e+01
2.339892625591462831e+02 6.442162488674116338e-03 3.898131732608477051e+01
2.341697825430383659e+02 5.922681969193596858e-03 3.904212322561159709e+01
2.340800276854928086e+02 6.771368166717003749e-03 3.907938135507902899e+01
2.342466143159166450e+02 6.356589147286821791e-03 3.902591362126246111e+01
2.342624212221886637e+02 6.060102688009664368e-03 3.914525017618041147e+01
2.343868705325681958e+02 6.747206282090002782e-03 3.915439494613913496e+01
2.344423935366958744e+02 6.562971911809121171e-03 3.645764773985704466e+01
2.343573774287727645e+02 6.459277156951575248e-03 3.623421826235779974e+01
2.342026452229940503e+02 5.686096848887546920e-03 3.603805043793416019e+01
2.340591236283096634e+02 6.172354777005940180e-03 3.601735377026074758e+01
2.339109740259740136e+02 6.390315111245343377e-03 3.598720477197221612e+01
2.341094115574348109e+02 6.063122923588040031e-03 3.598855985100171040e+01
2.341970774187053337e+02 6.401389308366052695e-03 3.603981777912010642e+01
2.339819254001812112e+02 6.350548676130071332e-03 3.604698932850095616e+01
2.337602542031611677e+02 1.168227121715493741e-02 3.567789439242927330e+01
2.337928631833283077e+02 1.273381657102587265e-02 3.583448202959830553e+01
2.338041830262760357e+02 6.995872344709553638e-03 3.584455552199738548e+01
2.339171438638880431e+02 6.087788180811436363e-03 3.598494211215141547e+01
2.338338200946340351e+02 6.484445786771367813e-03 3.588852461491996593e+01
2.337382709151313804e+02 6.080740964461894306e-03 3.587934410550689535e+01
2.337408688211013725e+02 6.160777207288835496e-03 3.584041981274539523e+01
2.336044467935165585e+02 6.344508204973320874e-03 3.582088895600523415e+01
2.331870089600322160e+02 6.628913721936977380e-03 3.599700191281586825e+01
2.329911562468539330e+02 7.057787174066243452e-03 3.600555068962045624e+01
2.326477725762609623e+02 6.571025873351454827e-03 3.596161129568105963e+01
2.327500005033726040e+02 6.751736635457565409e-03 3.618502114164904526e+01
2.328132271217154994e+02 7.301419510721836315e-03 3.621443722943723031e+01
2.329799360716802710e+02 7.389006342494714927e-03 3.869908839222792807e+01
2.330619641598711382e+02 7.087486157253599511e-03 3.888015201852411451e+01
2.330471916842847122e+02 8.209000302023558224e-03 3.633302879291251486e+01
2.328430262760495282e+02 6.509111043994765013e-03 3.613994160877881967e+01
2.328254892781637011e+02 6.562971911809121171e-03 3.606612755461592457e+01
2.328377448907681355e+02 6.654082351756769945e-03 3.606892982986006047e+01
2.328867210309070686e+02 6.694352159468438222e-03 3.610615524010872690e+01
2.329009387898922796e+02 7.255109231853417578e-03 3.601366404912916863e+01
2.329203649451323770e+02 6.374207188160676933e-03 3.602645978052954945e+01
2.329768554313903053e+02 6.571529245947850192e-03 3.598804842444377527e+01
2.329510072485653893e+02 7.162488674116580974e-03 3.584082301419510941e+01
2.329466565992147480e+02 7.340682573240712994e-03 3.584331621866505913e+01
2.329994281687305033e+02 7.290848686197523229e-03 3.581974428672103272e+01
2.330494875666968824e+02 7.016510621161783576e-03 3.578993053458169982e+01
2.329793340380549580e+02 6.728581496023356909e-03 3.576138175777710870e+01
2.329969878183831611e+02 7.176079734219268855e-03 3.586682371891674137e+01
2.328889096949561974e+02 6.055572334642101741e-03 3.577590657404611107e+01
2.329930454042082033e+02 6.364643108829155446e-03 3.581722339675827982e+01
2.325295117285814968e+02 1.477398570421826172e-02 3.515601328903654377e+01
2.329764592771569482e+02 7.279774489076814778e-03 3.567593375616631590e+01
2.329797890868821071e+02 7.134803181314808979e-03 3.589340229537904037e+01
2.330514336051545285e+02 6.867008960032216017e-03 3.586778918755663170e+01
2.327687783147085554e+02 6.469344608879492968e-03 3.571530001006745181e+01
2.323931647035135484e+02 6.943018222087989945e-03 3.583599365750528420e+01
2.321906659619450295e+02 8.183831672203765659e-03 3.588169384878687396e+01
2.321515680056377846e+02 7.098560354374307962e-03 3.592150659418101100e+01
2.324032658814054173e+02 6.909795630725862857e-03 3.621417899929527806e+01
2.322381037954293674e+02 7.290345313601127863e-03 3.613492650760092317e+01
2.325031803080640316e+02 7.884828349944628806e-03 3.879591362126245713e+01
2.323432417195207904e+02 8.190878888553307716e-03 3.838545454545454305e+01
2.326415559246954672e+02 7.365851203060505559e-03 3.864830917144870881e+01
2.324110263767240383e+02 8.295580388603644370e-03 3.605777760998691406e+01
2.324686187455954780e+02 7.073895097150910763e-03 3.607029598308668028e+01
2.323266394845464617e+02 6.019329507701600725e-03 3.576557636162287679e+01
2.324443088694251571e+02 6.968186851907782510e-03 3.590605255209906232e+01
2.324687969394946094e+02 7.869727172052753961e-03 3.585076613309171734e+01
2.323803886036444055e+02 7.514849491593677752e-03 3.568602839021443884e+01
2.325329266082754316e+02 6.661129568106312002e-03 3.585154736736132008e+01
2.325862830967482182e+02 7.250578878485854951e-03 3.587982583308164664e+01
2.325705476693848652e+02 7.321051041981274654e-03 3.581797946239806407e+01
2.324270603040370418e+02 7.082955803886036017e-03 3.564712272223900413e+01
2.322562966878083159e+02 7.332628611698379338e-03 3.558879844961240480e+01
2.322763565891472979e+02 7.441860465116279487e-03 3.552160777207289044e+01
2.322332970905063974e+02 7.200744991442666054e-03 3.552823114869626409e+01
2.320748238195912734e+02 7.349239907379442015e-03 3.524401540320145187e+01
2.322532326588140563e+02 6.961643008154635819e-03 3.550272223900130797e+01
2.324261451726567884e+02 6.969193597100574109e-03 3.559913822611497380e+01
2.324358355985100104e+02 7.083459176482432250e-03 3.560612252088996144e+01
2.321069858048927870e+02 1.499395952884324985e-02 3.522550790294976508e+01
2.324052889358703453e+02 7.902949763414879314e-03 3.565480670492298287e+01
2.321775123326286234e+02 7.163998791905768805e-03 3.574665559246954416e+01
2.316636152219873281e+02 7.340179200644316761e-03 3.570330715795832077e+01
2.316114250478204042e+02 7.531460787274740429e-03 3.587086529749320363e+01
2.319589268096244723e+02 8.229135205879391929e-03 3.876034632034632210e+01
2.314349385885432469e+02 8.210510419812746055e-03 3.830159116077720682e+01
2.319461859458371009e+02 6.767341185945837355e-03 3.869980116782442536e+01
2.319387954293768246e+02 8.142051746702908682e-03 3.873468790899023162e+01
2.316354188060001889e+02 8.312695056881104147e-03 3.830578828148595250e+01
2.319536630423839654e+02 8.045907580791301916e-03 3.866027131782945503e+01
2.319418574448806964e+02 8.256820698681163057e-03 3.862046813651464561e+01
2.315255572334642125e+02 8.325782744387395795e-03 3.807878787878787818e+01
2.319075928722440381e+02 8.050941306755260776e-03 3.856464512231953989e+01
2.320300860767139852e+02 8.562871237289841966e-03 3.852612151414476926e+01
2.317377705627705495e+02 8.264874660223497579e-03 3.791984647135809894e+01
2.320668363032316392e+02 8.247256619349642437e-03 3.828671952078929053e+01
2.321546853921272486e+02 8.775797845565288038e-03 3.827467733816570927e+01
2.317960530554716740e+02 7.692540018121413539e-03 3.520827292862176705e+01
2.321446572032618576e+02 7.367864693446088756e-03 3.560545655894492967e+01
2.321837093526628450e+02 7.935668982180609302e-03 3.565925349843954706e+01
2.318116082754454794e+02 7.991039967784153292e-03 3.502129920467130120e+01
2.322612946743179236e+02 7.773583006141145460e-03 3.553890466123024083e+01
2.322716435115272304e+02 8.077620054364241173e-03 3.559976190476190538e+01
2.317235180710761995e+02 7.713178294573643477e-03 3.485825480720829717e+01
2.319555783751132481e+02 7.675928722440349995e-03 3.533860465116278959e+01
2.319414119601328821e+02 7.951776905265276613e-03 3.529229084868619992e+01
2.317133635356891261e+02 7.495217960334239413e-03 3.478314909896305096e+01
2.317934123628309635e+02 7.633645424343098521e-03 3.522217104600825621e+01
2.309248489882210720e+02 8.020235578375113986e-03 3.468650407731803398e+01
2.304634324977348285e+02 1.672606463304137855e-02 3.495358451625893537e+01
2.307646637471056010e+02 8.972616530756065065e-03 3.544299053659518961e+01
2.309504157857646192e+02 8.521594684385382090e-03 3.806773583006140882e+01
2.307652899426155102e+02 8.438538205980066972e-03 3.771202708144568305e+01
2.310105879391925896e+02 8.353971609785564023e-03 3.809545454545454390e+01
2.310650755058894674e+02 8.719420114768951582e-03 3.802723195409242152e+01
2.307266017316017326e+02 8.452632638679151086e-03 3.766403251786972817e+01
2.311052154434712520e+02 8.681163797442867369e-03 3.810822359810732252e+01
2.311738276452229854e+02 9.015403201449712772e-03 3.810592469545957783e+01
2.308231345011577673e+02 8.380146984798147319e-03 3.768130222490687942e+01
2.310963188362025562e+02 8.441558441558440901e-03 3.798368217054263596e+01
2.311228455652874345e+02 8.169233866908286179e-03 3.800687858652975137e+01
2.306618589549984790e+02 8.046914325984092647e-03 3.765226064633041148e+01
2.311788251283600175e+02 7.746400885935769698e-03 3.802450719822812886e+01
2.312325284405517039e+02 8.138024765931742288e-03 3.799252642706131411e+01
2.309751349038558317e+02 7.750931239303332325e-03 3.750394392429276280e+01
2.314770713782341716e+02 7.883821604751838075e-03 3.808094533373603241e+01
2.313429366757273726e+02 8.187355280378536687e-03 3.800140843652471290e+01
2.309627423739051721e+02 7.759488573442062213e-03 3.753620859760394524e+01
2.311681088291553294e+02 7.898922782643712920e-03 3.796517718715393386e+01
2.310131878586529695e+02 7.947246551897714853e-03 3.786557283801469964e+01
2.304174619953689671e+02 8.300614114567603230e-03 3.727223094734722508e+01
2.308558018725460670e+02 7.622571227222390070e-03 3.764746199536897109e+01
2.305642912513842759e+02 8.223598107319037703e-03 3.761148343904157798e+01
2.300972118191885727e+02 7.627101580589952697e-03 3.703871992348736342e+01
2.303335049833887069e+02 7.828450619148294085e-03 3.754859408033826895e+01
2.301411351052048815e+02 8.581999395952884940e-03 3.749961894694452980e+01
2.295812886338467820e+02 8.403805496828752053e-03 3.729688311688311586e+01
2.296389650659418180e+02 7.557636162287325460e-03 3.720076109936574937e+01
2.301861839323467223e+02 8.603141045001509377e-03 3.773403050437934070e+01
2.301236695862277202e+02 1.616228732507802440e-02 3.766002315513943444e+01
2.302177906976744168e+02 8.364039061713480008e-03 3.760625138427464265e+01
2.306572359810731996e+02 8.228128460686599463e-03 3.807246400885935600e+01
2.309348776804590671e+02 8.777811335950871235e-03 4.061024061210108016e+01
2.307514502164502233e+02 8.734521292660828162e-03 4.023821151716500566e+01
2.310596662639685803e+02 9.220779220779221422e-03 4.062431541326890283e+01
2.311739006342494633e+02 9.202154434712573813e-03 4.057439796637471119e+01
2.309241286620356277e+02 8.429477499244941718e-03 4.013779824826336551e+01
2.312957918050941259e+02 8.825128360012080703e-03 4.049201651062116269e+01
2.314805914628007599e+02 8.884022953790395721e-03 4.057005486761300972e+01
2.312533866908285631e+02 8.413872948756669773e-03 4.012590254706533699e+01
2.316918196919359616e+02 8.519581193999798893e-03 4.057624735729386600e+01
2.315952204771972163e+02 8.755662941709452599e-03 4.046064482029598253e+01
2.312674171952078837e+02 8.470250679553004494e-03 3.999001661129567964e+01
2.316393028289539870e+02 8.712876271015806626e-03 4.038950115775697469e+01
2.316688779824826270e+02 9.234370280881908435e-03 4.042983036343501624e+01
2.313822596395852145e+02 8.475284405516963354e-03 4.004563827645223029e+01
2.317314904862579397e+02 8.541729588241215795e-03 4.037945182724252646e+01
2.317035668982180709e+02 8.953991744689419191e-03 4.042408637873754174e+01
2.309033972616530832e+02 8.897614013893084470e-03 4.010736786469344395e+01
2.310590159065740465e+02 9.243934360213430790e-03 4.050572284304842441e+01
2.307738704318936982e+02 9.501157756971710666e-03 4.046980519480519689e+01
2.304336142152421303e+02 8.812040672505789055e-03 4.005676331420517755e+01
2.304606745192791664e+02 8.753649451323869402e-03 4.011468237189167496e+01
2.307318957011980274e+02 9.315413268901640356e-03 4.046579079834894088e+01
2.307277172052753542e+02 9.180006040471156911e-03 4.006200090607067210e+01
2.310522727272727366e+02 9.261049028490888832e-03 4.046750679553004915e+01
2.307914809221786072e+02 8.622772576260947716e-03 4.006938890566797795e+01
2.310408884526326290e+02 9.523306151213127568e-03 4.056700946340481551e+01
2.308022203765227118e+02 8.863888049934562016e-03 4.011884979361723680e+01
2.309077529447296797e+02 1.909694956206584027e-02 4.020520990637269421e+01
2.309171121514144716e+02 9.279170441961139340e-03 4.008894744790093512e+01
2.312774775999194503e+02 9.150810429880197952e-03 4.042429527836504377e+01
2.313658587536494622e+02 9.429678848283499365e-03 4.043559196617336227e+01
2.310746118997281826e+02 9.159871136615323206e-03 4.008452028591563732e+01
2.313948243229638706e+02 9.284204167925098200e-03 4.037962851102385997e+01
2.314211592670895072e+02 9.355683076613309501e-03 4.035597855632739339e+01
2.311235039766435193e+02 9.193597100573843925e-03 3.985340833585019737e+01
