1.954062447896930621e+02 9.490037893141341385e+00 2.603922697991663426e+01
1.954282967032966951e+02 9.508980674497916397e+00 2.606084501705191414e+01
1.954485354300871620e+02 9.526699507389162491e+00 2.608297082228116537e+01
1.956791322470632792e+02 9.739802955665025408e+00 2.631744600227358788e+01
1.959602065176203212e+02 9.839219401288366029e+00 2.637192307692307836e+01
1.961250018946570606e+02 9.981358469117090237e+00 2.610376657824933844e+01
1.964669382341796222e+02 1.012125236832133446e+01 2.583709738537324796e+01
1.966734861690034109e+02 1.024800871542250924e+01 2.579115384615384698e+01
1.968624933687002567e+02 1.036860932171276950e+01 2.576214854111405828e+01
1.970677586206896592e+02 1.048930087154224999e+01 2.578394467601364326e+01
1.972153618794998238e+02 1.060478211443728647e+01 2.584017620310723728e+01
1.972679442970822379e+02 1.064748200075786322e+01 2.583538461538461561e+01
1.972291000378931471e+02 1.060046419098143211e+01 2.583832701780977814e+01
1.969247972716938193e+02 1.035859226979916592e+01 2.552732284956422859e+01
1.964611235316407658e+02 1.001426676771504276e+01 2.519965896172792696e+01
1.961351061007957526e+02 9.785801439939371349e+00 2.493874005305039887e+01
1.959316445623342133e+02 9.629795377036757031e+00 2.482322091701401945e+01
1.957332057597574817e+02 9.646267525577870927e+00 2.478511746873815724e+01
1.956085297461159485e+02 9.703954149298976262e+00 2.476984274346343184e+01
1.955520538082606947e+02 9.726578249336869320e+00 2.480419856006063029e+01
1.955139048882152224e+02 9.749907161803713862e+00 2.482367942402425243e+01
1.955163887836301626e+02 9.757517999242137918e+00 2.482542440318302468e+01
1.955755646078060010e+02 9.844259189086775663e+00 2.484584312239484660e+01
1.956275729442970714e+02 9.866909814323607364e+00 2.496726222053808186e+01
1.957135278514588776e+02 9.886919287608943563e+00 2.506854300871542307e+01
1.957790488821523240e+02 9.905636604774535670e+00 2.512916256157635431e+01
1.957884653277756684e+02 9.892383478590375034e+00 2.513685486926866375e+01
1.958109643804471318e+02 9.897758620689655729e+00 2.516784577491474195e+01
1.958414247821144443e+02 9.908241758241757680e+00 2.525377226222053650e+01
1.958953183023872668e+02 9.993226600985222419e+00 2.536795566502463117e+01
1.959729840848806361e+02 1.001970632815460327e+01 2.545108374384236427e+01
1.960102898825312536e+02 1.006378552482000721e+01 2.551045282303903150e+01
1.960852538840469776e+02 1.012606858658582709e+01 2.554592080333459592e+01
1.962131754452444170e+02 1.022029556650246285e+01 2.555981242895035876e+01
1.963673342175066239e+02 1.030056650246305416e+01 2.549513830996589547e+01
1.964705153467222374e+02 1.040205191360363735e+01 2.545952065176203050e+01
1.965479329291398187e+02 1.045862258431223957e+01 2.549031261841606621e+01
1.966733705949223179e+02 1.045188897309586906e+01 2.547650625236832056e+01
1.967652463054187137e+02 1.051256536566881472e+01 2.546384615384615557e+01
1.968404679802955570e+02 1.055872679045092788e+01 2.551176013641530815e+01
1.969391057218643368e+02 1.062569533914361486e+01 2.552959833270178081e+01
1.970673417961349116e+02 1.066911140583554385e+01 2.559319060250094680e+01
1.971572754831375391e+02 1.077510989010989029e+01 2.560293292913982555e+01
1.972646286472148631e+02 1.076981432360742730e+01 2.560011178476695548e+01
1.974151364153088366e+02 1.077646267525577883e+01 2.557410382720727426e+01
1.975072963243652850e+02 1.082822281167108791e+01 2.562102500947328565e+01
1.976225672603258943e+02 1.094125426297840065e+01 2.564399014778325281e+01
1.976954414550966135e+02 1.085354300871542321e+01 2.583113868889730824e+01
1.978426146267525496e+02 1.087196097006441775e+01 2.601510989010989050e+01
1.979428931413414148e+02 1.088762220538082559e+01 2.615803902993558339e+01
1.979260780598711733e+02 1.087713906782872364e+01 2.614359037514210016e+01
1.977045528609321821e+02 1.068825502084122725e+01 2.604403940886699331e+01
1.972078400909435345e+02 1.033304092459264822e+01 2.579824554755589361e+01
1.967999071618037021e+02 1.003470253884047025e+01 2.559419666540356175e+01
1.965684956422887524e+02 9.834861690034104598e+00 2.545440886699507388e+01
1.964450966275104236e+02 9.749929897688518921e+00 2.538856953391436022e+01
1.963895642288745762e+02 9.714662751042061117e+00 2.535349374763167773e+01
1.963609568018188725e+02 9.687355058734368640e+00 2.535405456612352992e+01
1.963177264115195158e+02 9.810973853732473771e+00 2.536331943918150955e+01
1.962804888215233063e+02 9.866233421750663979e+00 2.536882152330428042e+01
1.962611633194391914e+02 9.915649867374005666e+00 2.536277567260325938e+01
1.962971390678287094e+02 1.001462485790072066e+01 2.543964380447139106e+01
1.963510477453581018e+02 1.009773020083364869e+01 2.550281167108753166e+01
1.964334217506631433e+02 1.016117658203865126e+01 2.548869268662372178e+01
1.964419041303524125e+02 1.019690981432360743e+01 2.538502463054187075e+01
1.964965555134520514e+02 1.021872300113679444e+01 2.537224516862447743e+01
1.965338006820765315e+02 1.024461538461538446e+01 2.536735884804850372e+01
1.965794979158772264e+02 1.027836680560818472e+01 2.538440128836680643e+01
1.966462864721485460e+02 1.033513830996589533e+01 2.540975369458127986e+01
1.967389124668434874e+02 1.041682076544145552e+01 2.544178855627131597e+01
1.968284501705191474e+02 1.046954149298976944e+01 2.546419098143235971e+01
1.969387059492231913e+02 1.058979158772262252e+01 2.548683971201212728e+01
1.970295585449033808e+02 1.064471011746873863e+01 2.552541114058355376e+01
1.971820613868889609e+02 1.060226790450928469e+01 2.568017999242137250e+01
1.972683819628647086e+02 1.060241568776051579e+01 2.584987874194770896e+01
1.973814854111405737e+02 1.061800682076544078e+01 2.596941834028040930e+01
1.974837362637362617e+02 1.065273588480484968e+01 2.602455665024630704e+01
1.975675558923834672e+02 1.072056650246305409e+01 2.608674308450170543e+01
1.976581280788177253e+02 1.074225274725274737e+01 2.609435960591132897e+01
1.977877207275483045e+02 1.079425918908677495e+01 2.610174118984463831e+01
1.978736036377415815e+02 1.080587912087912095e+01 2.613396930655551387e+01
1.979784748010609974e+02 1.085956801818870865e+01 2.617439939370973789e+01
1.980526657824933636e+02 1.088763736263736348e+01 2.622395983327017888e+01
1.981359700644183306e+02 1.096659530125047333e+01 2.628582417582417463e+01
1.982125805229253501e+02 1.100787040545661277e+01 2.636013452065176210e+01
1.983266710875331569e+02 1.107521978021978093e+01 2.644870215990905749e+01
1.983702823039029965e+02 1.115845206517620269e+01 2.646514967790829687e+01
1.984943861311102751e+02 1.121186244789693021e+01 2.650696286472148699e+01
1.985988158393330707e+02 1.124419098143236084e+01 2.648361690034103688e+01
1.985038897309586901e+02 1.113731906025009444e+01 2.634284009094353962e+01
1.981226790450928377e+02 1.083603448275862036e+01 2.605402235695339286e+01
1.977005248200075869e+02 1.052730958696476016e+01 2.577675445244410923e+01
1.974780750284198518e+02 1.039566502463054221e+01 2.562421940128836795e+01
1.973475672603258886e+02 1.032614816218264409e+01 2.553303334596438035e+01
1.973126278893520293e+02 1.033596059113300569e+01 2.556597953770367582e+01
1.972664077302008252e+02 1.033262599469495946e+01 2.551346911708980514e+01
1.972423758999620986e+02 1.032634141720348531e+01 2.550793671845395849e+01
1.972793444486547969e+02 1.038139825691549767e+01 2.553649867374005211e+01
1.972821201212580604e+02 1.047302008336491141e+01 2.561896551724137794e+01
1.973254092459264939e+02 1.056782303902993547e+01 2.574221295945433852e+01
1.974852463054187126e+02 1.066457559681697553e+01 2.580759189086775152e+01
1.975121049640015087e+02 1.069075028419855933e+01 2.584498484274346453e+01
1.975447328533535369e+02 1.070654414550966216e+01 2.591135657446002227e+01
1.976230390299355690e+02 1.064740431981811319e+01 2.595083933308071167e+01
1.976949526335733367e+02 1.066910951117847617e+01 2.599594922319060331e+01
1.977836244789693012e+02 1.069302955665024690e+01 2.602159340659340714e+01
1.979275464190981495e+02 1.075764873057976523e+01 2.604767904509283838e+01
1.979888594164456208e+02 1.080738158393330828e+01 2.607503978779840992e+01
1.980932190223569478e+02 1.088207464948844283e+01 2.606238726790450855e+01
1.981707351269420201e+02 1.095634331186055377e+01 2.602691360363774109e+01
1.982807464948844256e+02 1.102002273588480463e+01 2.606104585070102431e+01
1.983500871542250934e+02 1.106830617658203941e+01 2.610610647972717047e+01
1.984010079575596706e+02 1.111603258810155381e+01 2.609661235316407613e+01
1.984576960970064476e+02 1.118042061386888975e+01 2.614102879878742058e+01
1.984852122015915086e+02 1.125778893520272916e+01 2.609219401288366669e+01
1.984982720727548440e+02 1.128845395983326938e+01 2.613550018946570574e+01
1.985610704812428935e+02 1.133100416824554735e+01 2.615893709738537254e+01
1.986204111405835420e+02 1.136870594922319100e+01 2.617581659719590803e+01
1.987140356195528739e+02 1.130646835922697946e+01 2.646893330807123945e+01
1.988281148162182603e+02 1.128439749905267142e+01 2.666062334217506802e+01
1.990349014778325056e+02 1.123278704054566113e+01 2.679516672982190073e+01
1.990615460401667178e+02 1.130637741568776100e+01 2.687085070102311590e+01
1.991603126184160715e+02 1.137042440318302461e+01 2.697111405835543607e+01
1.992313489958317518e+02 1.146043956043956058e+01 2.699358848048503390e+01
1.992782341796134915e+02 1.148638309965896198e+01 2.704685297461159621e+01
1.992795623342175020e+02 1.150522735884804781e+01 2.704086396362258427e+01
1.990239996210685831e+02 1.132126942023493754e+01 2.685519514967790755e+01
1.985161026904130210e+02 1.099530125047366447e+01 2.654982379689276328e+01
1.982839598332701883e+02 1.082306555513452118e+01 2.634267336112163704e+01
1.981333289124668511e+02 1.072059113300492683e+01 2.619794619173929462e+01
1.980651515725653553e+02 1.066187760515346739e+01 2.609225464190981469e+01
1.981007824933687118e+02 1.071325881015536119e+01 2.610400151572565264e+01
1.981431906025009368e+02 1.068110269041303440e+01 2.615185486926866076e+01
1.981601724137931058e+02 1.080806744979158829e+01 2.609564418340280412e+01
1.982218150814702540e+02 1.091553808260704805e+01 2.610023114816218381e+01
1.983001913603637831e+02 1.102716369837059496e+01 2.611866237211064856e+01
1.983757768093975073e+02 1.111784956422887483e+01 2.613226979916635173e+01
1.983960098522167357e+02 1.112107427055702935e+01 2.614130541871921309e+01
1.983370197044334873e+02 1.117140962485790112e+01 2.607404698749526162e+01
1.983441038272072774e+02 1.122661235316407691e+01 2.605021220159151341e+01
1.983231830238726729e+02 1.124659719590754037e+01 2.606549640015157365e+01
1.983335941644562297e+02 1.129483327017809735e+01 2.606180181887078362e+01
1.983977586206896433e+02 1.133636604774535783e+01 2.610701212580523034e+01
1.984501534672224352e+02 1.134315649867373921e+01 2.619565176203107271e+01
1.984964645699128596e+02 1.142743084501705120e+01 2.629630352406214300e+01
1.986071333838575299e+02 1.146535619552861007e+01 2.636010420613868988e+01
1.986766085638499533e+02 1.150854111405835489e+01 2.641636225843122432e+01
1.987828268283440707e+02 1.155316976127321027e+01 2.647743463433118549e+01
1.988588613111026859e+02 1.153447517999242145e+01 2.658803902993558310e+01
1.989368245547555887e+02 1.155650056839711937e+01 2.663543577112542593e+01
1.990370746494884315e+02 1.155526714664645738e+01 2.673225464190981526e+01
1.991217525577870333e+02 1.156054755589238425e+01 2.681051913603637615e+01
1.991974497915877294e+02 1.159444297082228204e+01 2.681986358469116993e+01
1.992473986358469062e+02 1.169246115953012577e+01 2.676906403940886747e+01
1.993253921940128919e+02 1.177529177718832898e+01 2.674325123152709338e+01
1.994102576733611158e+02 1.184046608563850000e+01 2.679498673740053150e+01
1.994799658961727857e+02 1.191042250852595608e+01 2.680217506631299784e+01
1.995328230390299495e+02 1.193881583933308121e+01 2.682284198560060773e+01
1.995759321712770031e+02 1.194056650246305473e+01 2.684657446002273673e+01
1.995128078817733979e+02 1.185391815081470313e+01 2.674794619173929533e+01
1.991988177339901540e+02 1.158703486169003405e+01 2.648126942023493768e+01
1.987420329670329693e+02 1.126944107616521329e+01 2.620537703675634589e+01
1.984901117847669525e+02 1.108258052292535112e+01 2.608585259568018344e+01
1.983639844638120451e+02 1.093827207275483104e+01 2.605557787040545747e+01
1.983138272072754944e+02 1.092263736263736185e+01 2.602781546040166560e+01
1.983495528609321639e+02 1.091525767336112196e+01 2.607055892383478479e+01
1.983976146267525564e+02 1.096629973474801112e+01 2.608072375899962125e+01
1.984604622963243514e+02 1.100881773399014740e+01 2.617809586964759205e+01
1.985375956801818802e+02 1.110062334217506574e+01 2.626897688518378260e+01
1.986107180750284158e+02 1.120139257294429669e+01 2.630017999242137350e+01
1.986722982190223661e+02 1.127219780219780176e+01 2.631139636225843148e+01
1.986897499052671492e+02 1.131430845017052000e+01 2.631499242137173056e+01
1.987092497158014339e+02 1.133128457749147344e+01 2.634511367942402416e+01
1.987360894278135675e+02 1.126108942781356603e+01 2.649574460022735778e+01
1.987925937855248151e+02 1.122166919287608877e+01 2.666600606290261410e+01
1.988654907161803749e+02 1.121606479727169337e+01 2.676763167866616300e+01
1.989324403183023833e+02 1.128599848427434615e+01 2.682565176203107171e+01
1.990469117089806730e+02 1.130855248200075813e+01 2.688837627889352078e+01
1.991179405077680826e+02 1.134023493747631761e+01 2.669449223190602538e+01
1.992254414550966146e+02 1.141017051913603630e+01 2.655095490716180251e+01
1.993350682076544160e+02 1.145615384615384613e+01 2.644669950738916242e+01
1.993551951496779111e+02 1.152969874952633589e+01 2.648583175445244464e+01
1.994078116710875292e+02 1.156301629405077769e+01 2.650173361121636972e+01
1.995133478590375091e+02 1.166232663887836374e+01 2.652204622963243708e+01
1.995759492231906052e+02 1.171655361879499857e+01 2.652820575975748341e+01
1.996207408109132189e+02 1.175610458507010314e+01 2.655553239863584736e+01
1.996940488821523445e+02 1.181152709359605879e+01 2.654653846153846075e+01
1.997234937476316645e+02 1.185014778325123075e+01 2.657683213338385642e+01
1.997910041682455358e+02 1.189572754831375434e+01 2.666958507010231116e+01
1.998348597953770422e+02 1.193862637362637358e+01 2.671237779461917228e+01
1.998402576733611227e+02 1.199468738158393322e+01 2.674015725653656617e+01
1.999157199696854832e+02 1.202528419856006003e+01 2.679979348237968750e+01
1.999902216748768353e+02 1.209786661614247905e+01 2.679516672982190073e+01
1.999911045850701043e+02 1.195656309208033363e+01 2.694131678666161278e+01
1.997176638878362951e+02 1.160776241000379017e+01 2.690356953391436079e+01
1.992784331186055340e+02 1.124557408109132162e+01 2.673833080712391208e+01
1.989477283061765718e+02 1.103165214096248548e+01 2.658830807123910489e+01
1.987599583175445161e+02 1.089023493747631655e+01 2.648905646078059917e+01
1.986326089427813599e+02 1.093104964001515711e+01 2.622428571428571331e+01
1.985484331186055442e+02 1.099314892004547239e+01 2.607289124668434965e+01
1.984944202349374791e+02 1.105517999242137250e+01 2.601306555513452068e+01
1.984806252368321395e+02 1.112445244410761624e+01 2.594260704812429097e+01
1.985521201212580422e+02 1.118401667298219060e+01 2.596506252368321199e+01
1.985716009852216644e+02 1.122299166350890509e+01 2.606492610837438306e+01
1.986185846911708950e+02 1.125349564228874577e+01 2.616570102311481705e+01
1.986480257673361223e+02 1.129204433497536897e+01 2.625577491474043157e+01
1.986785164835164892e+02 1.132976695718075000e+01 2.632482758620689722e+01
1.986680276619931931e+02 1.133751610458507031e+01 2.636822470632815296e+01
1.987201136794240313e+02 1.138921371731716548e+01 2.640492610837438292e+01
1.987443482379689215e+02 1.139103827207275543e+01 2.645304850322091639e+01
1.987826165214096363e+02 1.138734369079196718e+01 2.648434444865479520e+01
1.988290981432360809e+02 1.143783440697233722e+01 2.652302766199317929e+01
1.988713622584312191e+02 1.148661235316407669e+01 2.654028988253126187e+01
1.989527813565744623e+02 1.153039787798408433e+01 2.655621447517999201e+01
1.990057294429708179e+02 1.159052103069344497e+01 2.654479348237968850e+01
1.990946892762410130e+02 1.164851837817355040e+01 2.655238916256157466e+01
1.991414380447139081e+02 1.166709359605911267e+01 2.655850511557408211e+01
1.992021636983705832e+02 1.174827017809776386e+01 2.664067260325881037e+01
1.992946911708980622e+02 1.175402993558165932e+01 2.666765820386510200e+01
1.993292118226600849e+02 1.174224706328154610e+01 2.665951686244789798e+01
1.993727453580901852e+02 1.180739295187571081e+01 2.671089996210685769e+01
1.994215517241379416e+02 1.181742516104585050e+01 2.672961727927245335e+01
1.995131678666161292e+02 1.179963243652898797e+01 2.673733042819249661e+01
1.996405646078059988e+02 1.179179045092838152e+01 2.677894467601364070e+01
1.997176695718075052e+02 1.181267146646457000e+01 2.675915687760515382e+01
1.997863944676013546e+02 1.183133952254641841e+01 2.678718075028420031e+01
1.998653846153846132e+02 1.185930655551345225e+01 2.684929708222811584e+01
1.999529556650246320e+02 1.191288366805608234e+01 2.689985411140583693e+01
1.999230939749905360e+02 1.190178855627131504e+01 2.691971769609700615e+01
1.996712391057218667e+02 1.173954717696097028e+01 2.679328344069723400e+01
1.992656043956043845e+02 1.141230200833649100e+01 2.656862068965517309e+01
1.986967127699886362e+02 1.107475179992421310e+01 2.622880636604774551e+01
1.983088234179613494e+02 1.082095869647593744e+01 2.613486926866237070e+01
1.980967165593027630e+02 1.070921371731716576e+01 2.607606290261462689e+01
1.979194581280788157e+02 1.068065934065934108e+01 2.606271883289124602e+01
1.978529064039408922e+02 1.065400530503978693e+01 2.608385183781735606e+01
1.978277283061765957e+02 1.064209738537324768e+01 2.608677908298598069e+01
1.978692951875710548e+02 1.065147214854111368e+01 2.613784198560060545e+01
1.979325653656688075e+02 1.085471580143993897e+01 2.588427245168624324e+01
1.979814948844259277e+02 1.102412277377794680e+01 2.565033914361500678e+01
1.979613092080333558e+02 1.111151762031072288e+01 2.543819060250094566e+01
1.980303031451307447e+02 1.120408109132246999e+01 2.548606858658582652e+01
1.980269647593785578e+02 1.116097574838954110e+01 2.563725843122394821e+01
1.980156782872300028e+02 1.109297271693823461e+01 2.567948465327775764e+01
1.980476184160666833e+02 1.106460022735884863e+01 2.583499052671466600e+01
1.981064494126563034e+02 1.111133762788935186e+01 2.588269420234937357e+01
1.981360155361879549e+02 1.115802197802197782e+01 2.589534482758620726e+01
1.981820594922319003e+02 1.118397309586964816e+01 2.592799734748010465e+01
1.982653467222432653e+02 1.120478590375142147e+01 2.605174687381584064e+01
1.983562125805229357e+02 1.120964569912845832e+01 2.618133573323228447e+01
1.984336263736263675e+02 1.125355437665782432e+01 2.625975369458128128e+01
1.984905361879499708e+02 1.130546229632436450e+01 2.633260894278135567e+01
1.985526222053808283e+02 1.136173550587343684e+01 2.636456422887457407e+01
1.985967696097006581e+02 1.142189844638120455e+01 2.638180750284198695e+01
1.986943596059113304e+02 1.147125805229253537e+01 2.640613489958317572e+01
1.987554736642667592e+02 1.151638878363016261e+01 2.644406593406593231e+01
1.987924554755589099e+02 1.155531451307313340e+01 2.644814134141720174e+01
1.988131792345585325e+02 1.161192497158014447e+01 2.641488442591890973e+01
1.989390318302387186e+02 1.164646646456991341e+01 2.655754452444107727e+01
1.989901686244789687e+02 1.164079575596817051e+01 2.654651004168245620e+01
1.990775407351269450e+02 1.167486737400530572e+01 2.662442970822281296e+01
1.991770083364910988e+02 1.178088859416445544e+01 2.666059871163319528e+01
1.993011367942402501e+02 1.182817733990147779e+01 2.672403940886699658e+01
1.994129651383099713e+02 1.188976695718075050e+01 2.676910003789314274e+01
1.995005987116331880e+02 1.190541303524062222e+01 2.680815839333080675e+01
1.994178097764304596e+02 1.181770557029177660e+01 2.674443918150814525e+01
1.990398579007199658e+02 1.157271504357711223e+01 2.648041682455475510e+01
1.985183327017809916e+02 1.125057408109132240e+01 2.620741189844638086e+01
1.982546305418719328e+02 1.094323986358469192e+01 2.609277567260325981e+01
1.981479026146267586e+02 1.083271314892004611e+01 2.601879310344827445e+01
1.981566805608185007e+02 1.078484463812050009e+01 2.602767146646457164e+01
1.981810155361879424e+02 1.080009662751042043e+01 2.602807692307692378e+01
1.981397366426676854e+02 1.093770557029177759e+01 2.595125236832133453e+01
1.981296021220159105e+02 1.105502463054187245e+01 2.588412087912087856e+01
1.981944713906782738e+02 1.113633004926108327e+01 2.592725843122394735e+01
1.982571144372868446e+02 1.120374005305039766e+01 2.594034672224327309e+01
1.983451610458506877e+02 1.130117089806745057e+01 2.596467222432739774e+01
1.983355835543766545e+02 1.125609321712770061e+01 2.596953770367563408e+01
1.983411746873815957e+02 1.124421561197423181e+01 2.609909624857900567e+01
1.983682872300113615e+02 1.122153846153846146e+01 2.621482758620689779e+01
1.984077756726032646e+02 1.124302387267904457e+01 2.628819060250094708e+01
1.983491436150056870e+02 1.117053997726411474e+01 2.628576544145509786e+01
1.981683004926108254e+02 1.107023872679045162e+01 2.611143425539977159e+01
1.980287912087912048e+02 1.101478779840848787e+01 2.597754452444107542e+01
1.980645433876468360e+02 1.107284956422887490e+01 2.597923076923077090e+01
1.981422584312239508e+02 1.111449033724895763e+01 2.603305229253505004e+01
1.982019439181508176e+02 1.118188328912466822e+01 2.606513452065176040e+01
1.982356612353163996e+02 1.120865100416824589e+01 2.606101174687381672e+01
1.983181849185297381e+02 1.127904698749526347e+01 2.610271125426297800e+01
1.983776885183781644e+02 1.133870594922318986e+01 2.609998863205759889e+01
1.983818719211822668e+02 1.140464001515725734e+01 2.607433687002652434e+01
1.984963319439181646e+02 1.149855058734368995e+01 2.613451307313376404e+01
1.986030428192497084e+02 1.156786472148541201e+01 2.621979537703675689e+01
1.987027794619174017e+02 1.169753505115574121e+01 2.616832891246684412e+01
1.988021807502842080e+02 1.178315649867374049e+01 2.617707654414551044e+01
1.988784141720348657e+02 1.186363584691170914e+01 2.616025198938991991e+01
1.989319609700644094e+02 1.191219590754073465e+01 2.617849943160288007e+01
1.989539219401288506e+02 1.192199317923455837e+01 2.619599848427434807e+01
1.990617563471011806e+02 1.191847859037514290e+01 2.629937097385373335e+01
1.991462864721485460e+02 1.186459833270178166e+01 2.641336680560818451e+01
1.992980996589617178e+02 1.178396741189844654e+01 2.647574649488442589e+01
1.992697442212959515e+02 1.182493747631678715e+01 2.653505494505494511e+01
1.990142175066312973e+02 1.162383857521788499e+01 2.638001136794240153e+01
1.985846191739295250e+02 1.129923834785903836e+01 2.616303334596437935e+01
1.982406650246305446e+02 1.101516672982190137e+01 2.601681129215612032e+01
1.980201061007957435e+02 1.087643236074270625e+01 2.592644941265631076e+01
1.979640697233800779e+02 1.082225274725274744e+01 2.590155172413793139e+01
1.979116957180750376e+02 1.076208791208791204e+01 2.584917392951875570e+01
1.979137230011367876e+02 1.086125805229253594e+01 2.583569344448654803e+01
1.979031167108753380e+02 1.093930845017052000e+01 2.576395604395604266e+01
1.979722925350511673e+02 1.100279272451686197e+01 2.580933118605532428e+01
1.980288594164456129e+02 1.106855058734369024e+01 2.584201970443349694e+01
1.980778173550587269e+02 1.112171087533156566e+01 2.588759189086775336e+01
1.980646494884425977e+02 1.114990716180371422e+01 2.584470822281167202e+01
1.980637476316786660e+02 1.114976506252368260e+01 2.574070291777188402e+01
1.980474592648730550e+02 1.115005683971201300e+01 2.568340848806365884e+01
1.980371409624857790e+02 1.113120310723759054e+01 2.568407730200833683e+01
1.980642004547177066e+02 1.121111216369837038e+01 2.567887078438802462e+01
1.982084425918908721e+02 1.121175634710117386e+01 2.580821712769988707e+01
1.982243520272830608e+02 1.120371352785145902e+01 2.588848048503220767e+01
1.982624062144751917e+02 1.122325691549829507e+01 2.595968738158393307e+01
1.982585903751420915e+02 1.120007199696854805e+01 2.596974801061007909e+01
1.983488518378173637e+02 1.124477264115195219e+01 2.601128268283440548e+01
1.984536888973095756e+02 1.125571428571428534e+01 2.609482569154982912e+01
1.985742137173171784e+02 1.131897120121258027e+01 2.612205191360363798e+01
1.986763736263736178e+02 1.135303524062144831e+01 2.620828723001136851e+01
1.986927586206896592e+02 1.137673929518757099e+01 2.619733990147783231e+01
1.987490375142099310e+02 1.139345774914740517e+01 2.619791019325501935e+01
1.988198749526335689e+02 1.142427624100037953e+01 2.629053429329291447e+01
1.988919363395225446e+02 1.149070102311481634e+01 2.634865479348237827e+01
1.989132531261841734e+02 1.150469117089806659e+01 2.638200265251989407e+01
1.989331602879878744e+02 1.155890488821523299e+01 2.640716180371352806e+01
1.990008677529367276e+02 1.162772262220538089e+01 2.643135278514589004e+01
1.990324441076165272e+02 1.160495642288745799e+01 2.644617279272451782e+01
1.991152576733611284e+02 1.165351648351648350e+01 2.646697991663508986e+01
1.991661311102690490e+02 1.166524630541871943e+01 2.648408298597953703e+01
1.990150852595680249e+02 1.155907730200833683e+01 2.636582228116710880e+01
1.986448446381205031e+02 1.124896741189844640e+01 2.615248768472906349e+01
1.982649242137173076e+02 1.091847669571807522e+01 2.586198181129215712e+01
1.980253164077302017e+02 1.073115195149677881e+01 2.561014020462296159e+01
1.978361367942402467e+02 1.056142857142857139e+01 2.551671655930276472e+01
1.977696608563850020e+02 1.052131299734747927e+01 2.544871542250852769e+01
1.977827207275483090e+02 1.053963622584312176e+01 2.545583933308071067e+01
1.977061007957559582e+02 1.064777188328912416e+01 2.541339901477832441e+01
1.976975672603258829e+02 1.079916635089048960e+01 2.541580522925350394e+01
1.976959492231906097e+02 1.088645699128457700e+01 2.542802766199318043e+01
1.976790015157256448e+02 1.091948844259189144e+01 2.547028040924592673e+01
1.976917430845016952e+02 1.096539219401288356e+01 2.545532398635846860e+01
1.976843046608563839e+02 1.095824554755589197e+01 2.548298597953770539e+01
1.976796949602122027e+02 1.094881015536187974e+01 2.548522735884805002e+01
1.976512751042061495e+02 1.096945054945054920e+01 2.549011178476695605e+01
1.976711083743842323e+02 1.097982758620689658e+01 2.552148162182644953e+01
1.977115176203107296e+02 1.102814702538840486e+01 2.554794619173929604e+01
1.978018586585828018e+02 1.105441644562334247e+01 2.560225843122394807e+01
1.978439712012125824e+02 1.111665593027661991e+01 2.563863395225464359e+01
1.979264910951117713e+02 1.122315270935960640e+01 2.564716180371352650e+01
1.980072205380826063e+02 1.126368700265251910e+01 2.567867563471011749e+01
1.980625407351269303e+02 1.131239105721864391e+01 2.570010231148162205e+01
1.981166275104206136e+02 1.131221674876847239e+01 2.572430466085638656e+01
1.982110231148162143e+02 1.132212391057218603e+01 2.580855437665782404e+01
1.983236566881394367e+02 1.128773588480484946e+01 2.581200075786282611e+01
1.983439617279272511e+02 1.136763546798029623e+01 2.583137552103069368e+01
1.983542989768851896e+02 1.142948465327775587e+01 2.585734369079196782e+01
1.983942781356574585e+02 1.151179424024251574e+01 2.583605153467222593e+01
1.984658544903372501e+02 1.153529177718832877e+01 2.585100227358848102e+01
1.985249090564607855e+02 1.157874763167866661e+01 2.588278325123152612e+01
1.985857142857142890e+02 1.161910761652140955e+01 2.589120500189465801e+01
1.986416957180750273e+02 1.170213527851458934e+01 2.592730390299355747e+01
1.987033990147783129e+02 1.169057408109132190e+01 2.595207843880257670e+01
1.987534994316028758e+02 1.167013073133762724e+01 2.600523304281924908e+01
1.987433933308071232e+02 1.165380257673361086e+01 2.602848995831754308e+01
1.986443785524820100e+02 1.153580143993937135e+01 2.597942970822281339e+01
1.982988234179613585e+02 1.127408488063660563e+01 2.573288366805608263e+01
1.978117355058734290e+02 1.087592838196286493e+01 2.560141151951496852e+01
1.973983440697233789e+02 1.056480106100795702e+01 2.555850132625994675e+01
1.972281375521030782e+02 1.046842743463433045e+01 2.552832322849564406e+01
1.971399412656309096e+02 1.038925918908677559e+01 2.554450738916256114e+01
1.970938992042440248e+02 1.035565176203107285e+01 2.555854111405835383e+01
1.970892231906024961e+02 1.042877605153467258e+01 2.547331754452444130e+01
1.970125881015536322e+02 1.042301629405077712e+01 2.543265630920803488e+01
1.970142307692307782e+02 1.047303145130731394e+01 2.542449981053429298e+01
1.970646930655551330e+02 1.054615005683971241e+01 2.544527093596058975e+01
1.971234009094353894e+02 1.056422319060250103e+01 2.548498105342932973e+01
1.971643255020841252e+02 1.060425539977264187e+01 2.540012125805229104e+01
1.972358431223948401e+02 1.062643804471390752e+01 2.536838954149299141e+01
1.973277718832891310e+02 1.066046419098143261e+01 2.536078249336869916e+01
1.973500511557408004e+02 1.064749526335733165e+01 2.538611784766957058e+01
1.973327870405456679e+02 1.070325312618416014e+01 2.540468359226979800e+01
1.973752747252747213e+02 1.079188897309586892e+01 2.545504357711254428e+01
1.973978912466843383e+02 1.086243463433118528e+01 2.548228685107995517e+01
1.973864020462296196e+02 1.090113300492610904e+01 2.550120310723758976e+01
1.974208374384236322e+02 1.090630352406214421e+01 2.553448844259188988e+01
1.974553145130731480e+02 1.095475179992421388e+01 2.554800113679424101e+01
1.974997953770367474e+02 1.101053618794998101e+01 2.554560250094732865e+01
1.975577131489200440e+02 1.113472716938234264e+01 2.558562334217506518e+01
1.975881091322470695e+02 1.117807692307692236e+01 2.558986926866237255e+01
1.976083345964380555e+02 1.119424213717317151e+01 2.560252368321333805e+01
1.976151932550208414e+02 1.118759189086775230e+01 2.562980863963622724e+01
1.977181887078438933e+02 1.125696475937855290e+01 2.560045471769609549e+01
1.977346570670708559e+02 1.129562902614626729e+01 2.552337438423645466e+01
1.977189465706707097e+02 1.131225843122394892e+01 2.542971769609700772e+01
1.977703694581280729e+02 1.133606479727169436e+01 2.545043008715422417e+01
1.978373171655930207e+02 1.138703675634710066e+01 2.548198938992042528e+01
1.979015744600227436e+02 1.136680750284198638e+01 2.566139067828722986e+01
1.979515422508525830e+02 1.134030125047366511e+01 2.578300871542250761e+01
1.979741303524062062e+02 1.131393899204243958e+01 2.587955096627510443e+01
1.980182133383857490e+02 1.132477453580901816e+01 2.595753126184160564e+01
1.979746115953012406e+02 1.128226600985221673e+01 2.593421561197423131e+01
1.977222205380826097e+02 1.104026146267525554e+01 2.575467790829859638e+01
1.973336472148541247e+02 1.073820386510041658e+01 2.546658393330807257e+01
1.969995642288745614e+02 1.044013262599469449e+01 2.529375899962106899e+01
1.967261557408109240e+02 1.025013452065176267e+01 2.513190413035240667e+01
1.966348616900341142e+02 1.022584880636604687e+01 2.506131678666161378e+01
1.965091777188328876e+02 1.023887646835922638e+01 2.499478590375142062e+01
1.964077548313755130e+02 1.023272641151951490e+01 2.495955286093217040e+01
1.963888537324744163e+02 1.025058923834785851e+01 2.497898067449791526e+01
1.963816824554755556e+02 1.027046798029556562e+01 2.496380636604774494e+01
1.964197139067828743e+02 1.032076354679803032e+01 2.498249147404319714e+01
1.964667752936718443e+02 1.047649677908298571e+01 2.489360553239863449e+01
1.964511727927245204e+02 1.057423455854490335e+01 2.481615763546798092e+01
1.963228457749147537e+02 1.055608942781356596e+01 2.465579765062523521e+01
1.963218131868131877e+02 1.060394278135657409e+01 2.468219780219780191e+01
1.962850928381962774e+02 1.065310534293292832e+01 2.462576923076922952e+01
1.962718037135278450e+02 1.064771883289124688e+01 2.476639825691549746e+01
1.963050018946570674e+02 1.067150814702538852e+01 2.491861311102690379e+01
1.963271333838575288e+02 1.070496968548692607e+01 2.495497726411519679e+01
1.963986604774535749e+02 1.072644562334217433e+01 2.500692307692307637e+01
1.965036396362258415e+02 1.079998105342932924e+01 2.502438423645320142e+01
1.965934217506631398e+02 1.084730958696475867e+01 2.503949412656309192e+01
1.966507446002273696e+02 1.086093596059113331e+01 2.505256726032587977e+01
1.967220575975748318e+02 1.089997726411519530e+01 2.504579575596816809e+01
1.967765971959075273e+02 1.096820007578628342e+01 2.508810913224706240e+01
1.968611462675255837e+02 1.101526525198939055e+01 2.515326259946949605e+01
1.969540754073512687e+02 1.103012125805229182e+01 2.517894657067070696e+01
1.970585922697991634e+02 1.102805418719211872e+01 2.526472338006820806e+01
1.971798029556650249e+02 1.111076165214096179e+01 2.529550966275104074e+01
1.972396835922698131e+02 1.113598143236074201e+01 2.533149677908298614e+01
1.973797309586964843e+02 1.113189465706707004e+01 2.530653467222432695e+01
1.975462182644941151e+02 1.114114058355437642e+01 2.536370784388025612e+01
1.976435467980295471e+02 1.113869268662372036e+01 2.539405456612353262e+01
1.977510117468738144e+02 1.116193633952254594e+01 2.541955096627510358e+01
1.978775009473285422e+02 1.123187949981053357e+01 2.545751042061386826e+01
1.978979765062523768e+02 1.128606479727169365e+01 2.551027472527472639e+01
1.979580826070481123e+02 1.132994694960212279e+01 2.554625805229253643e+01
1.979955210306934532e+02 1.134505683971201151e+01 2.554534482758620584e+01
1.979183687002652619e+02 1.127996400151572587e+01 2.545639446760136337e+01
1.975592099280030425e+02 1.097213338385752124e+01 2.530150625236831985e+01
1.971087514209928031e+02 1.062608753315649857e+01 2.515806555513452025e+01
1.968049317923455988e+02 1.038958696475937771e+01 2.500245737021598913e+01
1.965930996589617337e+02 1.027981242895035940e+01 2.493817923455854313e+01
1.965254907161803715e+02 1.027228116710875305e+01 2.488032209170140163e+01
1.964812031072375760e+02 1.022664456233421681e+01 2.486950170519136094e+01
1.964576241000378900e+02 1.024084501705191386e+01 2.487739863584691236e+01
1.964004262978400845e+02 1.034098522167487744e+01 2.491510989010988908e+01
1.963601155740810782e+02 1.042960212201591474e+01 2.499563471011746785e+01
1.963916180371352880e+02 1.052883478590375077e+01 2.504375710496400131e+01
1.964284748010610144e+02 1.058036945812807872e+01 2.508708601743084543e+01
1.965488992042440373e+02 1.060032019704433459e+01 2.506219022356953374e+01
1.966335903751420915e+02 1.060604206138688888e+01 2.505406593406593529e+01
1.966722034861689963e+02 1.059275483137552065e+01 2.506321333838575072e+01
1.967406896551724174e+02 1.062783061765820314e+01 2.505778325123152683e+01
1.967869041303524114e+02 1.064545850701023078e+01 2.509206707086017474e+01
1.968576790450928513e+02 1.072374384236453260e+01 2.513738537324744371e+01
1.969488745737021702e+02 1.071280598711633125e+01 2.523098522167487801e+01
1.970472887457370348e+02 1.071136794240242551e+01 2.526466275104206005e+01
1.971113508904888079e+02 1.071831943918150820e+01 2.532029746115953017e+01
1.972227396741189978e+02 1.079031640773020051e+01 2.539704812428950476e+01
1.973142610837438440e+02 1.081549829480863956e+01 2.546741758241758191e+01
1.973871352785145916e+02 1.093918908677529345e+01 2.550950170519136151e+01
1.974625767336112290e+02 1.103145509662751067e+01 2.554638120500189302e+01
1.974404850322091818e+02 1.107858090185676403e+01 2.551196097006441832e+01
1.974473645320196908e+02 1.110053429329291319e+01 2.552052671466464417e+01
1.974530617658203937e+02 1.113663129973474852e+01 2.553937286851079946e+01
1.975500416824554861e+02 1.119523493747631626e+01 2.550660477453580910e+01
1.976281735505873485e+02 1.121299734748010657e+01 2.551621068586585750e+01
1.977252216748768490e+02 1.124542061386888925e+01 2.551484653277756820e+01
1.978193198181129162e+02 1.129832512315270954e+01 2.555400151572565193e+01
1.978590242516104638e+02 1.132755210306934401e+01 2.564748010610079731e+01
1.979163357332322732e+02 1.140152519893899274e+01 2.570656498673740131e+01
1.979658620689655208e+02 1.144312050018946536e+01 2.577673171655930418e+01
1.981598901098901138e+02 1.144815460401667373e+01 2.586587722622205376e+01
1.982338688897309567e+02 1.155263736263736263e+01 2.596648351648351749e+01
1.982980447139067905e+02 1.163508525956801876e+01 2.598860742705570459e+01
1.982682663887836441e+02 1.150396551724137950e+01 2.588930466085638571e+01
1.979293179234558409e+02 1.117496589617279312e+01 2.562565176203107242e+01
1.975496551724137930e+02 1.085219590754073593e+01 2.538307502841985652e+01
1.973265365668814013e+02 1.064545282303902951e+01 2.528234558544903265e+01
1.972563849943160221e+02 1.054090754073512670e+01 2.526902235695339272e+01
1.972223853732474481e+02 1.056102690413035283e+01 2.525901477832512398e+01
1.971900909435392180e+02 1.055191170898067377e+01 2.527737021599090639e+01
1.972184388025767419e+02 1.057333459643804474e+01 2.529523683213338359e+01
1.972988556271315019e+02 1.061981432360742694e+01 2.536358279651383185e+01
1.973876032588101452e+02 1.067925918908677474e+01 2.542565555134520494e+01
1.974184406972337911e+02 1.083087722622205362e+01 2.540015725653656631e+01
1.974092951875710469e+02 1.097497726411519459e+01 2.534199507389162420e+01
1.973751079954528223e+02 1.102656309208033392e+01 2.531023872679045184e+01
1.973650833649109586e+02 1.104952633573323162e+01 2.533657824933687053e+01
1.973817961348995880e+02 1.113144372868510779e+01 2.532531640773020243e+01
1.974322319060250095e+02 1.114000000000000057e+01 2.536408866995073907e+01
1.974680276619931760e+02 1.118983705949223229e+01 2.538763357332322812e+01
1.975296475937855121e+02 1.125403372489579468e+01 2.545812997347480078e+01
1.975669154982948044e+02 1.127550966275104294e+01 2.548601932550208460e+01
1.976157218643425608e+02 1.133634520651762045e+01 2.549315270935960598e+01
1.977157123910572238e+02 1.132137741568775979e+01 2.561422508525956943e+01
1.978212144751799997e+02 1.135538651004168287e+01 2.570172224327396648e+01
1.979369022356953280e+02 1.140401098901098820e+01 2.579022356953391437e+01
1.979938006820765395e+02 1.145952254641909818e+01 2.580489010989010978e+01
1.980590697233800768e+02 1.149083743842364491e+01 2.589532777567260169e+01
1.981423190602500881e+02 1.153022167487684690e+01 2.590539787798408611e+01
1.982029196665403674e+02 1.153194960212201536e+01 2.594177529367184576e+01
1.982981887078438774e+02 1.155887078438802540e+01 2.604893709738537311e+01
1.983948484274346242e+02 1.160020462296324339e+01 2.607088480485032278e+01
1.983937059492232038e+02 1.160680939749905249e+01 2.608080901856763845e+01
1.984762315270936028e+02 1.158257294429708217e+01 2.605114247821144247e+01
1.986078798787419544e+02 1.158290450928381965e+01 2.610146456991284580e+01
1.987311860553239740e+02 1.162536566881394506e+01 2.614346343311860466e+01
1.988681981811292019e+02 1.168118416066691978e+01 2.626054187192118050e+01
1.989528571428571411e+02 1.173652140962485824e+01 2.630219022356953218e+01
1.990030219780219909e+02 1.177051534672224342e+01 2.621248010610079504e+01
1.987249696854869399e+02 1.162683592269799249e+01 2.593239863584691207e+01
1.982520575975748329e+02 1.129606858658582880e+01 2.559766388783630120e+01
1.979056384994316033e+02 1.104691360363774244e+01 2.538908109132247048e+01
1.977317411898446267e+02 1.093038840469874984e+01 2.525829670329670407e+01
1.976502406214475229e+02 1.084432171276998780e+01 2.534793861311102603e+01
1.976250227358848122e+02 1.081422319060250103e+01 2.549179045092838081e+01
1.976441341417203432e+02 1.079610079575596870e+01 2.557212201591512013e+01
1.976892857142857167e+02 1.084336112163698296e+01 2.563436339522546348e+01
1.977882588101553551e+02 1.092214475179992483e+01 2.570290261462675119e+01
1.978287987874194869e+02 1.108420613868889681e+01 2.566345017051913757e+01
1.978291492989768869e+02 1.118095301250473739e+01 2.566602500947328380e+01
1.977819514967790724e+02 1.126971959075407348e+01 2.562165971959075250e+01
1.977725539977264191e+02 1.130597385373247477e+01 2.562498294808639798e+01
1.977368662372110748e+02 1.129826828344069689e+01 2.557838196286472154e+01
1.977461197423266412e+02 1.125022356953391522e+01 2.560345774914740602e+01
1.978297461159530144e+02 1.121872679045092802e+01 2.565777946191739289e+01
1.979226525198938873e+02 1.122542250852595735e+01 2.572272262220538153e+01
1.980229954528230394e+02 1.123264683592269719e+01 2.583239105721864348e+01
1.980883118605532331e+02 1.128023304281924943e+01 2.587093217127699774e+01
1.981421295945433769e+02 1.143317544524441054e+01 2.571093406593406527e+01
1.982075483137552112e+02 1.155857900719969678e+01 2.562481053429329236e+01
1.982948787419477128e+02 1.158134520651761967e+01 2.551421182266009779e+01
1.983287949981053373e+02 1.169171466464569953e+01 2.558491474043198011e+01
1.983742989768851714e+02 1.176135657446002192e+01 2.562373815839332991e+01
1.984623190602500813e+02 1.174242516104585121e+01 2.580523114816218211e+01
1.985355210306934453e+02 1.175194012883668115e+01 2.590196097006441889e+01
1.985805456612353055e+02 1.173877415687760539e+01 2.598987684729064185e+01
1.986627093596059126e+02 1.177672603258810113e+01 2.605564039408866961e+01
1.987187836301629318e+02 1.179138309965896170e+01 2.610004926108374335e+01
1.987842004547177055e+02 1.181511936339522606e+01 2.613125615763546961e+01
1.988430958696475841e+02 1.181136415308829157e+01 2.614999621068586677e+01
1.989066672982190198e+02 1.183850322091701379e+01 2.622015536187949891e+01
1.990386642667677108e+02 1.191851648351648407e+01 2.630263167866616314e+01
1.991322262220538164e+02 1.198289882531261874e+01 2.630869837059492156e+01
1.991646968548692769e+02 1.198786472148541193e+01 2.636147404319818222e+01
1.990826222053808294e+02 1.195155551345206568e+01 2.629897877984084786e+01
1.987450397877984187e+02 1.170207275483137543e+01 2.610023304281924794e+01
1.982950113679424078e+02 1.139387646835922752e+01 2.580206138688897255e+01
1.979490545661235217e+02 1.118304281924971555e+01 2.555600985221675003e+01
1.977659245926487301e+02 1.103155172413793039e+01 2.543005683971201236e+01
1.976975274725274687e+02 1.098219022356953367e+01 2.538432929139825589e+01
1.976671921182266090e+02 1.098013452065176132e+01 2.532549071618037217e+01
1.976569117089806866e+02 1.099401098901098983e+01 2.534097385373247491e+01
1.976863622584312168e+02 1.101001326259947000e+01 2.534816786661614074e+01
1.977211102690413043e+02 1.111013830996589569e+01 2.536826828344069895e+01
1.977097442212959493e+02 1.121568965517241345e+01 2.541732663887836452e+01
1.977579840848806327e+02 1.132334217506631369e+01 2.544382531261841507e+01
1.977588783630162936e+02 1.138415119363395256e+01 2.543045282303902965e+01
1.977584274346343420e+02 1.137437665782493390e+01 2.543372489579386198e+01
1.977795585449033808e+02 1.136423266388783659e+01 2.548975558923834939e+01
1.978255191360363767e+02 1.138640962485790098e+01 2.552034482758620726e+01
1.978658033345964498e+02 1.140456801818870858e+01 2.557906782872300155e+01
1.979049658961727971e+02 1.143337817355058661e+01 2.561379120879120919e+01
1.980064304660856465e+02 1.150381205001894713e+01 2.566917392951875598e+01
1.981191151951496749e+02 1.148840469874952674e+01 2.570626752557787142e+01
1.982275369458128012e+02 1.148550587343690843e+01 2.572993179234558525e+01
1.983655930276619870e+02 1.154821333838575192e+01 2.575832322849564093e+01
1.984377756726032658e+02 1.158791208791208760e+01 2.583139636225843105e+01
1.985372697991663529e+02 1.160867563471011721e+01 2.587805797650625195e+01
1.985744012883668006e+02 1.159620121258052272e+01 2.594276998863205819e+01
1.986253448275862183e+02 1.161460970064418419e+01 2.601154793482379546e+01
1.986780238726790344e+02 1.163930845017051929e+01 2.605400151572565193e+01
1.987454926108374309e+02 1.165506820765441454e+01 2.612381583933307994e+01
1.988056707086017525e+02 1.170489010989011014e+01 2.614034861690034006e+01
1.988509530125047320e+02 1.174068586585828022e+01 2.616305797650625209e+01
1.988598901098901024e+02 1.181533156498673698e+01 2.615381583933308107e+01
1.989181186055323849e+02 1.188269609700644125e+01 2.616111026904130199e+01
1.989856782872300016e+02 1.194469117089806787e+01 2.621015157256536554e+01
1.990455854490337231e+02 1.201443728685108070e+01 2.618010420613869016e+01
1.991650473664266769e+02 1.199040545661235235e+01 2.635542629784008994e+01
1.992711595301250611e+02 1.192749526335733279e+01 2.649785335354300742e+01
1.993231527093596185e+02 1.191750663129973553e+01 2.653653656688139506e+01
1.992277870405456497e+02 1.185293671845395913e+01 2.650328912466843434e+01
1.988951610458506991e+02 1.159413603637741552e+01 2.632943918150814611e+01
1.985015687760515277e+02 1.132572186434255457e+01 2.592785714285714249e+01
1.981051856763925798e+02 1.109148920045471698e+01 2.559800492610837352e+01
1.978682076544145616e+02 1.093020083364910988e+01 2.538257673361121647e+01
1.977978874573702228e+02 1.090422129594543321e+01 2.530977643046608705e+01
1.978102804092459337e+02 1.094992042440318336e+01 2.528318870784388039e+01
1.977419287608942682e+02 1.099139446760136352e+01 2.536170708601743229e+01
1.976975577870405516e+02 1.103889730958696447e+01 2.539856384994315874e+01
1.977386131110268934e+02 1.102151193633952175e+01 2.545778135657446128e+01
1.977719306555513583e+02 1.110434255399772674e+01 2.551799166350890502e+01
1.978103201970443479e+02 1.116276809397499115e+01 2.558477264115195027e+01
1.978735581659719571e+02 1.125150625236832092e+01 2.554744410761652063e+01
1.979580011367942518e+02 1.131281356574459984e+01 2.552326828344069654e+01
1.980171163319439245e+02 1.135712769988631976e+01 2.551256347101174526e+01
1.980163774156877707e+02 1.140564607805987052e+01 2.544288935202728297e+01
1.980002804092459314e+02 1.142630541871921146e+01 2.542183023872679115e+01
1.980797783251231579e+02 1.138299545282303882e+01 2.563957559681697518e+01
1.981775198938992162e+02 1.140224327396741266e+01 2.574009283819628635e+01
1.982517658203865096e+02 1.140893709738537254e+01 2.589511178476695719e+01
1.983056820765441444e+02 1.149338196286472069e+01 2.593768093974990663e+01
1.983646456991284595e+02 1.151755020841227761e+01 2.596603069344448755e+01
1.984169780219780250e+02 1.160960022735884856e+01 2.588651004168245606e+01
1.984832967032967019e+02 1.171899962106858695e+01 2.584021220159151255e+01
1.985279575596817097e+02 1.179491852974611632e+01 2.578359416445623253e+01
1.985515081470254017e+02 1.189664645699128442e+01 2.572336870026525091e+01
1.986141871921182371e+02 1.197978021978022056e+01 2.573899204244031935e+01
1.987197669571807523e+02 1.192358658582796593e+01 2.581451875710496324e+01
1.988080617658203835e+02 1.189039029935581659e+01 2.588917771883289021e+01
1.989161633194391925e+02 1.191823986358469156e+01 2.592995073891625779e+01
1.989588347859037469e+02 1.188422887457370258e+01 2.599799355816597313e+01
1.989957597574838815e+02 1.193673929518757149e+01 2.598109132247063258e+01
1.990983061765820423e+02 1.192793482379689252e+01 2.615122394846532927e+01
1.991919268662372247e+02 1.201408677529367175e+01 2.627970822281167074e+01
1.992745774914740480e+02 1.205691170898067455e+01 2.635761462675255729e+01
1.993482436528988160e+02 1.205857521788556319e+01 2.637748389541492955e+01
1.994358677529367299e+02 1.211342364532019644e+01 2.646275483137551987e+01
1.995114475179992439e+02 1.210045850701023085e+01 2.652975179992421317e+01
1.994313812050018839e+02 1.202478021978022049e+01 2.650760704812428870e+01
1.991003050397877985e+02 1.172672603258810220e+01 2.630047934823796751e+01
1.986257749147404184e+02 1.134731716559302761e+01 2.604365100416824674e+01
1.982851496779082936e+02 1.112858848048503191e+01 2.586771504357711393e+01
1.981449317923455737e+02 1.114478021978021971e+01 2.563838575217885563e+01
1.980683630162940574e+02 1.121211254262978407e+01 2.548126942023493768e+01
1.980292307692307645e+02 1.127079954528230310e+01 2.546784198560060730e+01
1.979869950738916202e+02 1.130059681697612817e+01 2.542508715422508558e+01
1.979851780977643045e+02 1.130097006441834040e+01 2.539549829480863963e+01
1.980097063281546070e+02 1.129658014399393728e+01 2.556335354300871643e+01
1.980509549071618096e+02 1.130246684350132647e+01 2.570845206517620340e+01
1.981307313376278785e+02 1.127960591133004975e+01 2.582817544524441189e+01
1.981521409624857881e+02 1.130110458507010307e+01 2.589361121636983754e+01
1.981549867374005203e+02 1.137126942023493825e+01 2.581722432739674034e+01
1.981206972338006835e+02 1.142987305797650599e+01 2.576003410382720560e+01
1.980962997347480155e+02 1.149416066691928684e+01 2.568831375521030580e+01
1.981194410761652023e+02 1.157181508147025362e+01 2.567819818112921482e+01
1.981859511178476794e+02 1.162353921940128920e+01 2.571441076165213957e+01
1.982426885183781735e+02 1.165703486169003433e+01 2.575076733611216540e+01
1.982481962864721368e+02 1.160508904888215298e+01 2.590663508904888346e+01
1.983438688897309703e+02 1.161568018188707896e+01 2.602913603637741602e+01
1.983975293671845463e+02 1.164295377036756385e+01 2.608592459264873042e+01
1.984589825691549834e+02 1.168619931792345668e+01 2.619478969306555527e+01
1.985887912087912071e+02 1.171678287230011328e+01 2.613167677150435608e+01
1.987418965517241247e+02 1.173015915119363406e+01 2.609965517241379374e+01
1.988634217506631217e+02 1.179997347480106029e+01 2.606533156498673875e+01
1.989138745737021736e+02 1.187110269041303567e+01 2.607221295945434036e+01
1.990170310723758860e+02 1.197508147025388325e+01 2.609470253884046897e+01
1.990658393330807030e+02 1.200028230390299377e+01 2.610672603258810298e+01
1.991632057597574885e+02 1.201889541492989721e+01 2.615017620310723601e+01
1.992192724516862370e+02 1.204101743084501663e+01 2.621101174687381530e+01
1.993833137552103096e+02 1.203206896551724192e+01 2.618959264873058146e+01
1.994573076923076940e+02 1.209481432360742659e+01 2.623699696854869146e+01
1.994782228116710883e+02 1.211272830617658158e+01 2.634964001515725585e+01
1.995274687381584044e+02 1.212425161045850786e+01 2.646039219401288278e+01
1.995895490716180234e+02 1.217003599848427520e+01 2.654169382341796180e+01
1.996782739674119114e+02 1.218888404698749461e+01 2.665812618416066826e+01
1.997172319060250061e+02 1.225342175066312933e+01 2.669826638878362957e+01
1.997155342932929045e+02 1.226197233800682085e+01 2.668132436528988194e+01
1.994948048503220832e+02 1.204089048882152291e+01 2.644495263357332249e+01
1.991220424403182960e+02 1.171679802955664940e+01 2.613057787040545676e+01
1.987663508904888090e+02 1.147908866995073929e+01 2.591100795755968278e+01
1.985037419477074536e+02 1.126678097764304631e+01 2.577084501705191499e+01
1.983720594922318980e+02 1.130034861690034020e+01 2.566954528230390409e+01
1.983229575596816971e+02 1.142275483137552072e+01 2.558549640015157323e+01
1.982775502084122650e+02 1.145643804471390759e+01 2.556453391436150113e+01
1.982758791208791251e+02 1.150429329291398339e+01 2.550890109890109869e+01
1.983060003789314010e+02 1.151757862826828394e+01 2.558292156119742344e+01
1.983681811292155999e+02 1.157255399772641091e+01 2.557811292156119620e+01
1.984134804850322098e+02 1.161423076923076891e+01 2.565155551345206675e+01
1.984815157256536509e+02 1.161680939749905228e+01 2.572591890867752795e+01
1.984676828344069861e+02 1.160687571049639999e+01 2.570599090564607891e+01
1.984789162561576461e+02 1.159883668056081873e+01 2.571440697233800776e+01
1.984878950359984913e+02 1.162850322091701472e+01 2.570376278893520450e+01
1.984899924213717384e+02 1.168410193255020779e+01 2.573531830238726670e+01
1.985290621447518049e+02 1.175325881015536211e+01 2.574308260704812312e+01
1.985932891246684449e+02 1.183809208033346039e+01 2.580536377415687710e+01
1.986553808260704841e+02 1.192413035240621433e+01 2.586554566123531629e+01
1.987464134141720251e+02 1.199557218643425571e+01 2.591157256536567033e+01
1.988305077680939803e+02 1.201169192876089475e+01 2.593885941644562365e+01
1.989286169003410407e+02 1.205677339901477829e+01 2.592287798408488086e+01
1.990345414929897743e+02 1.211163698370594943e+01 2.590633952254641770e+01
1.991305873436907916e+02 1.217620879120879174e+01 2.598117847669571745e+01
1.992243444486547901e+02 1.214203296703296786e+01 2.614304471390678231e+01
1.993055930276619847e+02 1.217493558165971912e+01 2.625781167108753422e+01
1.993457351269420315e+02 1.218819249715801512e+01 2.634099848427434765e+01
1.994208923834785878e+02 1.219793103448275851e+01 2.645629405077680829e+01
1.994827699886320715e+02 1.224525009473285309e+01 2.650067639257294516e+01
1.995110401667298277e+02 1.226865858279651356e+01 2.651207843880257542e+01
1.996405191360363744e+02 1.232379689276240953e+01 2.655329859795376990e+01
1.997796400151572698e+02 1.240103827207275522e+01 2.664503978779841020e+01
1.998406858658582905e+02 1.239452823039029994e+01 2.671781735505873456e+01
1.998995395983326944e+02 1.244916635089048818e+01 2.678150246305418847e+01
1.999965593027662010e+02 1.249410193255020829e+01 2.672488253126184077e+01
2.001317146646456990e+02 1.252464190981432424e+01 2.669947707464949005e+01
2.002979689276241118e+02 1.255134141720348673e+01 2.671193633952254487e+01
2.003719837059492193e+02 1.259129405077680985e+01 2.669464759378552543e+01
2.002838347859037640e+02 1.256130352406214534e+01 2.660560439560439505e+01
1.999884388025767237e+02 1.233927245168624509e+01 2.639634331186055149e+01
1.995899469496021084e+02 1.199026714664645787e+01 2.622866047745358031e+01
1.993148427434634300e+02 1.181645888594164440e+01 2.615593785524820092e+01
1.991290015157256619e+02 1.171736453201970463e+01 2.604587912087912116e+01
1.990382322849564218e+02 1.166020841227737748e+01 2.601904888215232958e+01
1.990474270557029115e+02 1.166798219022356875e+01 2.606568586585828129e+01
1.990242895035998458e+02 1.172541871921182199e+01 2.610302955665024527e+01
1.990031148162182717e+02 1.174835354300871515e+01 2.620723190602500807e+01
1.990708715422508419e+02 1.181955854490337288e+01 2.634390109890109954e+01
1.991643255020841252e+02 1.192435392194012955e+01 2.635091133004926078e+01
1.992208033345964395e+02 1.197837059492231937e+01 2.635774535809018460e+01
1.992393027661993301e+02 1.199320386510041736e+01 2.640277188328912317e+01
1.992700170519136122e+02 1.199309208033345975e+01 2.641581091322470698e+01
1.993284463812049978e+02 1.199909245926487245e+01 2.639850701023114965e+01
1.993267696097006478e+02 1.201987495263357353e+01 2.645358848048503120e+01
1.993446930655551341e+02 1.207658203865100432e+01 2.646611974232664011e+01
1.993727415687760640e+02 1.205122394846532785e+01 2.655584501705191514e+01
1.995078704054566003e+02 1.211290640394088669e+01 2.666580712391057162e+01
1.995911064797271592e+02 1.211465138309965894e+01 2.677687381583933401e+01
1.996623474801060922e+02 1.216696286472148536e+01 2.687565744600227191e+01
1.997414607805987146e+02 1.222458507010231088e+01 2.692411140583554285e+01
1.998099583175445275e+02 1.224537703675634681e+01 2.688288366805608121e+01
1.998872281167108724e+02 1.228648920045471726e+01 2.684797271693823362e+01
1.999689939370973946e+02 1.239881583933308029e+01 2.681069154982948177e+01
2.000499545282303870e+02 1.241380447139067833e+01 2.684061576354679701e+01
2.001223796892762437e+02 1.247588291019325446e+01 2.684261083743842491e+01
2.001819325502084155e+02 1.249423266388783560e+01 2.684339522546419232e+01
2.002643766578249256e+02 1.250426487305797707e+01 2.688979158772262323e+01
2.002871959075407347e+02 1.252388025767336188e+01 2.688706138688897340e+01
2.003837097385373340e+02 1.257719401288366790e+01 2.694435581659719503e+01
2.004429386131110391e+02 1.261084122773777949e+01 2.692864721485411295e+01
2.004703031451307425e+02 1.264335733232285008e+01 2.700835164835164903e+01
2.005161917392951807e+02 1.263125047366426656e+01 2.705635089048882236e+01
2.006058601743084466e+02 1.266934444865479392e+01 2.710396930655551273e+01
2.006864153088291118e+02 1.269730579765062473e+01 2.716234179613489985e+01
2.007792194012883726e+02 1.280001705191360450e+01 2.719340848806366040e+01
2.007842629784009034e+02 1.281829859795377047e+01 2.719834785903751495e+01
2.006670765441455160e+02 1.271622015915119341e+01 2.713386510041682342e+01
2.003516805608184939e+02 1.250994505494505482e+01 2.695503410382720588e+01
2.000868245547555944e+02 1.231621068586585821e+01 2.679681129215612145e+01
1.999224763167866570e+02 1.220552103069344518e+01 2.672778325123152854e+01
1.999676600985221739e+02 1.210754452444107621e+01 2.675996968548692578e+01
2.000464266767715174e+02 1.210220348616900310e+01 2.678425161045850800e+01
2.001216938234179565e+02 1.209603637741568782e+01 2.685273588480485074e+01
2.002441246684350062e+02 1.212445812807881751e+01 2.691142667677150513e+01
2.003093671845396102e+02 1.225208601743084458e+01 2.700887078438802646e+01
2.003972546419098251e+02 1.237985032209170200e+01 2.706007768093974875e+01
2.004509321712770031e+02 1.245955665024630576e+01 2.714166350890488744e+01
2.004295509662751158e+02 1.250823796892762374e+01 2.706870973853732565e+01
2.004619003410382732e+02 1.248772641151951568e+01 2.711289124668434880e+01
2.004612239484653173e+02 1.249692686623721194e+01 2.716519136036377446e+01
2.005095528609321605e+02 1.247858848048503155e+01 2.710554566123531472e+01
2.005508848048503125e+02 1.249351269420234978e+01 2.711932360742705583e+01
2.005953220917014050e+02 1.255409245926487394e+01 2.714527093596059260e+01
2.006864096248579017e+02 1.257442591890867689e+01 2.721378741947707525e+01
2.007304679802955718e+02 1.261877036756347081e+01 2.728109132247063329e+01
2.007815081470253915e+02 1.274517430845017074e+01 2.717626563092080261e+01
2.008483876468359313e+02 1.284358279651383050e+01 2.714674876847290719e+01
2.008983535430087102e+02 1.289859984842743401e+01 2.713326638878363184e+01
2.009215649867373941e+02 1.296021030693444409e+01 2.709821902235695390e+01
2.009579499810534173e+02 1.294922697991663441e+01 2.717528609321712807e+01
2.010293122394846534e+02 1.292606479727169422e+01 2.718908677529367068e+01
2.010878457749147401e+02 1.289024251610458549e+01 2.726435392194012763e+01
2.011503921940128805e+02 1.288867374005305066e+01 2.728798029556650206e+01
2.012202614626752677e+02 1.286837438423645352e+01 2.736780977643046597e+01
2.012495755968169817e+02 1.289522735884804838e+01 2.737964759378552415e+01
2.012490488821523229e+02 1.294377984084880673e+01 2.736088669950738961e+01
2.012452444107616429e+02 1.299488632057597570e+01 2.733862826828343984e+01
2.012894202349374666e+02 1.304354111405835503e+01 2.731922887457370308e+01
2.012900284198560144e+02 1.310887836301629328e+01 2.728868321333838409e+01
2.012308071239105800e+02 1.308617089806744893e+01 2.721766578249336987e+01
2.010137343690792022e+02 1.283385562713148964e+01 2.712642099280030195e+01
2.006166369837059449e+02 1.251618416066691886e+01 2.697341227737779334e+01
2.003314399393709664e+02 1.223083743842364512e+01 2.675562902614626637e+01
2.001936282682834474e+02 1.215835354300871529e+01 2.668545850701023170e+01
2.000670197044335055e+02 1.219904130352406213e+01 2.660035619552860808e+01
2.000008317544524346e+02 1.227914740431981855e+01 2.654350132625994618e+01
2.000141265630920770e+02 1.235696854869268613e+01 2.649107427055702857e+01
2.000117165593027551e+02 1.236063092080333448e+01 2.649237211064797393e+01
2.000549109511178472e+02 1.244890867752936714e+01 2.648409624857900724e+01
2.001230901856764035e+02 1.252327586206896548e+01 2.651682076544145517e+01
2.001578874573702080e+02 1.248134331186055412e+01 2.663740431981811341e+01
2.001834160666919331e+02 1.247521978021977951e+01 2.675571807502841892e+01
2.001602065176203098e+02 1.242829291398256863e+01 2.681493179234558610e+01
2.001783630162940426e+02 1.244413224706328158e+01 2.691312428950359958e+01
2.002335126942023464e+02 1.245502273588480513e+01 2.692635089048881980e+01
2.002330826070481180e+02 1.245774156877605066e+01 2.698945433876468414e+01
2.002582284956422995e+02 1.250254641909814346e+01 2.706549261083743829e+01
2.002697385373247414e+02 1.249603448275862050e+01 2.710940886699507502e+01
2.003128476695717950e+02 1.253249336870026553e+01 2.711762220538082602e+01
2.003685354300871495e+02 1.256841038272072808e+01 2.715186055323986380e+01
2.004528135657446057e+02 1.256603258810155310e+01 2.709029367184539439e+01
2.005225293671845463e+02 1.256998673740053007e+01 2.703418529746116050e+01
2.005995358090185618e+02 1.260532019704433537e+01 2.702408677529367154e+01
2.006157881773399083e+02 1.264963243652898761e+01 2.698879689276240867e+01
2.006331394467601399e+02 1.267074460022735849e+01 2.695595490716180365e+01
2.006497688518378197e+02 1.276113489958317615e+01 2.693066312997347467e+01
2.006497404319817974e+02 1.285288177339901416e+01 2.688464948844259084e+01
2.007320992800303259e+02 1.288175255778704020e+01 2.692855437665782503e+01
2.007933990147783163e+02 1.292529367184539524e+01 2.692547745358090339e+01
2.008337665782493389e+02 1.297418529746116000e+01 2.693609700644183391e+01
2.009231564986737339e+02 1.298642288745737083e+01 2.701008904888215056e+01
2.009790394088669814e+02 1.298018946570670629e+01 2.699600416824554827e+01
2.009843463433118700e+02 1.299143615005684005e+01 2.702090185676392409e+01
2.009227927245168530e+02 1.293900341038272117e+01 2.692629594543387483e+01
2.006420329670329750e+02 1.273719590754073572e+01 2.674979537703675803e+01
2.003061311102690354e+02 1.232914740431981748e+01 2.678199696854869316e+01
2.000395073891625657e+02 1.207182076544145488e+01 2.673630352406214428e+01
1.998575634710117583e+02 1.191430845017051965e+01 2.671000189465706853e+01
1.997402519893899182e+02 1.182330049261083715e+01 2.665081280788177409e+01
1.997013471011746901e+02 1.174201023114816245e+01 2.670331375521030637e+01
1.996018700265252050e+02 1.183432171276998801e+01 2.647406403940886577e+01
1.995147669571807398e+02 1.192710685865858267e+01 2.632726600985221665e+01
1.995213300492610813e+02 1.202886131110269119e+01 2.627897309586964880e+01
1.995239901477832518e+02 1.208014778325123117e+01 2.628104774535809085e+01
1.995413092080333399e+02 1.216575786282682792e+01 2.625395035998484161e+01
1.995609928003031541e+02 1.214934065934065899e+01 2.633969306555513512e+01
1.995534710117468649e+02 1.211637552103069382e+01 2.639104395604395492e+01
1.995966881394467691e+02 1.211251799924213657e+01 2.642983895414930018e+01
1.995761026904130233e+02 1.208547176960970049e+01 2.641183023872678959e+01
1.995953164077301949e+02 1.207339712012125865e+01 2.645684918529746099e+01
1.996922735884804752e+02 1.212730579765062444e+01 2.650302008336491255e+01
1.997619154982947975e+02 1.213253126184160635e+01 2.655160856384994261e+01
1.997977548313755278e+02 1.217352974611595329e+01 2.658792724516862549e+01
1.998759397499052568e+02 1.222223001136794274e+01 2.665914172034861807e+01
1.999560439560439420e+02 1.231520651762031093e+01 2.670476885183781590e+01
1.999897707464948837e+02 1.233755968169761275e+01 2.670345774914740389e+01
2.000365668813944637e+02 1.234619173929518787e+01 2.674724706328154511e+01
2.000814266767715139e+02 1.241077491474043271e+01 2.677368889730958657e+01
2.001201913603637763e+02 1.244170140204622932e+01 2.682489200454717704e+01
2.001696835922697915e+02 1.247947707464948763e+01 2.683168056081849073e+01
2.001938632057597545e+02 1.246252557787040516e+01 2.681052482000757919e+01
2.002795320197044475e+02 1.253241758241758319e+01 2.679179613489958456e+01
2.003636112163698328e+02 1.253750094732853348e+01 2.675754641909814424e+01
2.003946513830996707e+02 1.258110837438423601e+01 2.683813186813186746e+01
2.004305646078059908e+02 1.263873815839333048e+01 2.685423455854490271e+01
2.004598616900341028e+02 1.273643993937097463e+01 2.684507578628268121e+01
2.004712580522925407e+02 1.278753505115574107e+01 2.689660287987874199e+01
2.004501496779082856e+02 1.277497915877226298e+01 2.682789314134141634e+01
2.002672300113679285e+02 1.267417014020462318e+01 2.671581091322470769e+01
1.999311007957559809e+02 1.241125994694960255e+01 2.655747631678666210e+01
1.995675767336112187e+02 1.204560060629026097e+01 2.641231148162182762e+01
1.993301458885941599e+02 1.177649677908298642e+01 2.636229253505115722e+01
1.991518397120121335e+02 1.162835164835164825e+01 2.627658961727927078e+01
1.991014134141720433e+02 1.158155172413793110e+01 2.627759946949602110e+01
1.989937855248199980e+02 1.152207275483137572e+01 2.621960022735884976e+01
1.989082644941265698e+02 1.159016862447897012e+01 2.614244221295945536e+01
1.988619874952633495e+02 1.173914361500568404e+01 2.605293103448275716e+01
1.988663319439181407e+02 1.181415877226222122e+01 2.606161424782114366e+01
1.989131508147025329e+02 1.191692118226601060e+01 2.608038651004168074e+01
1.989556934444865419e+02 1.196062713148920054e+01 2.609193255020841207e+01
1.989836794240242455e+02 1.200183402804092481e+01 2.601403940886699573e+01
1.990155683971201199e+02 1.198210875331565006e+01 2.605505305039787700e+01
1.990300719969685588e+02 1.197109321712770047e+01 2.604180750284198709e+01
1.990316199317923349e+02 1.195785524820007595e+01 2.605103069344448485e+01
1.990676866237211016e+02 1.199700833649109555e+01 2.605017999242137350e+01
1.990717923455854361e+02 1.204425729442970905e+01 2.603524630541872042e+01
1.991494240242516014e+02 1.209940507768093987e+01 2.607775483137552186e+01
1.991923399014778227e+02 1.214278514588859359e+01 2.610955854490337202e+01
1.992226733611216503e+02 1.215535430087154189e+01 2.614868510799545120e+01
1.992845452823038954e+02 1.221335733232285037e+01 2.616106479727169543e+01
1.993099943160287921e+02 1.219922508525956850e+01 2.618162751042061487e+01
1.993917449791587728e+02 1.221097195907540822e+01 2.621462864721485531e+01
1.994366123531640653e+02 1.222234179613490035e+01 2.625033914361500464e+01
1.994720045471769652e+02 1.222311671087533114e+01 2.626134899583175297e+01
1.994853789314134076e+02 1.225028988253126272e+01 2.622669382341796052e+01
1.995138139446760022e+02 1.225899962106858609e+01 2.628860553239863762e+01
1.995473872679044973e+02 1.224572565365668808e+01 2.637647214854111510e+01
1.996332133383857581e+02 1.223847859037514141e+01 2.642582038651004339e+01
1.997079177718833023e+02 1.229649298976885241e+01 2.645915687760515311e+01
1.997781205001894591e+02 1.232178287230011371e+01 2.651456233421750497e+01
1.998255058734368959e+02 1.241804092459264908e+01 2.651502084122773795e+01
1.999149924213717213e+02 1.251863584691170850e+01 2.654995642288745827e+01
2.000106006062902679e+02 1.263080712391057148e+01 2.653993558165971933e+01
2.000640583554376519e+02 1.269593785524820007e+01 2.654937286851080103e+01
2.000467999242137296e+02 1.266101932550208353e+01 2.650011936339522478e+01
1.998666938234179611e+02 1.235254452444107542e+01 2.652490716180371422e+01
1.995450795755968159e+02 1.205839712012125808e+01 2.641918340280409083e+01
1.992774933687002772e+02 1.181845017051913516e+01 2.627444865479348124e+01
1.991228363016294054e+02 1.166395414929897711e+01 2.627601743084501607e+01
1.990435297461159507e+02 1.160894278135657487e+01 2.622188897309586864e+01
1.989283232284956284e+02 1.163623342175066355e+01 2.613974990526714492e+01
1.988637286851079864e+02 1.166980106100795744e+01 2.610040735126942124e+01
1.988146040166729733e+02 1.165670140204622918e+01 2.609848237968927620e+01
1.988709511178476816e+02 1.172408298597953724e+01 2.612530125047366525e+01
1.989384444865479225e+02 1.184216559302766214e+01 2.614724516862447956e+01
1.989713243652898882e+02 1.194854111405835617e+01 2.611918719211822548e+01
1.989489749905267217e+02 1.202659719590754150e+01 2.607267904509283696e+01
1.989645793861311063e+02 1.208014399393709759e+01 2.605660287987874213e+01
1.989454490337248842e+02 1.209287419477074721e+01 2.599229064039408854e+01
1.989728154604016765e+02 1.206311860553239867e+01 2.605905835543766713e+01
1.990434691170898134e+02 1.208049640015157244e+01 2.604051724137930890e+01
1.991429139825691550e+02 1.209235884804850336e+01 2.613671087533156623e+01
1.992866748768472860e+02 1.207182455475558847e+01 2.612728306176581938e+01
1.993412447896930644e+02 1.213972716938234164e+01 2.622230011367942382e+01
1.993401136794240358e+02 1.219347101174687431e+01 2.620922887457370365e+01
1.994009359605911413e+02 1.225855627131489278e+01 2.626522167487684811e+01
1.994800606290261555e+02 1.228106858658582823e+01 2.628423266388783475e+01
1.995439901477832620e+02 1.232448275862068954e+01 2.627461727927245150e+01
1.996186377415687900e+02 1.241264115195149742e+01 2.630415498294808785e+01
1.997358052292535149e+02 1.238012883668056041e+01 2.629601553618795151e+01
1.998547726411519534e+02 1.240475179992421317e+01 2.629714664645699074e+01
1.999446987495263386e+02 1.247575028419855947e+01 2.630316407730200723e+01
2.000344391815081337e+02 1.247940507768093887e+01 2.635298029556650334e+01
2.000718093974990666e+02 1.248500757862826838e+01 2.637539029935581780e+01
2.001672887457370109e+02 1.253446002273588533e+01 2.638852027283061830e+01
2.001517355058734324e+02 1.250059302766199387e+01 2.654442781356574343e+01
2.001782038651004143e+02 1.249779840848806423e+01 2.670639257294429569e+01
2.002547688518378095e+02 1.253889162561576320e+01 2.681788935202728297e+01
2.003317771883289140e+02 1.259292345585449091e+01 2.687401667298219010e+01
2.004306763925729342e+02 1.264561576354679850e+01 2.689517430845016932e+01
2.005029689276240958e+02 1.268317544524441054e+01 2.689409624857900738e+01
2.005081754452444045e+02 1.268651762031072394e+01 2.691741758241758120e+01
2.003884028040924647e+02 1.260374763167866696e+01 2.678273020083364742e+01
2.000216957180750228e+02 1.234167866616142462e+01 2.657127699886320471e+01
1.996077529367184411e+02 1.206725843122394792e+01 2.637909435392193913e+01
1.993836396362258370e+02 1.189597195907540694e+01 2.618170519136036489e+01
1.992571314892004466e+02 1.184446570670708532e+01 2.608324933687002556e+01
1.992137286851080091e+02 1.184785714285714242e+01 2.601729064039408712e+01
1.992167260325880989e+02 1.188662751042061316e+01 2.601477453580901766e+01
1.992441492989768790e+02 1.195269799166350921e+01 2.612866805608184961e+01
1.992628003031451271e+02 1.200804850322091788e+01 2.623046419098143289e+01
1.993678723001136746e+02 1.208089427813565742e+01 2.633347101174687310e+01
1.994417392951875740e+02 1.218791777188328851e+01 2.638159530125047425e+01
1.995269609700644082e+02 1.225453959833270190e+01 2.643905267146646310e+01
1.996096570670708559e+02 1.232163319439181492e+01 2.650839901477832683e+01
1.996412580522925282e+02 1.240697044334975452e+01 2.645868131868131812e+01
1.996467411898446471e+02 1.242382152330428191e+01 2.643637931034482591e+01
1.996673967411898332e+02 1.245227548313755150e+01 2.643636036377415621e+01
1.996416123531640778e+02 1.246352974611595243e+01 2.641066691928761045e+01
1.996538196286472271e+02 1.242302955665024555e+01 2.638359605911330164e+01
1.996689314134141853e+02 1.238100416824554806e+01 2.645036187949980899e+01
1.997048995831754326e+02 1.240705949223190530e+01 2.649696097006441775e+01
1.997457768093975119e+02 1.240684350132626079e+01 2.653288556271314746e+01
1.997346911708980599e+02 1.242823417961349008e+01 2.650845585449033592e+01
1.997373285335354183e+02 1.244234558544903457e+01 2.653400530503978771e+01
1.997698957938613091e+02 1.240388973095869574e+01 2.646392194012883792e+01
1.998281943918150887e+02 1.240928760894278149e+01 2.644165782493368866e+01
1.998740261462675392e+02 1.240493179234558596e+01 2.641845964380447143e+01
1.999437987874194675e+02 1.247105911330049288e+01 2.647509283819628578e+01
1.999450132625994740e+02 1.254955665024630562e+01 2.642836680560818508e+01
1.999974346343311993e+02 1.262106100795755914e+01 2.642899583175445244e+01
2.000157673361121624e+02 1.267770367563471012e+01 2.642996968548692749e+01
2.000359492231906131e+02 1.271968738158393286e+01 2.646301061007957500e+01
2.001177605153467312e+02 1.281273777946191750e+01 2.650452823039029937e+01
2.002220007578628156e+02 1.285965327775672584e+01 2.657910003789314146e+01
2.002665251989389787e+02 1.282485411140583587e+01 2.661882720727548346e+01
2.002286055323986318e+02 1.274645699128457821e+01 2.665919098143235999e+01
2.000390924592648787e+02 1.258047176960970148e+01 2.658611595301250574e+01
1.996922091701402167e+02 1.229001326259946936e+01 2.634799355816597100e+01
1.993802709359605956e+02 1.200672603258810156e+01 2.627053050397877954e+01
1.991731868131868168e+02 1.182136415308829136e+01 2.618800682076544106e+01
1.990816256157635564e+02 1.172403561955286122e+01 2.620020083364910946e+01
1.990709568018188804e+02 1.163158014399393636e+01 2.619592459264872986e+01
1.990898143236074134e+02 1.168742705570291740e+01 2.624450170519136094e+01
1.991061424782114386e+02 1.173310913224706376e+01 2.627037514209927949e+01
1.991098673740053187e+02 1.184122963243652826e+01 2.621312239484653261e+01
1.991300606290261328e+02 1.191474422129594579e+01 2.619648162182645024e+01
1.991652292535051174e+02 1.196010989010989078e+01 2.619315460401667295e+01
1.991556839712011993e+02 1.196927624100037946e+01 2.618939749905267078e+01
1.991321295945433860e+02 1.206816218264494189e+01 2.614383857521788457e+01
1.991091114058355345e+02 1.206788366805608170e+01 2.613109700644183420e+01
1.990747650625236815e+02 1.205286851079954502e+01 2.613588859416445587e+01
1.990717241379310281e+02 1.209256536566881479e+01 2.614492231906024955e+01
1.991546305418719101e+02 1.215710496400151541e+01 2.619202538840469785e+01
1.991683004926108254e+02 1.220142857142857196e+01 2.616024062144751738e+01
1.992359776430465956e+02 1.226828344069723364e+01 2.608569912845774752e+01
1.993032929139825740e+02 1.233562334217506695e+01 2.603735126942023470e+01
1.993576714664645806e+02 1.239399583175445230e+01 2.600735316407730124e+01
1.994459965896172662e+02 1.241100795755968100e+01 2.605513641530883007e+01
1.995287855248199946e+02 1.247412087912087841e+01 2.607129594543387796e+01
1.996126051534672285e+02 1.241491474043198195e+01 2.624495452823039088e+01
1.996432891246684278e+02 1.239982948086396419e+01 2.631374573702159836e+01
1.996767544524441007e+02 1.237741000378931489e+01 2.640791587722622324e+01
1.997373834785903739e+02 1.244719401288366889e+01 2.647748389541493097e+01
1.997829973474801193e+02 1.244319249715801412e+01 2.651631489200454794e+01
1.998323380068207769e+02 1.249566502463054185e+01 2.649210117468738090e+01
1.998708014399393846e+02 1.256885373247442139e+01 2.647669003410382871e+01
1.999179329291398233e+02 1.260845017051913608e+01 2.650064039408866989e+01
1.999607578628268243e+02 1.263273777946191778e+01 2.654078249336869888e+01
1.999669571807502848e+02 1.258586017430845061e+01 2.656552292535051052e+01
1.999995130731337554e+02 1.255477832512315217e+01 2.658179424024251603e+01
2.000162997347480029e+02 1.253404509283819657e+01 2.659603258810155424e+01
1.997854547176960978e+02 1.234395225464190915e+01 2.643828154604016589e+01
1.993049848427434654e+02 1.197056460780598641e+01 2.618702728306176652e+01
1.989019969685487013e+02 1.167533914361500536e+01 2.598037324744221266e+01
1.986120822281167193e+02 1.147379499810534220e+01 2.586190791966653890e+01
1.984566028798787443e+02 1.139427245168624481e+01 2.576722243273967550e+01
1.983696381205001842e+02 1.136094543387646816e+01 2.576767146646457007e+01
1.983086528988253008e+02 1.134559871163319400e+01 2.573550397877984253e+01
1.982397252747252878e+02 1.144770178097764379e+01 2.559623342175066441e+01
1.981542269799166434e+02 1.152701970443349744e+01 2.545238537324744144e+01
1.981869249715801402e+02 1.164379689276240981e+01 2.547515346722243379e+01
1.982067809776430352e+02 1.174645130731337694e+01 2.547296892762410181e+01
1.982358393330807189e+02 1.179342553997726384e+01 2.548500568397120247e+01
1.982819874952633654e+02 1.181785903751421074e+01 2.552241758241758163e+01
1.983468226600985247e+02 1.183422508525956829e+01 2.549797650625236756e+01
1.983540071996968663e+02 1.183850701023114738e+01 2.551360932171277085e+01
1.983702709359606047e+02 1.186187760515346667e+01 2.546524062144751710e+01
1.984463736263736280e+02 1.192196665403561973e+01 2.546674876847290747e+01
1.985389389920424321e+02 1.198580522925350600e+01 2.549913224706328307e+01
1.986808147025388394e+02 1.200413603637741566e+01 2.556425161045850558e+01
1.987780257673361177e+02 1.203787798408488108e+01 2.564866995073891687e+01
1.988014342553997835e+02 1.203124478969306566e+01 2.566147025388404757e+01
1.988678116710875372e+02 1.204472148541113974e+01 2.569394846532777521e+01
1.989286187949981013e+02 1.210936150056839722e+01 2.574360553239863592e+01
1.989169192876089483e+02 1.219319249715801412e+01 2.573000000000000043e+01
1.989211500568397071e+02 1.224357711254262959e+01 2.569899014778325252e+01
1.989569799166350776e+02 1.232420424403183112e+01 2.572649109511178622e+01
1.989907294429708315e+02 1.235504547176961054e+01 2.571494694960212257e+01
1.990225464190981484e+02 1.239182076544145517e+01 2.579361121636983611e+01
1.991048219022356989e+02 1.233763357332322919e+01 2.590023683213338401e+01
1.991921940128836752e+02 1.229447707464948891e+01 2.601718453959833255e+01
1.993939977264115271e+02 1.216562523683213293e+01 2.619763925729442988e+01
1.994356119742326712e+02 1.222091322470632768e+01 2.622162751042061402e+01
1.994109226979916514e+02 1.223365100416824625e+01 2.624201591511936371e+01
1.994260174308450075e+02 1.232198181129215619e+01 2.619360932171277057e+01
1.994682171276998872e+02 1.239757104964001577e+01 2.617700833649109526e+01
1.995082815460401662e+02 1.245984653277756671e+01 2.621872868510799393e+01
1.994968321333838617e+02 1.247210117468738133e+01 2.615363016294050880e+01
1.992689408866995109e+02 1.229504926108374363e+01 2.600096059113300484e+01
1.989151231527093557e+02 1.201453580901856810e+01 2.582974801061007852e+01
1.985339181508147135e+02 1.168673740053050381e+01 2.565464948844259041e+01
1.982774668435013155e+02 1.149467411898446301e+01 2.552566691928760889e+01
1.981200435771125399e+02 1.138173550587343641e+01 2.546882910193254901e+01
1.980269609700644082e+02 1.131862826828344026e+01 2.541538272072754978e+01
1.979472754831375596e+02 1.136762599469495960e+01 2.542655740810913301e+01
1.978518548692686636e+02 1.136930466085638436e+01 2.544401667298219039e+01
1.978164304660856487e+02 1.136966464569912816e+01 2.544744031830238740e+01
1.978175369458128046e+02 1.140044524441076135e+01 2.546685865858279740e+01
1.978655286093217001e+02 1.143560818491853048e+01 2.549096438044713864e+01
1.978985070102311568e+02 1.154719401288366853e+01 2.543464569912845619e+01
1.979522243273967490e+02 1.160060629026146195e+01 2.539232474422129471e+01
1.979520575975748500e+02 1.159377794619173940e+01 2.534560060629026168e+01
1.979710894278135527e+02 1.160157824933686932e+01 2.535761652140962497e+01
1.979484804850322064e+02 1.158549640015157323e+01 2.534128836680560681e+01
1.979784065934065893e+02 1.166159340659340593e+01 2.532512125805229175e+01
1.980127813565744646e+02 1.170151951496779041e+01 2.534613868889730881e+01
1.981036434255399854e+02 1.177744410761652105e+01 2.539338196286472282e+01
1.981748124289503608e+02 1.183994505494505489e+01 2.539861500568397190e+01
1.982252766199318046e+02 1.186913982569154946e+01 2.543042250852595743e+01
1.982646854869268793e+02 1.184780598711633282e+01 2.553871352785145987e+01
1.983019799166350765e+02 1.189281924971580118e+01 2.564026146267525519e+01
1.983805627131489189e+02 1.188716748768472975e+01 2.575183592269799249e+01
1.984001288366805511e+02 1.190792535051155809e+01 2.580511178476695733e+01
1.984642269799166456e+02 1.193244600227358809e+01 2.584448465327775679e+01
1.985325653656688019e+02 1.204583743842364463e+01 2.570980863963622554e+01
1.986314001515725636e+02 1.209252747252747184e+01 2.561715043577112638e+01
1.986551629405077790e+02 1.218128647214854077e+01 2.556611595301250617e+01
1.986803088291019321e+02 1.221496779082985995e+01 2.556546608563849787e+01
1.986929518757104915e+02 1.225424782114437328e+01 2.559254831375520922e+01
1.988233251231526992e+02 1.217461159530125059e+01 2.578460780598711466e+01
1.989193615005683853e+02 1.205992231906025047e+01 2.595857900719969535e+01
1.989889560439560512e+02 1.201940697233800748e+01 2.611737968927624109e+01
1.990705532398635853e+02 1.200668245547555912e+01 2.621308071239105786e+01
1.991586661614247760e+02 1.203429897688518402e+01 2.629388215233042914e+01
1.992293046608563714e+02 1.210131678666161470e+01 2.620362068965517111e+01
1.993256309208033485e+02 1.215996589617279255e+01 2.614547555892383457e+01
1.993064645699128334e+02 1.209001515725653597e+01 2.608962296324365226e+01
1.990241398256915488e+02 1.188085449033724927e+01 2.593193823417961497e+01
1.986138688897309521e+02 1.159892951875710487e+01 2.566496589617279156e+01
1.982809852216748823e+02 1.134570670708601803e+01 2.552036187949980928e+01
1.980791019325502020e+02 1.122903751420992791e+01 2.546603448275861936e+01
1.979153884046987457e+02 1.111274535809018538e+01 2.539456801818870701e+01
1.978692857142857235e+02 1.111647214854111354e+01 2.539682834406972489e+01
1.978284634331185998e+02 1.106325123152709367e+01 2.539200075786282795e+01
1.977733345964380476e+02 1.121920424403183070e+01 2.523286851079954474e+01
1.977136585827965121e+02 1.133104964001515746e+01 2.510562334217506475e+01
1.977286813186813106e+02 1.147365479348238004e+01 2.508767525577870572e+01
1.977138594164456151e+02 1.153135278514588791e+01 2.510195339143615101e+01
1.977184710117468853e+02 1.156015346722243287e+01 2.509621068586585935e+01
1.977900757862826708e+02 1.155205380826070538e+01 2.509419666540356175e+01
1.978521561197423182e+02 1.158045092838196233e+01 2.508045850701023127e+01
1.979259113300492743e+02 1.146179992421371807e+01 2.506818870784388054e+01
1.979650814702538923e+02 1.154019136036377446e+01 2.511778514588859323e+01
1.980191625615763655e+02 1.162574460022735856e+01 2.512649298976885248e+01
1.980350492610837421e+02 1.162329480863963660e+01 2.523480106100795695e+01
1.980540071996968550e+02 1.166773209549071666e+01 2.535844069723379945e+01
1.981301837817354965e+02 1.175039029935581603e+01 2.546348616900341000e+01
1.981995301250473744e+02 1.178259378552482062e+01 2.551117468738158323e+01
1.982598749526335666e+02 1.185461348995831798e+01 2.557398825312618484e+01
1.983524100037893163e+02 1.189657824933686925e+01 2.567906214475179993e+01
1.984110742705570374e+02 1.200219022356953325e+01 2.570962106858658558e+01
1.984414380447139195e+02 1.203470064418340257e+01 2.570911708980674604e+01
1.985110458507010094e+02 1.211255968169761310e+01 2.574828344069723229e+01
1.985846949602122038e+02 1.214242895035998515e+01 2.578718832891246748e+01
1.986990507768094005e+02 1.223336680560818479e+01 2.575922697991663668e+01
1.987459056460780573e+02 1.226685297461159507e+01 2.573490905646077920e+01
1.988016502463054280e+02 1.229208412277377782e+01 2.575048882152330521e+01
1.988383308071239242e+02 1.232711254262978429e+01 2.573772451686244622e+01
1.989084084880636567e+02 1.239621068586585828e+01 2.576207464948844361e+01
1.990226070481242857e+02 1.233001705191360386e+01 2.601576354679803060e+01
1.990980011367942382e+02 1.231318681318681385e+01 2.612296703296703271e+01
1.992120443349753600e+02 1.228459454338764623e+01 2.628190223569533757e+01
1.992665270935960677e+02 1.225308829101932595e+01 2.632739674118984397e+01
1.993216483516483493e+02 1.231568207654414593e+01 2.637953580901856654e+01
1.994121542250852599e+02 1.229753694581280854e+01 2.647742516104585064e+01
1.994025142099280004e+02 1.223439749905267071e+01 2.650027283061765715e+01
1.992110610079575679e+02 1.204419477074649514e+01 2.638920045471769527e+01
1.988196570670708638e+02 1.174713148920045391e+01 2.619280788177339758e+01
1.985481205001894693e+02 1.153949791587722551e+01 2.600009852216748740e+01
1.983089465706707131e+02 1.145560060629026111e+01 2.577684918529746128e+01
1.981139806744979239e+02 1.143399014778325196e+01 2.553999052671466430e+01
1.980116199317923531e+02 1.145293861311102646e+01 2.541814134141720416e+01
1.980130522925350647e+02 1.148503789314134060e+01 2.544225653656688024e+01
1.980031602879878676e+02 1.154533724895793867e+01 2.538244979158772097e+01
1.979802538840469879e+02 1.160480485032209153e+01 2.540985979537703798e+01
1.980002652519893900e+02 1.170438044713906756e+01 2.536783061765820335e+01
1.980605437665782631e+02 1.174148730579765143e+01 2.541481621826449455e+01
1.980866464569912750e+02 1.179934444865479293e+01 2.539292724516862521e+01
1.980947423266388796e+02 1.181458696475937842e+01 2.542375331564986851e+01
1.980754035619552837e+02 1.179522546419098106e+01 2.543521409624857910e+01
1.981355665024630639e+02 1.181092838196286543e+01 2.543332322849564164e+01
1.981731906025009380e+02 1.185283630162940582e+01 2.545049450549450398e+01
1.982123095869647500e+02 1.191636415308829022e+01 2.547683781735505804e+01
1.982878154604016743e+02 1.197198560060629013e+01 2.552682076544145673e+01
1.984485638499431559e+02 1.194546987495263402e+01 2.564032967032967036e+01
1.985176676771504276e+02 1.192312997347480064e+01 2.577571428571428669e+01
1.985827339901477728e+02 1.191680560818491941e+01 2.580917961348995959e+01
1.987139067828723000e+02 1.194910761652140962e+01 2.594064986737400602e+01
1.987642629784009216e+02 1.199829859795377018e+01 2.591918340280409083e+01
1.987483838575217874e+02 1.203215611974232679e+01 2.607090375142099248e+01
1.987605077680939871e+02 1.210587154225085271e+01 2.619763736263736220e+01
1.988558184918529719e+02 1.218690413035240638e+01 2.629201780977643210e+01
1.988904149298977018e+02 1.220375899962106914e+01 2.635134331186055334e+01
1.989166104585070229e+02 1.222788935202728311e+01 2.637420234937476238e+01
1.990155570291777281e+02 1.231512504736642732e+01 2.621028609321712821e+01
1.991224630541871932e+02 1.235674118984463732e+01 2.609624289503599925e+01
1.992174630541871920e+02 1.243530693444486523e+01 2.605424403183024040e+01
1.993095168624479072e+02 1.253120879120879039e+01 2.606283630162940668e+01
1.993793804471390558e+02 1.256892951875710551e+01 2.608234369079196568e+01
1.994807787040545577e+02 1.257103258810155388e+01 2.609696286472148685e+01
1.995481337627889218e+02 1.259683592269799135e+01 2.613519136036377333e+01
1.996440261462675210e+02 1.246307502841985659e+01 2.616947139067828587e+01
1.996407787040545543e+02 1.251236074270557097e+01 2.618007768093974974e+01
1.996075805229253604e+02 1.249369079196665488e+01 2.608063281546040102e+01
1.992598370594922415e+02 1.230580143993937092e+01 2.585614816218264522e+01
1.988543785524819896e+02 1.202874384236453231e+01 2.562014020462296315e+01
1.984657180750284340e+02 1.176752178855627129e+01 2.533843501326260039e+01
1.983131261841606658e+02 1.164908488063660563e+01 2.526198370594922338e+01
1.981998332701780896e+02 1.158776051534672291e+01 2.523112921561197552e+01
1.980858109132247193e+02 1.154882152330428191e+01 2.531162940507768155e+01
1.980695774914740355e+02 1.154599848427434594e+01 2.549574081091322597e+01
1.980549469496021118e+02 1.155756536566881465e+01 2.559311860553239981e+01
1.981559757483895510e+02 1.165067070860174248e+01 2.564419856006063014e+01
1.982198863205759665e+02 1.181071049640015147e+01 2.554965517241379303e+01
1.982978457749147481e+02 1.191554755589238290e+01 2.554640773020083344e+01
1.983514096248578937e+02 1.197766388783630198e+01 2.555646456991284410e+01
1.983369268662372065e+02 1.200055134520651734e+01 2.552771693823417820e+01
1.983688442591890748e+02 1.199607805987116294e+01 2.552796134899583080e+01
1.983870575975748523e+02 1.203390299355816673e+01 2.553009662751042086e+01
1.983988745737021588e+02 1.206328533535430125e+01 2.555740810913224692e+01
1.984202898825312502e+02 1.208520841227737819e+01 2.553822281167108699e+01
1.984164077302008309e+02 1.208953770367563507e+01 2.558414361500568290e+01
1.984837438423645324e+02 1.211388973095869659e+01 2.557572944297082174e+01
1.985797612732095558e+02 1.221804850322091696e+01 2.552407919666540437e+01
1.986340735126942150e+02 1.226072565365668865e+01 2.554888973095869531e+01
1.987421864342553874e+02 1.233809397499052629e+01 2.558990716180371194e+01
1.988416691928760827e+02 1.239109890109890166e+01 2.565236074270557154e+01
1.989328495642288885e+02 1.246694581280788228e+01 2.569640773020083202e+01
1.990075899962106973e+02 1.251756347101174605e+01 2.573418719211822747e+01
1.990433857521788639e+02 1.247747063281546076e+01 2.585448844259189016e+01
1.991417165593027789e+02 1.251135278514588833e+01 2.597380447139067883e+01
1.992612182644941186e+02 1.256642667677150449e+01 2.608517241379310292e+01
1.993255305039787686e+02 1.259624857900720052e+01 2.611821144372868631e+01
1.994213167866616061e+02 1.259618605532398661e+01 2.613754073512694376e+01
1.995766445623342236e+02 1.259382531261841542e+01 2.623826828344069639e+01
1.996809397499052636e+02 1.264292913982569111e+01 2.628133762788935357e+01
1.997436547934823921e+02 1.265882720727548261e+01 2.635518946570670806e+01
1.998342970822281188e+02 1.270351648351648421e+01 2.638275862068965694e+01
1.999565839333080817e+02 1.279676960970064492e+01 2.641833838575217897e+01
2.000376051534672115e+02 1.277374005305039795e+01 2.653949412656309192e+01
2.000294429708222879e+02 1.272626563092080332e+01 2.660918150814702443e+01
1.998843652898825383e+02 1.256803713527851407e+01 2.659492610837438420e+01
1.995623380068207666e+02 1.233373626373626308e+01 2.640721106479726998e+01
1.992971864342553943e+02 1.212416066691928762e+01 2.626971390678287221e+01
1.991817070860174397e+02 1.203980485032209202e+01 2.614103448275862007e+01
1.990960496400151669e+02 1.199791966654035669e+01 2.605938613111026925e+01
1.991014721485411201e+02 1.202094353921940062e+01 2.601898825312618513e+01
1.991230693444486519e+02 1.201170519136036319e+01 2.606678476695718061e+01
1.992020291777188277e+02 1.206043387646835896e+01 2.608006441834028166e+01
1.992452065176203178e+02 1.210608184918529773e+01 2.616850322091701386e+01
1.992462561576354574e+02 1.216354679802955729e+01 2.618935581659719602e+01
1.992844562334217642e+02 1.223945244410761646e+01 2.619977832512315175e+01
1.992744827586206782e+02 1.222601553618794945e+01 2.621146835922698060e+01
1.993411481621826340e+02 1.232185865858279605e+01 2.626545282303903051e+01
1.993516919287608857e+02 1.239005115574081017e+01 2.622536945812807829e+01
1.993612504736642563e+02 1.243226979916635067e+01 2.616629973474801218e+01
1.993790962485790033e+02 1.246002841985600540e+01 2.617123531640773137e+01
1.994398162182644967e+02 1.247802197802197810e+01 2.617848237968927450e+01
1.995302008336491042e+02 1.255026904130352428e+01 2.624241758241758404e+01
