1.970935505884772567e+02 1.009219695057539035e+01 2.662245281431415833e+01
1.971133166933094003e+02 1.010919408063867841e+01 2.664190481532378030e+01
1.971398378999915906e+02 1.013110469192584873e+01 2.666851202662403963e+01
1.974011479746847328e+02 1.033940039823877477e+01 2.691817408456497418e+01
1.978558450421142254e+02 1.032059343186471168e+01 2.699442839648128967e+01
1.980072318665806677e+02 1.033850108908021781e+01 2.689566891961372619e+01
1.982222265847753135e+02 1.037869329070495716e+01 2.665027904759233834e+01
1.983340531545933061e+02 1.038164175337240991e+01 2.666821288012639002e+01
1.983887352646979139e+02 1.036082863579848734e+01 2.670726458572884354e+01
1.983836666012283843e+02 1.036217853436912861e+01 2.671018313374652919e+01
1.984689944003515052e+02 1.042637724243019193e+01 2.679522300436567050e+01
1.985572744014733075e+02 1.051454693328098244e+01 2.682603322395789647e+01
1.985843602471697977e+02 1.056191117218685527e+01 2.683945181404305913e+01
1.985942563872451387e+02 1.059279804806910263e+01 2.681465256938796671e+01
1.986660421983528124e+02 1.066732291929588428e+01 2.686772863673332168e+01
1.986957941872096285e+02 1.070884445316955080e+01 2.689338231857232486e+01
1.987874582830860675e+02 1.073145805872619718e+01 2.693148236437913212e+01
1.988624038290751628e+02 1.079185760626711854e+01 2.696065662656233997e+01
1.988889007301044103e+02 1.079685522244346529e+01 2.694810182198913751e+01
1.989291434127006255e+02 1.083770180703181296e+01 2.693407372091501273e+01
1.989889801908928462e+02 1.087869983453459355e+01 2.694064559553523708e+01
1.990507763786446844e+02 1.091941554253021884e+01 2.697989174636116161e+01
1.991590150601564915e+02 1.086219629619242610e+01 2.700852941451421430e+01
1.991225790167428613e+02 1.079330846678071687e+01 2.700860794046984736e+01
1.987656430247450317e+02 1.055390713370913680e+01 2.681621000084134820e+01
1.982983649774238017e+02 1.027043404287143247e+01 2.656164381000457908e+01
1.979405109796113038e+02 1.006192332501332132e+01 2.635564966205794235e+01
1.977542679791719138e+02 1.002671752157126761e+01 2.626998345345934993e+01
1.976530293257050914e+02 1.000495274420169878e+01 2.624514120649521942e+01
1.976867898776303889e+02 1.007835768572790691e+01 2.627133335202999120e+01
1.977415355563657329e+02 1.010419272513111011e+01 2.634072973048770194e+01
1.978353647250189340e+02 1.015078292247431513e+01 2.636656476989090336e+01
1.978453805236933363e+02 1.028759570350842800e+01 2.627269259892868192e+01
1.978846229351880481e+02 1.038547269820792529e+01 2.623036710884258227e+01
1.978553757560460440e+02 1.043814304811584392e+01 2.615523646595806184e+01
1.978132521898458549e+02 1.042973516186630079e+01 2.610850791335969490e+01
1.977186059773209479e+02 1.039523983135616270e+01 2.601848725355470293e+01
1.976768133419338085e+02 1.030076375840181058e+01 2.605955819801628337e+01
1.977086518776116861e+02 1.027406493348664540e+01 2.610703461685877613e+01
1.977552701199390413e+02 1.026296285909265116e+01 2.622408877172317787e+01
1.978137065185891572e+02 1.028729468734516850e+01 2.627274121023454967e+01
1.979153134961811986e+02 1.039059745164577286e+01 2.637272905740808326e+01
1.980501949126398813e+02 1.045726037898121952e+01 2.640151255947873565e+01
1.981656972450477099e+02 1.050102738125286272e+01 2.643235456338633682e+01
1.982168606444737406e+02 1.051132176010320585e+01 2.644460274279945011e+01
1.982496433612848250e+02 1.055254414747922276e+01 2.647779304671359668e+01
1.982973590973254545e+02 1.060701685503547687e+01 2.651059072084957435e+01
1.983645660973534746e+02 1.059224836637967293e+01 2.660294846266745239e+01
1.984563928541380449e+02 1.060807695543651974e+01 2.670754877490161050e+01
1.985723962569294372e+02 1.063152443185536278e+01 2.683106636378083820e+01
1.986869076665638261e+02 1.066022940797038387e+01 2.688245973207691719e+01
1.987829636069589014e+02 1.070849108636920199e+01 2.698034233577324770e+01
1.988795374447280153e+02 1.078511185274513728e+01 2.700368511091791390e+01
1.989813257798842585e+02 1.078837254956950886e+01 2.703508801450860588e+01
1.989760944555066260e+02 1.073730450308962325e+01 2.700111058137252229e+01
1.987289863607893778e+02 1.053602752147778432e+01 2.687744341924446800e+01
1.982471024857204327e+02 1.024271064120182118e+01 2.653271634368193332e+01
1.978316496994512477e+02 1.003474212637069840e+01 2.630014115975357925e+01
1.975822120013835388e+02 9.932749997662918773e+00 2.611768797150629595e+01
1.975115498593076495e+02 9.915823914892820667e+00 2.608137906535416306e+01
1.975917173813463421e+02 9.894539641585103240e+00 2.610702713819633303e+01
1.976318497536715597e+02 9.953533200587074248e+00 2.613266773237606344e+01
1.976518290003832874e+02 1.005193370165745925e+01 2.620310177524749662e+01
1.977137448467341585e+02 1.013785231511344165e+01 2.627255798300473799e+01
1.978230398893157940e+02 1.018310383187966828e+01 2.641333819446392184e+01
1.978238101915472384e+02 1.019852296416785897e+01 2.639509212777294778e+01
1.978008955698273326e+02 1.014482990717110233e+01 2.641996989838367327e+01
1.977489431715137869e+02 1.014260126576361820e+01 2.626949173140383920e+01
1.977299810228940657e+02 1.014323882173673219e+01 2.619117704798496860e+01
1.977027586916080111e+02 1.018472483196380374e+01 2.614908900543137804e+01
1.977572818801357357e+02 1.020681680081517406e+01 2.614385768105374197e+01
1.978086958147535199e+02 1.024325845322564099e+01 2.620619981116377417e+01
1.978781333258546624e+02 1.027057239812659439e+01 2.616752577801460333e+01
1.979572968374606319e+02 1.031139093773078663e+01 2.618472296229819207e+01
1.980142786362659137e+02 1.036580381598751011e+01 2.621889110132652689e+01
1.981663927606547588e+02 1.047015546269549624e+01 2.629414514214132836e+01
1.982763160108814589e+02 1.054546559347860679e+01 2.635299099756008800e+01
1.985466659188004144e+02 1.043642669508558463e+01 2.653973880771424021e+01
1.986278580175935531e+02 1.038709182862645086e+01 2.660666909723196127e+01
1.987266567574389455e+02 1.032916397902235239e+01 2.669178936347234199e+01
1.987983603032597557e+02 1.034664348281309820e+01 2.670881079918856571e+01
1.988510643071486754e+02 1.034446158304587193e+01 2.675592450290265489e+01
1.987597105757635347e+02 1.042641463574239680e+01 2.685327051256882669e+01
1.986975254975647545e+02 1.049733105234128949e+01 2.685764739976255200e+01
1.987015621056173984e+02 1.053476362752521744e+01 2.687165493451496090e+01
1.986508773405876411e+02 1.054488225780819022e+01 2.684366790999429853e+01
1.984586775855138399e+02 1.045284609847528756e+01 2.678887548961868248e+01
1.980415477091922014e+02 1.024452795617503753e+01 2.650184629479017673e+01
1.975591104131026157e+02 1.002253881893223308e+01 2.618533995194959374e+01
1.972364771760570648e+02 9.876445017808565652e+00 2.592186106514849797e+01
1.970951267165867478e+02 9.832376999373661164e+00 2.589071991474324719e+01
1.970794663974348282e+02 9.854248347683016718e+00 2.586153443456637646e+01
1.970777593927326166e+02 9.838408540632507027e+00 2.601727571023922536e+01
1.971353151788802620e+02 9.863383533854969798e+00 2.611406829888474590e+01
1.972101148909517576e+02 9.926464181881071269e+00 2.620659057127632607e+01
1.973019341690738599e+02 9.987884566845218970e+00 2.632038589898196790e+01
1.973361995307139409e+02 1.001327836516439085e+01 2.630035617129876258e+01
1.972952482448514218e+02 1.002332968748539344e+01 2.610495554870011503e+01
1.972204578811079614e+02 1.003986501014293609e+01 2.589122846378925047e+01
1.971914967608043412e+02 1.003874695010797247e+01 2.578236344429798876e+01
1.971550663263875265e+02 1.005993026147273639e+01 2.569340662422525767e+01
1.971653532265754336e+02 1.005735760159295467e+01 2.567169606715838981e+01
1.971795365098952004e+02 1.006860924923577372e+01 2.570180142281552804e+01
1.972917108375167174e+02 1.009095736227575735e+01 2.574652943321087051e+01
1.973787250750203270e+02 1.010186499144628058e+01 2.577553168615792956e+01
1.974708397603088770e+02 1.010621944265268191e+01 2.584633592282020231e+01
1.975236596834656098e+02 1.012604537678436145e+01 2.588004973310523482e+01
1.975642576025277890e+02 1.014948911387198471e+01 2.596522234998270662e+01
1.976560338783408497e+02 1.021380187153527608e+01 2.605343878247375500e+01
1.976897252526385671e+02 1.023941068139963129e+01 2.607967953931439453e+01
1.977034785128679744e+02 1.027716296940292295e+01 2.606585523179179376e+01
1.977629357489412882e+02 1.032880126389395237e+01 2.610380757401538787e+01
1.978086920754223001e+02 1.035574875433528774e+01 2.620146394817286861e+01
1.978023389516784789e+02 1.046656009572688006e+01 2.622278935412401424e+01
1.978715913658841998e+02 1.051763749053481867e+01 2.630894541511250750e+01
1.979468771910143801e+02 1.059308036757625970e+01 2.631599405446335993e+01
1.979824214039319088e+02 1.064392966317974043e+01 2.634598162118705034e+01
1.980095652092623197e+02 1.060439745351543905e+01 2.636180647091267559e+01
1.978551457871759567e+02 1.053244337250282747e+01 2.630432734105505332e+01
1.974772658010114981e+02 1.029469856316197784e+01 2.608083312299595136e+01
1.969515550943713720e+02 9.961853212552934878e+00 2.576090903141972888e+01
1.967708089108263039e+02 9.878894279758064556e+00 2.566488113600882315e+01
1.967656748090603855e+02 9.805947406306382064e+00 2.571567434164399657e+01
1.968159650746463853e+02 9.809223060455638077e+00 2.572920137233455762e+01
1.968901833207130778e+02 9.819794149816305051e+00 2.577309364220209176e+01
1.969768460610819716e+02 9.829215394826634977e+00 2.583692963513475505e+01
1.970580138542221675e+02 9.882461601742528856e+00 2.591005038748819800e+01
1.971957558590646045e+02 9.955107459030951844e+00 2.587332828523618389e+01
1.972867225696684272e+02 9.994110553327537616e+00 2.587092389526133118e+01
1.973378205307980693e+02 1.002572846846341470e+01 2.586564582924344080e+01
1.973689934655186846e+02 1.000843219190247879e+01 2.588941114881603411e+01
1.973661814884407875e+02 1.004227313944901034e+01 2.587181759542306025e+01
1.973891129371511965e+02 9.981426741827224447e+00 2.587180824709500726e+01
1.974385487655532927e+02 9.978749380673265890e+00 2.587132400370193963e+01
1.974688635237587846e+02 1.000047676473062808e+01 2.587799497059950937e+01
1.975077974404277654e+02 1.000702807302913833e+01 2.590386927298052910e+01
1.975403614063624786e+02 1.006785203466360024e+01 2.589752923689598063e+01
1.976432397565695283e+02 1.006703499079189612e+01 2.599918669545951744e+01
1.977153265838404934e+02 1.008632433089342051e+01 2.605689953351842902e+01
1.978500808630376468e+02 1.010293817950659445e+01 2.617938880631199083e+01
1.979118452664741028e+02 1.015917959073019716e+01 2.623697824644062493e+01
1.980157294967794996e+02 1.018701517233642839e+01 2.632710547718540539e+01
1.980131530975685052e+02 1.030143496835590966e+01 2.636691439736003062e+01
1.980177206906544711e+02 1.034770732254536263e+01 2.642765048471081002e+01
1.980020323265183890e+02 1.040360471529666953e+01 2.644271811986426357e+01
1.980344654158603817e+02 1.040776846061081962e+01 2.645398846416318506e+01
1.980308251769171193e+02 1.041755242074954957e+01 2.646101840685793505e+01
1.981651045610492474e+02 1.042928831178543803e+01 2.648807620757027692e+01
1.982466500266427261e+02 1.045565620588757660e+01 2.653791962307541397e+01
1.983127202699797067e+02 1.046287685447457783e+01 2.658723579287844530e+01
1.982606837367137018e+02 1.040759084237784116e+01 2.652511615297603953e+01
1.979866935898514555e+02 1.021359620831814219e+01 2.635349393760925807e+01
1.974914060820222232e+02 9.997174935262828299e+00 2.602703723439062955e+01
1.971523740079086906e+02 9.883226294977143667e+00 2.572253788409942743e+01
1.969948490712436069e+02 9.852724570210618538e+00 2.567524095315552657e+01
1.969228968598966105e+02 9.878202503482251373e+00 2.566699572781407923e+01
1.969155902066915473e+02 9.896824372960896454e+00 2.563489169961952285e+01
1.969770554636303359e+02 9.877110618765833294e+00 2.571471520318591075e+01
1.970292172644922459e+02 9.905379962793654514e+00 2.575162614166456265e+01
1.971050565106430668e+02 9.935666676014994536e+00 2.582711015134943011e+01
1.971790447878397003e+02 9.982415794935075581e+00 2.588604762038309559e+01
1.972031765618719135e+02 9.982830860700563136e+00 2.589119294014265549e+01
1.971788222976320810e+02 9.936919351973900305e+00 2.592379990838638548e+01
1.971200325321816251e+02 9.897385272643987264e+00 2.592354002486655418e+01
1.971011806938329016e+02 9.852038402931635019e+00 2.597673388114535697e+01
1.971216367052752503e+02 9.858210169111254473e+00 2.602706154004356165e+01
1.971332903310242841e+02 9.851011956511577239e+00 2.606690037486795575e+01
1.971881182750465200e+02 9.971199670938853288e+00 2.597948041992689738e+01
1.972280038515111471e+02 1.000188649260079821e+01 2.592655579549597533e+01
1.972286395378186512e+02 1.002909199689635500e+01 2.586258518663936812e+01
1.971778556805115272e+02 1.001311757392190493e+01 2.578117620663544329e+01
1.971705135036598620e+02 1.004686690785353065e+01 2.575352198259341208e+01
1.971618494732217073e+02 1.003467107907750666e+01 2.585561320357853887e+01
1.971301324658084866e+02 1.003844593394471474e+01 2.594817660861355080e+01
1.971299623262379441e+02 1.007140252965757021e+01 2.603708107804919081e+01
1.971278514737639114e+02 1.007667498667863271e+01 2.604289947742846323e+01
1.971666732104962989e+02 1.011462545923661516e+01 2.610566789129764231e+01
1.972915612642678980e+02 1.010683830196969346e+01 2.607148666461003472e+01
1.974003683241252247e+02 1.016316758747698046e+01 2.599071711024483378e+01
1.974854586757158472e+02 1.021980536780996651e+01 2.605055014910583111e+01
1.976896859896607452e+02 1.020696824372960876e+01 2.598359181460395817e+01
1.977233867122864979e+02 1.027655532807957250e+01 2.603536659468453962e+01
1.977104598442568602e+02 1.029424423441867376e+01 2.605764926942816118e+01
1.975589608398537962e+02 1.020218563909844711e+01 2.591333912929672678e+01
1.971626758654214768e+02 9.951757018257284315e+00 2.564652101971562459e+01
1.967434781389348473e+02 9.696356956558320306e+00 2.544073440465172808e+01
1.965263276962915313e+02 9.604060913705584568e+00 2.530338129025623672e+01
1.963664843742696746e+02 9.553473371287545035e+00 2.533352029989436360e+01
1.963032915463069514e+02 9.577464920398986337e+00 2.537381533312766990e+01
1.963021192659692815e+02 9.630855091566873583e+00 2.540288676370231258e+01
1.963033139822942701e+02 9.643252844228809906e+00 2.548160155556178808e+01
1.963581475353133214e+02 9.664568901851904315e+00 2.553154780267549029e+01
1.964320236325733049e+02 9.732050742724663195e+00 2.555662188817530023e+01
1.965132699516691446e+02 9.786205607127165251e+00 2.551066176814276787e+01
1.965008553720167015e+02 9.787998616447447731e+00 2.551225846257396768e+01
1.964736666947116532e+02 9.766458198951116998e+00 2.546227108281683726e+01
1.964616970954744772e+02 9.764072505632368504e+00 2.546100344953305239e+01
1.964377765936562241e+02 9.767153714558151734e+00 2.545584504211421617e+01
1.964347122117209210e+02 9.768256817268230918e+00 2.545083059894737687e+01
1.964760953903394238e+02 9.813730824242083983e+00 2.543868525114283230e+01
1.965506670032064847e+02 9.848373858335436992e+00 2.548075085770909709e+01
1.965982200783389828e+02 9.887625618158192964e+00 2.552167035925624816e+01
1.967154462424395263e+02 9.915960400482374482e+00 2.545135036598704303e+01
1.968278393209374428e+02 9.973383440371689446e+00 2.538069757223920675e+01
1.969112469734787965e+02 1.004549083396434561e+01 2.538673098316366250e+01
1.969369249609707424e+02 1.007109964382870082e+01 2.537750044404558381e+01
1.969700535659197271e+02 1.010208374232268547e+01 2.538492114685288570e+01
1.971277654691458565e+02 1.003587888306176445e+01 2.548867076123435282e+01
1.972852885361453161e+02 1.002111787306840185e+01 2.555265258808461937e+01
1.973758719652990123e+02 1.005262173860205088e+01 2.558521281468809150e+01
1.974765216740985920e+02 1.007493058866421798e+01 2.560744126912901564e+01
1.975192267063035843e+02 1.006783707733871758e+01 2.562441222387376172e+01
1.975325929457516452e+02 1.008024604799431678e+01 2.568398537921492775e+01
1.975970234923483986e+02 1.008665152237522378e+01 2.573282478428733100e+01
1.976566003870207737e+02 1.012613699039926729e+01 2.578453038674033237e+01
1.976897383402978505e+02 1.018383487113329799e+01 2.580949416196913049e+01
1.976498789391517334e+02 1.017061072627160634e+01 2.579967093885258578e+01
1.973731216871862557e+02 9.984786530928943193e+00 2.565898421067392121e+01
1.969658225126436264e+02 9.769543147208121781e+00 2.540420674762318853e+01
1.966202671752157016e+02 9.592568079199034869e+00 2.523892830767217177e+01
1.964122051771040844e+02 9.504183376803059247e+00 2.512941825354535297e+01
1.963346140542763862e+02 9.482029708986548400e+00 2.512285572725318161e+01
1.962236680969608642e+02 9.484821119742733231e+00 2.514120088622149751e+01
1.961771171625954651e+02 9.501459274008842826e+00 2.514248347683016860e+01
1.962072935655457968e+02 9.562273887315253518e+00 2.520127698161183716e+01
1.962511185274513537e+02 9.619917547746585029e+00 2.529174823082891521e+01
1.962928270278860623e+02 9.652599302614726540e+00 2.534411569490796623e+01
1.963400304755494403e+02 9.639818268502677867e+00 2.531608566807826577e+01
1.963247066962073859e+02 9.577083508614483875e+00 2.526821474979200133e+01
1.962827065279374779e+02 9.516244589655139308e+00 2.522160398612708221e+01
1.962458068074524817e+02 9.493616026773612049e+00 2.518790700283254225e+01
1.962471361397014107e+02 9.480498452851707114e+00 2.519965972085892503e+01
1.962673453552831973e+02 9.525048845014069343e+00 2.522762617905787508e+01
1.962533266025371290e+02 9.606596180273157870e+00 2.519510147610099793e+01
1.962859260921184159e+02 9.673333894233016039e+00 2.519346177936076003e+01
1.963460115358368228e+02 9.735857381907246477e+00 2.525071654934514953e+01
1.964362621645118736e+02 9.758134447654036592e+00 2.526865786054164076e+01
1.965049200250535080e+02 9.737270849108636384e+00 2.532623795234222186e+01
1.965353824868422237e+02 9.736089220442924130e+00 2.536711819091155462e+01
1.965570930439091057e+02 9.732162922661281357e+00 2.540263996784175049e+01
1.966292004375017655e+02 9.640545568425087808e+00 2.537413504594703184e+01
1.966701049817240232e+02 9.704417085004347854e+00 2.546700694580774282e+01
1.966556393788970922e+02 9.752564713800936147e+00 2.550561741032616325e+01
1.966785970029260397e+02 9.800635686307503036e+00 2.551975582167129275e+01
1.967828308607005567e+02 9.850826859616157449e+00 2.558436211683540407e+01
1.968287461087584518e+02 9.884157388451075832e+00 2.562461788709089205e+01
1.968756878032363886e+02 9.928930270821064497e+00 2.567431172934720607e+01
1.969580297463798502e+02 9.962535640500696843e+00 2.568840339905208126e+01
1.970621925568611914e+02 9.989453216292266902e+00 2.572047938226248220e+01
1.970515840741883267e+02 9.978697030036178361e+00 2.568969907732002156e+01
1.967933533387553666e+02 9.829824905815595315e+00 2.552004375017527948e+01
1.963800244926194978e+02 9.567406119415542420e+00 2.526683680623720463e+01
1.960880313355956162e+02 9.433180955586093930e+00 2.510341307457161264e+01
1.959088575408288193e+02 9.364491310729075479e+00 2.499295323031475746e+01
1.958196670125548167e+02 9.317072851520505239e+00 2.494261996241971957e+01
1.957929532303147653e+02 9.287633096820632872e+00 2.492808144263398518e+01
1.957637565321442139e+02 9.300685232446177508e+00 2.492140486673958222e+01
1.958392835441381408e+02 9.291658486879621037e+00 2.495107645997513401e+01
1.959231230894354496e+02 9.268981312692224250e+00 2.501868917744061349e+01
1.960136747342737635e+02 9.285944788774527225e+00 2.510962410372904685e+01
1.960799169868469107e+02 9.302947527834646735e+00 2.514951154985930870e+01
1.961019136027521483e+02 9.310407493619766939e+00 2.514965925344252184e+01
1.960744856082489775e+02 9.319501547148291820e+00 2.518379186882426168e+01
1.960053117199988719e+02 9.314126258518664159e+00 2.511499191369623674e+01
1.959592674650138804e+02 9.300227164371651867e+00 2.511995774555720828e+01
1.959388488468837295e+02 9.281984837011901135e+00 2.512571257630572674e+01
1.959901674285553952e+02 9.337841097119779832e+00 2.511978386665544960e+01
1.959433416533452998e+02 9.316633480102083809e+00 2.511452449729365810e+01
1.959262753456544317e+02 9.329951108244291191e+00 2.507203821596507609e+01
1.961146703312112720e+02 9.422239672434585600e+00 2.515681820306438254e+01
1.962364865243851000e+02 9.517342083368388828e+00 2.515223939198474312e+01
1.963608753774387310e+02 9.621437585887763433e+00 2.526585149246057327e+01
1.964504136635162865e+02 9.647659646072300532e+00 2.536109038898392853e+01
1.965607613278365022e+02 9.690673173102990035e+00 2.547366108571482002e+01
1.966857316468949648e+02 9.753712688485665083e+00 2.551197427340120072e+01
1.967221826476334741e+02 9.752850772639312993e+00 2.555693973132905228e+01
1.968237690589038209e+02 9.808419104243206732e+00 2.561331762814220525e+01
1.969304166549812578e+02 9.848553346234025341e+00 2.565362574903478432e+01
1.970442007646932439e+02 9.858965514017818066e+00 2.574271157603462612e+01
1.971376560002243536e+02 9.922689327013863192e+00 2.572362976881584729e+01
1.972305877293846095e+02 9.959106673771396245e+00 2.576278430602686598e+01
1.973138794626580932e+02 9.982591543502444154e+00 2.583977152686242107e+01
1.973822456553645281e+02 1.004516364248254234e+01 2.589753110656159052e+01
1.973736096699105360e+02 1.004823550308027436e+01 2.591834796346673286e+01
1.971268736386497267e+02 9.901399444709314324e+00 2.575308822017182209e+01
1.966820951472829222e+02 9.669968496134465852e+00 2.550360004113264267e+01
1.962827813145619018e+02 9.471529666919071389e+00 2.527614961064213617e+01
1.960057286554299765e+02 9.365457927849604403e+00 2.509943816548410211e+01
1.958212992306326043e+02 9.332849089940264520e+00 2.500132746258331551e+01
1.957472567331332698e+02 9.294851875742024205e+00 2.497001056361069971e+01
1.957151900982509289e+02 9.343966121659141422e+00 2.495003505623019180e+01
1.957363621916220211e+02 9.349532116181020314e+00 2.495194772414953732e+01
1.957717512222938865e+02 9.417958138186985906e+00 2.503707359938675125e+01
1.958895270680838792e+02 9.462962859092650447e+00 2.513712875452225504e+01
1.959177253648184944e+02 9.446964130465266507e+00 2.517639921100111167e+01
1.958671509100597348e+02 9.417834740256704862e+00 2.516854848510343956e+01
1.958249936898785677e+02 9.373261912107020422e+00 2.515480457320208174e+01
1.957137205410812157e+02 9.358887922894989941e+00 2.515438389843976452e+01
1.956541567340681240e+02 9.326002374475324430e+00 2.516199530713931765e+01
1.956757251965485978e+02 9.337828009460508838e+00 2.513718297482495245e+01
1.956668611118901424e+02 9.270536874479999412e+00 2.516466145029961510e+01
1.956741621560983901e+02 9.299776574959569331e+00 2.519944844864496147e+01
1.957291677183535796e+02 9.393237419487524775e+00 2.515276476802123895e+01
1.958020790681586618e+02 9.430195099606434539e+00 2.511900795542717191e+01
1.958153462153293844e+02 9.439102186573931519e+00 2.508770414411382532e+01
1.958450626805395984e+02 9.476166437632629780e+00 2.508499873797571311e+01
1.958797131932953732e+02 9.521311383459067912e+00 2.505163829449103119e+01
1.959446952912471716e+02 9.546514475885988560e+00 2.508979256060053586e+01
1.960506436323863397e+02 9.468263361097868369e+00 2.515352759159024387e+01
1.961848725355470151e+02 9.442949958399939447e+00 2.522030643819352846e+01
1.962514027166241419e+02 9.421598377130250057e+00 2.524802610053191998e+01
1.963620644847669041e+02 9.412081779173794516e+00 2.530748894560207773e+01
1.963656897663852874e+02 9.504446999654112105e+00 2.519426012657636349e+01
1.963903917884286443e+02 9.591375232539659734e+00 2.517808004038477776e+01
1.963724878705443473e+02 9.665176543175252988e+00 2.506634321451608471e+01
1.964037972908545271e+02 9.701214347813893468e+00 2.502746164848417010e+01
1.964446008731338509e+02 9.725460171448336411e+00 2.503206289555113173e+01
1.962409643735217912e+02 9.602262295388470648e+00 2.502733825055388905e+01
1.958747810154153797e+02 9.352349702255750685e+00 2.489111815351824220e+01
1.954250609978405464e+02 9.102467023772797816e+00 2.465910012994175915e+01
1.951339260173317882e+02 8.929870712623047879e+00 2.450312514606762448e+01
1.949498256536818417e+02 8.833493189743014895e+00 2.444485701732245175e+01
1.949057950285591403e+02 8.834953398584662665e+00 2.435483261818623646e+01
1.948740032345214956e+02 8.815690233801683817e+00 2.427267016294135971e+01
1.949279449570444456e+02 8.815090071140776473e+00 2.429738714230959928e+01
1.949871254826074392e+02 8.833717549616251219e+00 2.434122893120565223e+01
1.950452384291069450e+02 8.884779987099307164e+00 2.435832702321189913e+01
1.949982443839919313e+02 9.006932720083012711e+00 2.444898336932439520e+01
1.949574707163623657e+02 9.096308345252451133e+00 2.448573351656056474e+01
1.948921932112441766e+02 9.115061091323816811e+00 2.446781464135139572e+01
1.948744463452711386e+02 9.088057510914172354e+00 2.447470622879098201e+01
1.948217255143917441e+02 9.103338287947201124e+00 2.448145385197857493e+01
1.948798908115283552e+02 9.151624271998953120e+00 2.449806209159491743e+01
1.948956184386422592e+02 9.183492722326612068e+00 2.448928775088575449e+01
1.949710201830402525e+02 9.238335623673705754e+00 2.451773658281216228e+01
1.950682914060820110e+02 9.277729478082845205e+00 2.454222359331033587e+01
1.951569621673163795e+02 9.313152162735693906e+00 2.459897542324555175e+01
1.952246047994316314e+02 9.305882902842826709e+00 2.469707303848706559e+01
1.952759570350842750e+02 9.292873769526320160e+00 2.471019435174019208e+01
1.953686438380495645e+02 9.303007357134177369e+00 2.475137934580400412e+01
1.954255957222050881e+02 9.323725121761972545e+00 2.479078628787241456e+01
1.954308120892578415e+02 9.320937450337007490e+00 2.476957867085471676e+01
1.953523328752652617e+02 9.331927344794383572e+00 2.469380673266586257e+01
1.952819156593843104e+02 9.328608688336091248e+00 2.464395396883267253e+01
1.953308335904123680e+02 9.384496732759345150e+00 2.471907152405792374e+01
1.953298987576071966e+02 9.435822793093455729e+00 2.466607211300258840e+01
1.953278196894485461e+02 9.441472922567799131e+00 2.471077020874816554e+01
1.954772340166961158e+02 9.443596862701106431e+00 2.474999205392115798e+01
1.955497976086976735e+02 9.454173561058604847e+00 2.475302465154107168e+01
1.956546260201363054e+02 9.482624262650624303e+00 2.480946798665058850e+01
1.956962260799656121e+02 9.482891624832898714e+00 2.480441054117471111e+01
1.955347711061876623e+02 9.359882584999672517e+00 2.472047003393442921e+01
1.951810658963644300e+02 9.157539893989959268e+00 2.454528797524562833e+01
1.947570313449439539e+02 8.911942489085827646e+00 2.446069121537613000e+01
1.944128352544147447e+02 8.715737910274746980e+00 2.437973282478428771e+01
1.942565947780239526e+02 8.614936758560730823e+00 2.441179572033541945e+01
1.942259677856615383e+02 8.588701610716922730e+00 2.444963027362556218e+01
1.941617746865973118e+02 8.639066662927335827e+00 2.432874330426003340e+01
1.941029456581690340e+02 8.649095549261014426e+00 2.423935085210010243e+01
1.941397911583513292e+02 8.700677753783736534e+00 2.424460835179628049e+01
1.942510306531676747e+02 8.708674313599013672e+00 2.425277318151648487e+01
1.942671808247094987e+02 8.761894345196362011e+00 2.428008151742060861e+01
1.942477699563433191e+02 8.714518888296828081e+00 2.427243084574323717e+01
1.941864841873031082e+02 8.693042039431247758e+00 2.419340942872367251e+01
1.941183778781164904e+02 8.627794448962802676e+00 2.409573061857886600e+01
1.941808527544848744e+02 8.668287666750801534e+00 2.414497387142309748e+01
1.942933224892727821e+02 8.707636649185293010e+00 2.418749380673266458e+01
1.943032036720232725e+02 8.793147675538229180e+00 2.413418029185480052e+01
1.943564162249581670e+02 8.878853147114638134e+00 2.413597330117508477e+01
1.944118592889661556e+02 8.934765497190827688e+00 2.416206448476689772e+01
1.944319712819362280e+02 8.995292181993249869e+00 2.418951678492301482e+01
1.944675715848220534e+02 9.015200381411784036e+00 2.419253068588682964e+01
1.946066821848912411e+02 8.966102962485159367e+00 2.428969907732002298e+01
1.947559824625365650e+02 8.945271148255134364e+00 2.440587448934758186e+01
1.949237026857746571e+02 9.012799730768152884e+00 2.449878565218610760e+01
1.950651634555159717e+02 9.053423825148872339e+00 2.457762945097269380e+01
1.952129904366603910e+02 9.130070766843349617e+00 2.468415364911985321e+01
1.953447682082059487e+02 9.173972385038934974e+00 2.473759804059044143e+01
1.954276766600293627e+02 9.247182881341672100e+00 2.479412924998364076e+01
1.955403221433846568e+02 9.314892821418888857e+00 2.482811229211655402e+01
1.956746669658131736e+02 9.389535481579120102e+00 2.490456665825317017e+01
1.957828981686625411e+02 9.476319750212674364e+00 2.498145478681137988e+01
1.958441446747249302e+02 9.542352600237448357e+00 2.499807050509016548e+01
1.959577287302165871e+02 9.614476820820597069e+00 2.501284086341157931e+01
1.961002888633368002e+02 9.671411877985622851e+00 2.506657692271737048e+01
1.961065223284815602e+02 9.662024286956278019e+00 2.503712968935505856e+01
1.957942993895541690e+02 9.462394480747118308e+00 2.485288162212188467e+01
1.954462760935206802e+02 9.206265249460134470e+00 2.477555973114208498e+01
1.952381710930999930e+02 9.060822091968852021e+00 2.472080283441306392e+01
1.951627805666956590e+02 9.009062269213151453e+00 2.473478980284376050e+01
1.951900215946378125e+02 9.015557487543352622e+00 2.477076029952042902e+01
1.952140299707397446e+02 9.011438614203850506e+00 2.477821839563993933e+01
1.952172663619111859e+02 9.129979153228445554e+00 2.467533630610165218e+01
1.952359200157052044e+02 9.218846229351880694e+00 2.459902029522019973e+01
1.952926568883155198e+02 9.342859279617840684e+00 2.455841863682680426e+01
1.953763954716698947e+02 9.442461975675650265e+00 2.455536921221639446e+01
1.954127286834749668e+02 9.478224939469575006e+00 2.458042460106010196e+01
1.954976563741574864e+02 9.334466350693178427e+00 2.464359125370427606e+01
1.955573099251198812e+02 9.230520421422628630e+00 2.468240364210861060e+01
1.955915603294350831e+02 9.155625356405007409e+00 2.467898215404175133e+01
1.956584943582840310e+02 9.154178235222630633e+00 2.474430640080021604e+01
1.956819605313589534e+02 9.174389320470034193e+00 2.474991165829991147e+01
1.956507483336605162e+02 9.220669153321928491e+00 2.476251133484776190e+01
1.955978872778603659e+02 9.295165979564554704e+00 2.482503108319077256e+01
1.955790560058333654e+02 9.349266623664357567e+00 2.489091996896355141e+01
1.956145609557730722e+02 9.409045442222659261e+00 2.493758121359994817e+01
1.956702246403230845e+02 9.450200521636705986e+00 2.497190453487393924e+01
1.957904460087313510e+02 9.428768544745771862e+00 2.495053799627936542e+01
1.959400641295304411e+02 9.469536603378486461e+00 2.495608903347636343e+01
1.960830505464097655e+02 9.527127913172728668e+00 2.499928765740247272e+01
1.962114180478821481e+02 9.556375092314739916e+00 2.506720326069682514e+01
1.962884501406923334e+02 9.613992577427527664e+00 2.512947808284488360e+01
1.963542025408755762e+02 9.618274111675127358e+00 2.522111413373718136e+01
1.964541567340681070e+02 9.648514083256209517e+00 2.533182264352020496e+01
1.965465069972235597e+02 9.701949126398742962e+00 2.546268240925110504e+01
1.966267268698993291e+02 9.772964635274981049e+00 2.550728328238494669e+01
1.967193220592496914e+02 9.832130203513100852e+00 2.560461807405745560e+01
1.967773527404623621e+02 9.918878948500060133e+00 2.550257546437819656e+01
1.968067681895093131e+02 9.976834843088314031e+00 2.542844696226080003e+01
1.967162670256424519e+02 9.950298679081246433e+00 2.533529461255854542e+01
1.963252208542502046e+02 9.714391751035327260e+00 2.500471342700357980e+01
1.959382711202101461e+02 9.498851090482467896e+00 2.482781501528451784e+01
1.956286451468155008e+02 9.299441904815322957e+00 2.476143814678744803e+01
1.955100522571538022e+02 9.191642594721933790e+00 2.476167933365117690e+01
1.954828130988772728e+02 9.159420777593927809e+00 2.485140271662413269e+01
1.955243159360948368e+02 9.133540866216076637e+00 2.493156089033476519e+01
1.955295453908068453e+02 9.156962167316375911e+00 2.494545063615372271e+01
1.955538229987566865e+02 9.274386515971619005e+00 2.486215890288022123e+01
1.955898608033953110e+02 9.397158108272336108e+00 2.484126538968505571e+01
1.956766469416944858e+02 9.475272737470902484e+00 2.486635817184096453e+01
1.957430163315291054e+02 9.546495779229884349e+00 2.486170083480569559e+01
1.957180675136251864e+02 9.557852128146880233e+00 2.481945761000644879e+01
1.957734563573305024e+02 9.497710594460180289e+00 2.485950210804797678e+01
1.958262257995157540e+02 9.457135111385328585e+00 2.488521001018967738e+01
1.958723990614278705e+02 9.499292331566499215e+00 2.490351964551140185e+01
1.959572912284637880e+02 9.508612614633872084e+00 2.492136373409615757e+01
1.960036626749305810e+02 9.528571295023885668e+00 2.495619373475053848e+01
1.961044563479821647e+02 9.579317759018799450e+00 2.500992231539389010e+01
1.962073926578231351e+02 9.571566125398472735e+00 2.518183993792710140e+01
1.963559955501958427e+02 9.566005739873423508e+00 2.530532761215656734e+01
1.964750652045881623e+02 9.598689364407174907e+00 2.542562563685484989e+01
1.965583793738489931e+02 9.596771087491001495e+00 2.549946994979947945e+01
1.966323732600424421e+02 9.704888240738144489e+00 2.539124061661571830e+01
1.966499425077824696e+02 9.790793766534855891e+00 2.532011853679969349e+01
1.966307765656112281e+02 9.811227341989885886e+00 2.528517074721186120e+01
1.966975890661955191e+02 9.855059782557889392e+00 2.523714838601116028e+01
1.967686270110590669e+02 9.891243421114133128e+00 2.519632984640697160e+01
1.969103663609763260e+02 9.859593721662880839e+00 2.535402492264258711e+01
1.970107823615746270e+02 9.893229005992278502e+00 2.542538071065989769e+01
1.970767553822998650e+02 9.943579100877807164e+00 2.551661478344598066e+01
1.971753073262846954e+02 9.948382271830682910e+00 2.556628618971496891e+01
1.972473791962307530e+02 9.974643594993034768e+00 2.560416935431098295e+01
1.972341475727066324e+02 1.010199025904216974e+01 2.560405343504314146e+01
1.972221312318291950e+02 1.019515756606930879e+01 2.560496209252974964e+01
1.972128763870581736e+02 1.025483916201587320e+01 2.557371437118471391e+01
1.970216245524487988e+02 1.017842031952585202e+01 2.541978854081947503e+01
1.965491619223901694e+02 9.914159912499648897e+00 2.514929279898290204e+01
1.961207579624384039e+02 9.648252330070766547e+00 2.505230015611707728e+01
1.959064419328603037e+02 9.517721625487281401e+00 2.505582260612689538e+01
1.958295070626618326e+02 9.451363453646315804e+00 2.507134457002365124e+01
1.958334071851249405e+02 9.416623196941227292e+00 2.515838872217704036e+01
1.958276093520673840e+02 9.454384833272568400e+00 2.516155967505211777e+01
1.959111927531760955e+02 9.510489758906619073e+00 2.501837694328369466e+01
1.960484262089725291e+02 9.581346346205981135e+00 2.491160594927597316e+01
1.961641659889128846e+02 9.676388927840255505e+00 2.493951444784100246e+01
1.962467995998915455e+02 9.723487674229463806e+00 2.492442624636583659e+01
1.962243785698927638e+02 9.700118723766253837e+00 2.488179974011648099e+01
1.961032466743322971e+02 9.654093165437361179e+00 2.492256405941797226e+01
1.960863093735685254e+02 9.668160529489300714e+00 2.499130044591524680e+01
1.960490675042768487e+02 9.662398220078339151e+00 2.506833627805666964e+01
1.960529620177431127e+02 9.684951996335454893e+00 2.509023006235334918e+01
1.960916715745389070e+02 9.717788933449252653e+00 2.510285778388535149e+01
1.961582260612689481e+02 9.702210879584185932e+00 2.512869843228538613e+01
1.962760617363584572e+02 9.710248572042889492e+00 2.517528115096614982e+01
1.963837208215310568e+02 9.734404651728038260e+00 2.525570294752783340e+01
1.964820091426648219e+02 9.763896757064998155e+00 2.530725336773518208e+01
1.965324583298277048e+02 9.827635527385927716e+00 2.532697833992390457e+01
1.964664423067934251e+02 9.847255798300473373e+00 2.536581129464995144e+01
1.965120696263473405e+02 9.893445887203073497e+00 2.537061072627160740e+01
1.965614979760869687e+02 9.927662637537276069e+00 2.541016911125445077e+01
1.966106365276570216e+02 9.848018621869478295e+00 2.548214001925755667e+01
1.966587000215011471e+02 9.920941189668228688e+00 2.549192958839311629e+01
1.967548232698581785e+02 9.924214974151873037e+00 2.556902524983406622e+01
1.968600050480971504e+02 9.882622392985014770e+00 2.564684634153181619e+01
1.969273223583961965e+02 9.883514223481130401e+00 2.574622654738200112e+01
1.970013237232520851e+02 9.922954819530527715e+00 2.581964270690187035e+01
1.970805844574697687e+02 9.920127885127744349e+00 2.586122593974067740e+01
1.971861869104710649e+02 9.965216740985875177e+00 2.573927513064288419e+01
1.972102756821942364e+02 9.937953277056397638e+00 2.571602022978190405e+01
1.970230847612904483e+02 9.821641379439286723e+00 2.556703218629348129e+01
1.966004375017528218e+02 9.555530003458882149e+00 2.530192482074581051e+01
1.961620121341298102e+02 9.324940404408671668e+00 2.505719120135363909e+01
1.959030129661310013e+02 9.237694328369371988e+00 2.494376232810761707e+01
1.957472249488179159e+02 9.230311018874274964e+00 2.491799459666638583e+01
1.957216759682530665e+02 9.264600686167279164e+00 2.496656476989090478e+01
1.957078778360490219e+02 9.273193669312243870e+00 2.494496826242626497e+01
1.957210290639519030e+02 9.292378308139589649e+00 2.497732095614699332e+01
1.957395219265034427e+02 9.376801189107327517e+00 2.491301754681175140e+01
1.958156341438333641e+02 9.519557637116601967e+00 2.489406287685447339e+01
1.958462200035523608e+02 9.589660749175010324e+00 2.485164016415664179e+01
1.958738013106355993e+02 9.600566508679921895e+00 2.488282618653653699e+01
1.959034672948743037e+02 9.645690888184647704e+00 2.488328799394228241e+01
1.959223920501818270e+02 9.575346589262510477e+00 2.497422292023071577e+01
1.959549934094287096e+02 9.559364687625617307e+00 2.501401501341485201e+01
1.960173205822138698e+02 9.549840611006722213e+00 2.506548129866973440e+01
1.960646231221546145e+02 9.554009965317703745e+00 2.507222892185732732e+01
1.961298763216198893e+02 9.606577483617055435e+00 2.512814688093034476e+01
1.961714894691084510e+02 9.678812014471212422e+00 2.518465939366744166e+01
1.961856428377784596e+02 9.727886997410513104e+00 2.528890073010441952e+01
1.962287404997616136e+02 9.795905432313430694e+00 2.533988277196623429e+01
1.962866926550186406e+02 9.842607809593253876e+00 2.535757167830533376e+01
1.963383178618504132e+02 9.901556496620578685e+00 2.538592702695122938e+01
1.964190032812631443e+02 9.942461040842845321e+00 2.526281515550943624e+01
1.964858419571659738e+02 1.000364958727131715e+01 2.519910629983827377e+01
1.965493526282824348e+02 1.003541894532162893e+01 2.517155677707042116e+01
1.965673818137626085e+02 1.002508530349347105e+01 2.515805405203279221e+01
1.966108421908741661e+02 1.007651793476736657e+01 2.515594506922436935e+01
1.966990118817249424e+02 1.000374307055183110e+01 2.522216114647895324e+01
1.967953819259425359e+02 9.986798291125632332e+00 2.525444466257209797e+01
1.968773592842919982e+02 9.962991838909610820e+00 2.531325686400987252e+01
1.969628852679698241e+02 9.978433407185125503e+00 2.537987491937067119e+01
1.970696207383309400e+02 1.003075599928952677e+01 2.541534995466060920e+01
1.970789671967168601e+02 1.008041805723046380e+01 2.551335221695599742e+01
1.970184947322171354e+02 1.011181535182432611e+01 2.553638649727496102e+01
1.968484019033195977e+02 1.006187845303867334e+01 2.544675285825130118e+01
1.963861102541810340e+02 9.781682886015836687e+00 2.517148946910845098e+01
1.959551728973273157e+02 9.564283777846332768e+00 2.494261435342288991e+01
1.957153864131400098e+02 9.486913275560665326e+00 2.479741986145777943e+01
1.955504632096549642e+02 9.480704116068841003e+00 2.464738293556197490e+01
1.955189593441212992e+02 9.519725907021529210e+00 2.458249245122509663e+01
1.955287339559319832e+02 9.549171270718231241e+00 2.459248581391218025e+01
1.956007385179160849e+02 9.613667255611334284e+00 2.464336315449981640e+01
1.957063615372390757e+02 9.656413420459751151e+00 2.489238578680203062e+01
1.958459993830103372e+02 9.691796842134783319e+00 2.509946434080264765e+01
1.959510932869656301e+02 9.738345906834561916e+00 2.524644249375998939e+01
1.959976722663151634e+02 9.741354198801543518e+00 2.526953473371287373e+01
1.960075590580624691e+02 9.704966766693777558e+00 2.531411130119377972e+01
1.959862224341176500e+02 9.703342027278420545e+00 2.519460414504865753e+01
1.959597872320535430e+02 9.718312439820138593e+00 2.509566331061689581e+01
1.959404735862990776e+02 9.712518346093801824e+00 2.499702723167961338e+01
1.960193734750539818e+02 9.673012311748044212e+00 2.494809808265791773e+01
1.960919968963550843e+02 9.768213814959194607e+00 2.498228865767357476e+01
1.962043563208720229e+02 9.806139981864243182e+00 2.502808050780117810e+01
1.963031401033925079e+02 9.794125510652419209e+00 2.509997102018304105e+01
1.963444933673612525e+02 9.823856933187499862e+00 2.510902955006497095e+01
1.964238214095408921e+02 9.862029895953108749e+00 2.513060923053911822e+01
1.964839442465714967e+02 9.894861224070075068e+00 2.513733254807377548e+01
1.965200325321816308e+02 9.921735797552607039e+00 2.513360069551560727e+01
1.965368183900309305e+02 9.924388853053631721e+00 2.514888521187985404e+01
1.965945330977554590e+02 9.936438847912050676e+00 2.520498452851707327e+01
1.966466331996522285e+02 9.974381841807593574e+00 2.524717353301361911e+01
1.967173271260435001e+02 1.001503585083807835e+01 2.527151470959418944e+01
1.967828495573566556e+02 9.979304671359527035e+00 2.542214244982285010e+01
1.968885791476194527e+02 1.000507240280075827e+01 2.554629198567836212e+01
1.969405595909171609e+02 1.002831421600246742e+01 2.566100531919866157e+01
1.970125155415953770e+02 1.006090996625253631e+01 2.569425919174355499e+01
1.970173598451916916e+02 1.007885875611146886e+01 2.571910143870768550e+01
1.968777294780828413e+02 1.002028774153742674e+01 2.555574875433528703e+01
1.964513840199680317e+02 9.796643950229501741e+00 2.522640341774873463e+01
1.960119621205747364e+02 9.543451963616307765e+00 2.497470529395817707e+01
1.958008394798590359e+02 9.435261893410363143e+00 2.484153275186733012e+01
1.957416421273055391e+02 9.398033111777959192e+00 2.478276542240420355e+01
1.957299511082442791e+02 9.403346701442446331e+00 2.481302596030699803e+01
1.957612455712295798e+02 9.442624636583747844e+00 2.487770704209552264e+01
1.958419758626169767e+02 9.477542511521814816e+00 2.494756896729019857e+01
1.959246244309205167e+02 9.498565031644091050e+00 2.498674033149171336e+01
1.959951313907507711e+02 9.550272503762702314e+00 2.506207102859653446e+01
1.960883828327303604e+02 9.584180759271204053e+00 2.508944854212824183e+01
1.960858980471342647e+02 9.600856306849520294e+00 2.508446775294238762e+01
1.960650643632386334e+02 9.613874788494078061e+00 2.507477166708734018e+01
1.960581222948275695e+02 9.571117405651998311e+00 2.509535107645997343e+01
1.960322311654560679e+02 9.592179188752091079e+00 2.502614166456329414e+01
1.960549102093090710e+02 9.557868955137374556e+00 2.511068420413009150e+01
1.961128511465724387e+02 9.566751736451935884e+00 2.515152517972160595e+01
1.961567396771087601e+02 9.616617587944396917e+00 2.512576305727720438e+01
1.962392031485168786e+02 9.641289695337988519e+00 2.517928410503781222e+01
1.963257798842676891e+02 9.691346252722700783e+00 2.522168251208271528e+01
1.963982107300109305e+02 9.729521085153919557e+00 2.522490955492609999e+01
1.964210636527656959e+02 9.753718297482494748e+00 2.517668900917070829e+01
1.964421740471716760e+02 9.788613736433239509e+00 2.516890185190378659e+01
1.964889624290695735e+02 9.849342345121575804e+00 2.517243738957287391e+01
1.965297585326864294e+02 9.849594749978965780e+00 2.519536696861766245e+01
1.965163567695917664e+02 9.933548344878518677e+00 2.507178768077329423e+01
1.965117816978433325e+02 9.985740060390199346e+00 2.499331781510876738e+01
1.965449813500855498e+02 1.003984070449000221e+01 2.497528675996298020e+01
1.965289209224930005e+02 1.009150891363079694e+01 2.494153368670013293e+01
1.965171102448327076e+02 1.011679053201334888e+01 2.489263632199381249e+01
1.966019089285881307e+02 1.007480906039954682e+01 2.506959269334679519e+01
1.966946910844995386e+02 1.006511110487889304e+01 2.525524300978769787e+01
1.968033467014424502e+02 1.006254405399594276e+01 2.539688513709323203e+01
1.968258986080339525e+02 1.007145861962587929e+01 2.542886389769189748e+01
1.966681343541707463e+02 9.944519542679792323e+00 2.535794748109300656e+01
1.961576221592768263e+02 9.722795897953650623e+00 2.510006824279477655e+01
1.957248955324340329e+02 9.507464639949144924e+00 2.490469940451150421e+01
1.954600611380654698e+02 9.406996288713763477e+00 2.474362584251806396e+01
1.953351899112843739e+02 9.345732955660880137e+00 2.467281225752774176e+01
1.952743827766404081e+02 9.366110441147601051e+00 2.468345626384721214e+01
1.953241719718428442e+02 9.357324882444775227e+00 2.466459320750483641e+01
1.953937796225145007e+02 9.360712716530647626e+00 2.466666292733544452e+01
1.954688354787746221e+02 9.375180189023193833e+00 2.465573099251199096e+01
1.956834487851847655e+02 9.400473025399406879e+00 2.466439502295014563e+01
1.957449159117891782e+02 9.480322704284338542e+00 2.475191593983415927e+01
1.957234895438950844e+02 9.508822017182227526e+00 2.488250273438595528e+01
1.956632694842527371e+02 9.503413074571612995e+00 2.489118172214899261e+01
1.956075553187312437e+02 9.472432715408849901e+00 2.493499359639528379e+01
1.955206831758140140e+02 9.441732806087630436e+00 2.496419029456581740e+01
1.955348066298342644e+02 9.464600686167278454e+00 2.498244570958484090e+01
1.955566742388123771e+02 9.466791934262557717e+00 2.499671125819147122e+01
1.956008824821680605e+02 9.483686232717278841e+00 2.488900356171298611e+01
1.956573426442680841e+02 9.536051827130718195e+00 2.484015667797814331e+01
1.956898299539127493e+02 9.530513877592992955e+00 2.484657337035271141e+01
1.957642220788812040e+02 9.603627151283992802e+00 2.486251974834300782e+01
1.958028792850398645e+02 9.613448504734927624e+00 2.476652737657870063e+01
1.958364846547194986e+02 9.645006590571275851e+00 2.473005954884968816e+01
1.959064868048349695e+02 9.682498995054734436e+00 2.474757083695580917e+01
1.959363360163034713e+02 9.704523655944134575e+00 2.475544773817202682e+01
1.959937422292022973e+02 9.725086238326275279e+00 2.478789017584205112e+01
1.959684550018229174e+02 9.760048985238990227e+00 2.477047424068205572e+01
1.959539856596647667e+02 9.779805741743089698e+00 2.480556599452188138e+01
1.959542418038533924e+02 9.803084948257003717e+00 2.478045825504108635e+01
1.960286021445064648e+02 9.850546409774612044e+00 2.486681063091866051e+01
1.960899963541520492e+02 9.904291817408456211e+00 2.489964756803245649e+01
1.962006880369445980e+02 9.823899935496536173e+00 2.505203653326602620e+01
1.962762206579353403e+02 9.740890521730188212e+00 2.513393349599424198e+01
1.961157117349561929e+02 9.584425685466154476e+00 2.509046190088902506e+01
1.957220891643529512e+02 9.316719484720158206e+00 2.486176627310205589e+01
1.953029120041880446e+02 9.143083639491077719e+00 2.462695870843499790e+01
1.950409980275027806e+02 9.055218704134764707e+00 2.448638602985856139e+01
1.949633676416972889e+02 9.044778491366818329e+00 2.442328294584513415e+01
1.949508988417421449e+02 9.051937440988679029e+00 2.437574856736872775e+01
1.949565564498789456e+02 9.052997541389721903e+00 2.436144188611866923e+01
1.950373540492282984e+02 9.084110646810817258e+00 2.440466668536332406e+01
1.950759233811032800e+02 9.131757205223845375e+00 2.449970178833515533e+01
1.950644828972338303e+02 9.185397911583512709e+00 2.451428704976115114e+01
1.950776042104869532e+02 9.213476549719082698e+00 2.454525806059586301e+01
1.950134933767095617e+02 9.190872292490487538e+00 2.446174757644595132e+01
1.949559506782211997e+02 9.160146207850726086e+00 2.448847818567649171e+01
1.948857297772293293e+02 9.171033270699535223e+00 2.459288966168400847e+01
1.948350730571837346e+02 9.142752708678052898e+00 2.461286329939890294e+01
1.947652410466388062e+02 9.163950977367697703e+00 2.470555010236419236e+01
1.947778201568649479e+02 9.168329734227032901e+00 2.473161511063746332e+01
1.948123547503529096e+02 9.205605257499696492e+00 2.476336390236606277e+01
1.948742444213852423e+02 9.301879948771162532e+00 2.465434183096353138e+01
1.949355339297566729e+02 9.349881743650147570e+00 2.460380289985136315e+01
1.949995419319254779e+02 9.407314131867515528e+00 2.456885511026353086e+01
1.950366529246244340e+02 9.433754942928457510e+00 2.453238167353768873e+01
1.951177029288311644e+02 9.467053687448000687e+00 2.450757495022015320e+01
1.952004019781062141e+02 9.402166942442343966e+00 2.467733497863907033e+01
1.952684465883276914e+02 9.396200839479858402e+00 2.482657168765366151e+01
1.952776846061082097e+02 9.381540791429452852e+00 2.490763664918529230e+01
1.953015957595983991e+02 9.386295351076460847e+00 2.492660627646745297e+01
1.953409166970487263e+02 9.415753802432435648e+00 2.493086350506212057e+01
1.953745145880659209e+02 9.479913247515682428e+00 2.492553869740396877e+01
1.954301072253227574e+02 9.534857110805733171e+00 2.490040852193585152e+01
1.954553103177496780e+02 9.561030559684400743e+00 2.489331501061035112e+01
1.955232745323498875e+02 9.603127950566040738e+00 2.490236793149545136e+01
1.955508670574267853e+02 9.642246964130464448e+00 2.491016069775920627e+01
1.954868141832833146e+02 9.598816501668675727e+00 2.476748651503678644e+01
1.951290424507576802e+02 9.398694973404007058e+00 2.448593544044647530e+01
1.946488020117602105e+02 9.160200428153425278e+00 2.418714978826037054e+01
1.943559899411990273e+02 8.965719681035047017e+00 2.401572575744827986e+01
1.942798347215600359e+02 8.942259116956932985e+00 2.396825681726823021e+01
1.942697086126146360e+02 8.923799908386385482e+00 2.406138673098316261e+01
1.942909741892662510e+02 8.888410877714520097e+00 2.415808583634816742e+01
1.943584915537855977e+02 8.912950238849781215e+00 2.424948257004234620e+01
1.944557796038178594e+02 8.958743958642996219e+00 2.434927410232679890e+01
1.945858167166802275e+02 9.007598321040282130e+00 2.441470305035944222e+01
1.946297089865477687e+02 9.095674528610558696e+00 2.437125202157594117e+01
1.946387488197735820e+02 9.142694749044133928e+00 2.432981836198595715e+01
1.946378420319525731e+02 9.156270391040562728e+00 2.429734787933178097e+01
1.946118237653195706e+02 9.126101466752670532e+00 2.430043095792317587e+01
1.946079722541623482e+02 9.127101737854184549e+00 2.426043507118751918e+01
1.946515242448888046e+02 9.160097596544858334e+00 2.423364837198867150e+01
1.946823569004683634e+02 9.186059773209562351e+00 2.420844714922736074e+01
1.947430069832010417e+02 9.240255770255489054e+00 2.415996671995213774e+01
1.947686737526993284e+02 9.280537715829524359e+00 2.420726178123042871e+01
1.948253190116947451e+02 9.310222396724345373e+00 2.423558721522655546e+01
1.948566863916388456e+02 9.320782268091351241e+00 2.425575155883370115e+01
1.949264436155593501e+02 9.261156762113095908e+00 2.432789260640734241e+01
1.950055360798721154e+02 9.257187462022416824e+00 2.437571117405651933e+01
1.950599227828103039e+02 9.283813369978778596e+00 2.438637013770087236e+01
1.951291097587196646e+02 9.295177197558217586e+00 2.444212730553140744e+01
1.951401407858204493e+02 9.360746370511634495e+00 2.445975077357414662e+01
1.951378766207663773e+02 9.454123080087127207e+00 2.447061727010124343e+01
1.951164801675220417e+02 9.514468407325349375e+00 2.445777827635527402e+01
1.951399145562816102e+02 9.580832188163146412e+00 2.444396892615755590e+01
1.951781510876779748e+02 9.606001626609080191e+00 2.449948677678997200e+01
1.953154144581241667e+02 9.554081012610893708e+00 2.457367884753811893e+01
1.954404595638070248e+02 9.518691981939030100e+00 2.465726598797805025e+01
1.954619812846472371e+02 9.457307120621477381e+00 2.465571603518710830e+01
1.952234231707658978e+02 9.286376681530509103e+00 2.452646231221546103e+01
1.948457750231371222e+02 9.042131044862626865e+00 2.431592861616699963e+01
1.944855540286619657e+02 8.868784997803143000e+00 2.411189948677678885e+01
1.942456142318946206e+02 8.780177805199540941e+00 2.403245178599807375e+01
1.941650727767338935e+02 8.791253704274989644e+00 2.406604780734965487e+01
1.941725813538248815e+02 8.784689308317206624e+00 2.407677594862158799e+01
1.941481803479447592e+02 8.779762739434051610e+00 2.407490067401445089e+01
1.941847192229669758e+02 8.836114460928662595e+00 2.406956277869702987e+01
1.942370866870460304e+02 8.826025745295453362e+00 2.415623673705957586e+01
1.943265146628525599e+02 8.858198951117593367e+00 2.426355928242233873e+01
1.943897673201147995e+02 8.895642744295182425e+00 2.432411214254330645e+01
1.943559282422338867e+02 8.857116414729226506e+00 2.433835899449383433e+01
1.942802516569911404e+02 8.888457619354777961e+00 2.414159164633405297e+01
1.941898533247328658e+02 8.934264426807265735e+00 2.396949266623664343e+01
1.941333239850052905e+02 8.944212917519701378e+00 2.390774135045947091e+01
1.940834338278598921e+02 8.936343494965925061e+00 2.386275158687868725e+01
1.941250245393611351e+02 8.998104159071150576e+00 2.383204980789185967e+01
1.941803161604547086e+02 9.030109094988361562e+00 2.393778500715147217e+01
1.942149872395322063e+02 9.038346841667367570e+00 2.399882211066550752e+01
1.942681324845051449e+02 9.041717848762749199e+00 2.408972338297295579e+01
1.943128735825597460e+02 9.060911835918146195e+00 2.413335202998943529e+01
1.943550364117377569e+02 9.073952753550027950e+00 2.415182619588486546e+01
1.943402398780978046e+02 9.191792167970758598e+00 2.411192566209533439e+01
1.943561451234446622e+02 9.291114414187022774e+00 2.411559394602275219e+01
1.943552775986015035e+02 9.356053509829767023e+00 2.407349468547550231e+01
1.943725271335221692e+02 9.410518738723579801e+00 2.406870834151311911e+01
1.943880752727374670e+02 9.437275523272662170e+00 2.405885707341241897e+01
1.944407082293331825e+02 9.479139205953014624e+00 2.408023483000065568e+01
1.945658617756214426e+02 9.473457292163296017e+00 2.416417533724093403e+01
1.946852174888521176e+02 9.456738742275943466e+00 2.423669966626468764e+01
1.949083302951267171e+02 9.469805835226368984e+00 2.430795449233904648e+01
1.949367772573875186e+02 9.474756709762459650e+00 2.435967318245131707e+01
1.949566873264716662e+02 9.391259313271820730e+00 2.435908236811846095e+01
1.947289489674771801e+02 9.146886539342439448e+00 2.416255433715679857e+01
1.943227566349758320e+02 8.869932972487870160e+00 2.390195847472679347e+01
1.940023389516784960e+02 8.679991773471314787e+00 2.376222901534060483e+01
1.938579241102728759e+02 8.597343205167755187e+00 2.367732936964224066e+01
1.936997354423161539e+02 8.575552252479644366e+00 2.368328238494545346e+01
1.936218115190098388e+02 8.620248478559609850e+00 2.369737592431593498e+01
1.935928391807125308e+02 8.643207972254161930e+00 2.368351235381551945e+01
1.936428620841162456e+02 8.696282169933907014e+00 2.373133466079591614e+01
1.937194510661768163e+02 8.730493311271279921e+00 2.379279804806910192e+01
1.937997662917987043e+02 8.781155640313729194e+00 2.384973123556851959e+01
1.938360396743042600e+02 8.854147385740059661e+00 2.387288330482093102e+01
1.938261697095474574e+02 8.834136354712960326e+00 2.387862878724140359e+01
1.937811799459666702e+02 8.799467145301063553e+00 2.390631479559880646e+01
1.937479541184059144e+02 8.783573117947854669e+00 2.389603163474212622e+01
1.938483383346888331e+02 8.749743388394985999e+00 2.396086042011386397e+01
1.938956221779734790e+02 8.719888567929626078e+00 2.403036710884258298e+01
1.939743594058202802e+02 8.741629039646259258e+00 2.410403006422301431e+01
1.940475025941610454e+02 8.775054921427303256e+00 2.413547970945396415e+01
1.941548513148423467e+02 8.807512316422208443e+00 2.418617382281178863e+01
1.942219386562713339e+02 8.867760421048695108e+00 2.418833141692608280e+01
1.942681306148395493e+02 8.963160108814538063e+00 2.416608239616344633e+01
1.943225304054369929e+02 9.043108879976816894e+00 2.417999644763533951e+01
1.944001495732488252e+02 9.078860625777080529e+00 2.418269811444223194e+01
1.943829785642837749e+02 9.105351917809500151e+00 2.421679520617737680e+01
1.944512587523721265e+02 9.108851931831992488e+00 2.422705406138112139e+01
1.944952818988323884e+02 9.090162754391377220e+00 2.422940797038449645e+01
1.945495265071841970e+02 9.110222396724346083e+00 2.423881051873872394e+01
1.946284993128979011e+02 9.119744603677633066e+00 2.429665984238718934e+01
1.947220349440502503e+02 9.178611025418103253e+00 2.434476259920913321e+01
1.948077684606108164e+02 9.227199895298726418e+00 2.440425722859466617e+01
1.949150629609894168e+02 9.230454983126268331e+00 2.446641987080610647e+01
1.949544867300483304e+02 9.239156406876629646e+00 2.452201063839732242e+01
1.948789746753793111e+02 9.157567938974114696e+00 2.449454712024754244e+01
1.945136981050939085e+02 8.938162679604753080e+00 2.430563984631348617e+01
1.941591908087238494e+02 8.766796608426583148e+00 2.410424881509942097e+01
1.938990530143683770e+02 8.671067859513325260e+00 2.389148834730908533e+01
1.937895261332510586e+02 8.627177459311402785e+00 2.380985687709753051e+01
1.937470884632283514e+02 8.646558413027829459e+00 2.377443232277907015e+01
1.937183049611576848e+02 8.619066849893895821e+00 2.375523833562367315e+01
1.937242411494704299e+02 8.634233577324694764e+00 2.375924689869216877e+01
1.937879724411289146e+02 8.647386674893194680e+00 2.383060268670948290e+01
1.938280150695048292e+02 8.689126959643267867e+00 2.382683718017032604e+01
1.939082779444896403e+02 8.723683989118546478e+00 2.388269157061259662e+01
1.939243346327509414e+02 8.720638303839358230e+00 2.390086098101354750e+01
1.938667564106159489e+02 8.685621336623944089e+00 2.387407241214908638e+01
1.938404819997943491e+02 8.593845060810874514e+00 2.395404548896429731e+01
1.937907956362004711e+02 8.580576043974534883e+00 2.394241055987136590e+01
1.937409204363799518e+02 8.550068710211178313e+00 2.391567247197838597e+01
1.937902889568200635e+02 8.581432350824055533e+00 2.395954417552420779e+01
1.937620027858017693e+02 8.683431958194276490e+00 2.394307242149741555e+01
1.937325162894616426e+02 8.771502556767721615e+00 2.394055585158594468e+01
1.937374204223574736e+02 8.800112179936618872e+00 2.392708304119808105e+01
1.937560310738424505e+02 8.841128904095501895e+00 2.394319021043086337e+01
1.937524618821923639e+02 8.888523057651138259e+00 2.396073515251797303e+01
1.937317945985360552e+02 8.898570640640921070e+00 2.397610754316590587e+01
1.936853427564480228e+02 8.926406222247150524e+00 2.390857335165605591e+01
1.936477830440025798e+02 8.940340840040759574e+00 2.389487244206373617e+01
1.937245421656336646e+02 8.890699348421534864e+00 2.384902076263660220e+01
1.937505548232698516e+02 8.967007880640547768e+00 2.389837993474867162e+01
1.937886305634237374e+02 8.954445597404903978e+00 2.397047237101644512e+01
1.939272681380934955e+02 8.973605930579315881e+00 2.406233091211636932e+01
1.939868132484505168e+02 8.993065410251377401e+00 2.413108599526974629e+01
1.941075599928952613e+02 9.058144730814893464e+00 2.419997943367828697e+01
1.942264651167138823e+02 9.115246188219236601e+00 2.425128305802507356e+01
1.943678024885249158e+02 9.127399014686222500e+00 2.433179833786727286e+01
1.943314935823727865e+02 9.082833665198979389e+00 2.425279748716942052e+01
1.940737022183582496e+02 8.872213964532443597e+00 2.407064905441661651e+01
1.936613661646614446e+02 8.677047050135083595e+00 2.386693963784577122e+01
1.933404231053276021e+02 8.504981724018659150e+00 2.369348141084967097e+01
1.931853848239242382e+02 8.530302605379027625e+00 2.360280636808106891e+01
1.931233680156304047e+02 8.569004683512353893e+00 2.352784960409830717e+01
1.930950276243093811e+02 8.573413355021454407e+00 2.351188452945190832e+01
1.930900243991362117e+02 8.638096306475587127e+00 2.350124052313243794e+01
1.931440633442708759e+02 8.664086528124444797e+00 2.354342017930093078e+01
1.932705312654831573e+02 8.690069271110861138e+00 2.358508754709220412e+01
1.934162025221789065e+02 8.692052986323396624e+00 2.363469538473044196e+01
1.934388609997102151e+02 8.685520374680988809e+00 2.362731768423217460e+01
1.934486991801516353e+02 8.682005403333613813e+00 2.358616260481812787e+01
1.934446887474175298e+02 8.648209327761730236e+00 2.361900328126314719e+01
1.934622411681670826e+02 8.594376045844200007e+00 2.354854119340755858e+01
1.935351188639911868e+02 8.584515429415448651e+00 2.356365557020127000e+01
1.935586355180375904e+02 8.566482504604051584e+00 2.352976414168325903e+01
1.936288134167204191e+02 8.615991249964944032e+00 2.353898720213889817e+01
1.936958465378467054e+02 8.633010816015556088e+00 2.357794542446083597e+01
1.936760654756896827e+02 8.731618849968683094e+00 2.356889811257256540e+01
1.936886857185592419e+02 8.792775612081779713e+00 2.361739162950706117e+01
1.937158687868674747e+02 8.869729178936347935e+00 2.362893120565387051e+01
1.937325106804647987e+02 8.947503528993840050e+00 2.365707715175140891e+01
1.938029035906928073e+02 8.999429751988856196e+00 2.369684867861382926e+01
1.939675930859765742e+02 8.918686372942199014e+00 2.388647764347346580e+01
1.940864346411644306e+02 8.858436398650100685e+00 2.402706714904039487e+01
1.941815968813977520e+02 8.841087771452075472e+00 2.413085041740284709e+01
1.943171532471417606e+02 8.870273251628946198e+00 2.422117022370548867e+01
1.944387693860952879e+02 8.922472445803068197e+00 2.426507932056351891e+01
1.944630208187265623e+02 9.018954669957278014e+00 2.424889362537509996e+01
1.944969290742350836e+02 9.087870544353142677e+00 2.429169401052621780e+01
1.945282272765515756e+02 9.158773873292760825e+00 2.431273148797337669e+01
1.945470978115563980e+02 9.172785147376391279e+00 2.433438969440315702e+01
1.944236307036486551e+02 9.121909676454366789e+00 2.421981284647240784e+01
1.940556113339129354e+02 8.889220442923782883e+00 2.403510110216787865e+01
1.937590356264782088e+02 8.686754353983790367e+00 2.384309953164876461e+01
1.935016144562544866e+02 8.532899570911743226e+00 2.367283095418384420e+01
1.933940282880406869e+02 8.463159173981733119e+00 2.366452402987725634e+01
1.933169270176028931e+02 8.429744510194352003e+00 2.362548728159968547e+01
1.932403660805264849e+02 8.468248403772985711e+00 2.360478260463116129e+01
1.932060184535995688e+02 8.575612081779173224e+00 2.361076366491852951e+01
1.932523225921044059e+02 8.684710809471726023e+00 2.365820456011442374e+01
1.933293546849145912e+02 8.744654158603733407e+00 2.368814164586663651e+01
1.933952342223593348e+02 8.767385553093829387e+00 2.370959792841050273e+01
1.934120144712118190e+02 8.717458002636227832e+00 2.381371399725159321e+01
1.934066130072636440e+02 8.663645287040413479e+00 2.384517486047620238e+01
1.934314234699124029e+02 8.626145403894513564e+00 2.391110487889240943e+01
1.933949182488711926e+02 8.618563909844723980e+00 2.393165437361527736e+01
1.934242626506249394e+02 8.619900720756092483e+00 2.394447093137392457e+01
1.935388376288900645e+02 8.622649129203242779e+00 2.389311869572127023e+01
1.936640940067868826e+02 8.641629974479064558e+00 2.391637920557908359e+01
1.937638612334183961e+02 8.654900860981014077e+00 2.393363621916220296e+01
1.938837273653606985e+02 8.625425582634544952e+00 2.391742808798646536e+01
1.939102541810397327e+02 8.659804993876845103e+00 2.397829505192996180e+01
1.938980060016266123e+02 8.741475727066214674e+00 2.397217002739060021e+01
1.939085153920221387e+02 8.779873049705059884e+00 2.404785222163016201e+01
1.939185461480214201e+02 8.823415692103466768e+00 2.400518458273737821e+01
1.939481186489796301e+02 8.829170522851988778e+00 2.403831131802077081e+01
1.939441942208636078e+02 8.857138850716548717e+00 2.406697516149236549e+01
1.939482719615596693e+02 8.888278131456189612e+00 2.406196819698796929e+01
1.939995400622598538e+02 8.922977255517849926e+00 2.408082190500229203e+01
1.940087444260593941e+02 8.966228230081050299e+00 2.409092744762599381e+01
1.940836731450580146e+02 9.013631731964737881e+00 2.407884192912097632e+01
1.941077376111282433e+02 9.070177898682819873e+00 2.407271690458161473e+01
1.942177412569761827e+02 9.025922913686887483e+00 2.415477839788353975e+01
1.942557609071617435e+02 8.983993792710172954e+00 2.413074384646305859e+01
1.940494395677333159e+02 8.836243467855773304e+00 2.401655401931364509e+01
1.936315449981770769e+02 8.609092183862916414e+00 2.376457731534715023e+01
1.932896336390236627e+02 8.420844901889296352e+00 2.359090968580269276e+01
1.929850894167578019e+02 8.329326639930448195e+00 2.346236456609735299e+01
1.927873236671621271e+02 8.280120780398425140e+00 2.337550551083938544e+01
1.927798319170616423e+02 8.337943928728346776e+00 2.339863888343569798e+01
1.927551130680277822e+02 8.367344420450402609e+00 2.342387749950921361e+01
1.928013891615484567e+02 8.377915509811069583e+00 2.339013003524319601e+01
1.928870721971375417e+02 8.429133129539781777e+00 2.347392470856587465e+01
1.930421142178721254e+02 8.485324059791906848e+00 2.349780407774069602e+01
1.931658299913060546e+02 8.514266483439437039e+00 2.354305559450692087e+01
1.931665498125660179e+02 8.540198745454375739e+00 2.354629198567836212e+01
1.931464079049461873e+02 8.532639687391910144e+00 2.349678510998307956e+01
1.931254358657953958e+02 8.523007170167614888e+00 2.355713417655252329e+01
1.930916098755737664e+02 8.515242448888017179e+00 2.363136177094726520e+01
1.930937375550382740e+02 8.516119322059250152e+00 2.368878855016780349e+01
1.931092277346196511e+02 8.521705882902843143e+00 2.371681109833506440e+01
1.931558628039375094e+02 8.560209776481476851e+00 2.377016948518757289e+01
1.932413495246375135e+02 8.581664189359733186e+00 2.372347458657019104e+01
1.933892886857185545e+02 8.627173719980181232e+00 2.368676183264622992e+01
1.934903628086116782e+02 8.656063792990623895e+00 2.370275121294556442e+01
1.935541614082321473e+02 8.678069757223919822e+00 2.371213880397490925e+01
1.936267287395649248e+02 8.743169644109151761e+00 2.374880294659300262e+01
1.937166241317740401e+02 8.751803759897542889e+00 2.389060212580979936e+01
1.938328575034355197e+02 8.758353198530443251e+00 2.402488337960755871e+01
1.938838133699787818e+02 8.758078357685727511e+00 2.411979508464910893e+01
1.939420721503959157e+02 8.752783464677342806e+00 2.420818539604191955e+01
1.940096362565555239e+02 8.777461181067765850e+00 2.422677922053640742e+01
1.940962578642809717e+02 8.892834506548503271e+00 2.412726626842789202e+01
1.941884435968626974e+02 8.956943470660272411e+00 2.404070635966757408e+01
1.942917744061474536e+02 9.058559796580381018e+00 2.403762328107617918e+01
1.944231894625646078e+02 9.145069224369221317e+00 2.403987622813659897e+01
1.944773480662983332e+02 9.171166016957867484e+00 2.403571622215366688e+01
1.943946359293640285e+02 9.185343691280815293e+00 2.404526273475988773e+01
1.940921427302726840e+02 9.013244711183403979e+00 2.393991829561283069e+01
1.936646119041609495e+02 8.833769900253340523e+00 2.372912284637892455e+01
1.933392975666302220e+02 8.675207299174543252e+00 2.358499593347729828e+01
1.932147572706621474e+02 8.646550934365388130e+00 2.355144478410036513e+01
1.931819091155546744e+02 8.610918847164183987e+00 2.355012293051387928e+01
1.933300034588813787e+02 8.630363369511362848e+00 2.354201419076198221e+01
1.934182572846846426e+02 8.622733264155705513e+00 2.358732366716212780e+01
1.934995821297360976e+02 8.662519748343008530e+00 2.358344972001757611e+01
1.935993736620205539e+02 8.724687999551280271e+00 2.358853147114638560e+01
1.936902094960316276e+02 8.742814407643193064e+00 2.365278626917575622e+01
1.937342251638294499e+02 8.725168503613128124e+00 2.369463312486561790e+01
1.937187405932448883e+02 8.710844995372577060e+00 2.367250563236765259e+01
1.936458142861149270e+02 8.643086443989492551e+00 2.358979723476456059e+01
1.936142094586383280e+02 8.657363210589785751e+00 2.357392938272989724e+01
1.936412541716914006e+02 8.694154490469379937e+00 2.360359536696861937e+01
1.936784736049957587e+02 8.679673930317562736e+00 2.372524889923437286e+01
1.937019397780706811e+02 8.649706929915584652e+00 2.383686232717278486e+01
1.937971431509474485e+02 8.689992614820839734e+00 2.395552813379327262e+01
1.938856849052546920e+02 8.702119265969281869e+00 2.400911275018463087e+01
1.939073225453627742e+02 8.716470819193986586e+00 2.402944349403109214e+01
1.939228688149124480e+02 8.726185601705134687e+00 2.402448701049817359e+01
1.939644333510951526e+02 8.751689710295313063e+00 2.403845528227276418e+01
1.940210599134344704e+02 8.763911714389880814e+00 2.407604864869918160e+01
1.940719802563311589e+02 8.819554832618186069e+00 2.413157023866281392e+01
1.941410494433070539e+02 8.792040833496928443e+00 2.414648643090183455e+01
1.941521029063951858e+02 8.799979433678286611e+00 2.419268212880126256e+01
1.941982051210140980e+02 8.832036720232586902e+00 2.419029456581690241e+01
1.942644810275682232e+02 8.852524515990314313e+00 2.426539903338288084e+01
1.943572052238457104e+02 8.903332678950370394e+00 2.431605201409727712e+01
1.944327771078142746e+02 8.989455085957876790e+00 2.431683166465677459e+01
1.945197259070215239e+02 9.053274251900047531e+00 2.437051350365987190e+01
1.945884585541875822e+02 9.128623645660972841e+00 2.443590505838031035e+01
1.945343373437660546e+02 9.110046648156977511e+00 2.437723869086013906e+01
1.942440811060941712e+02 8.945512335118863234e+00 2.423641921642314401e+01
1.938370492937338270e+02 8.728870441521534573e+00 2.397763879930074538e+01
1.934866328257191128e+02 8.545701171345504221e+00 2.376096325172242985e+01
1.932729188284675388e+02 8.454416617587943605e+00 2.355361546587392851e+01
1.932348599153041562e+02 8.447343672584159080e+00 2.355078292247431548e+01
1.932276934870198488e+02 8.453848239242411466e+00 2.354384272372886144e+01
1.932320965495321161e+02 8.438180441428050571e+00 2.357873068401716310e+01
1.932750595955913298e+02 8.445640407213170775e+00 2.364934047545596485e+01
1.933073318936908151e+02 8.507685260491161472e+00 2.370490693739424870e+01
1.933752157126697853e+02 8.573207691804320518e+00 2.375087266642361072e+01
1.933970421890045088e+02 8.565588804442326065e+00 2.378183432893026961e+01
1.932956165689766408e+02 8.627067149040394511e+00 2.373147114638546995e+01
1.932398276168307234e+02 8.660029353750081427e+00 2.373644258724327116e+01
1.932457282814968664e+02 8.700150508081629042e+00 2.373914986304699326e+01
1.932203550494994033e+02 8.719770778996176475e+00 2.373847117443045462e+01
1.932337717699189454e+02 8.732512550130408613e+00 2.376948331790859115e+01
1.932843331370184501e+02 8.807689934655186903e+00 2.379630928008525714e+01
1.933902347365173853e+02 8.825943480008600517e+00 2.383956960297650696e+01
1.934453767843621108e+02 8.880277832309690922e+00 2.392584158323283816e+01
1.935100859111347802e+02 8.891452823662488569e+00 2.393893111217058944e+01
1.935874264987706965e+02 8.949797608697684481e+00 2.398124164493180288e+01
1.936805564124856289e+02 8.949277841658020094e+00 2.401318488188387335e+01
1.938312065887016047e+02 8.990485271709154347e+00 2.405881407110338444e+01
1.939321704013237309e+02 9.003423357732469157e+00 2.407330958858008074e+01
1.940371147320301759e+02 9.028293649680755095e+00 2.415038281403370846e+01
1.940973740546503166e+02 9.041889857998896218e+00 2.417328434809434157e+01
1.941447513812154568e+02 9.080939693935739854e+00 2.417714520757962404e+01
1.943140869955408334e+02 9.079830982228829228e+00 2.411318394705106982e+01
1.944531041123294983e+02 9.110241093380448518e+00 2.414357536154658845e+01
1.945488197735834888e+02 9.116369857251029885e+00 2.416994699497994858e+01
1.946533733441773961e+02 9.165437361527891014e+00 2.418214843275280046e+01
1.947713118508754633e+02 9.203726243561339615e+00 2.431013639210627275e+01
1.948667844556001114e+02 9.261235288068728977e+00 2.438511372241074682e+01
1.949683185162333814e+02 9.287255424367351964e+00 2.446676014994718074e+01
1.949051462545923528e+02 9.226734348561759447e+00 2.444151966420805522e+01
1.945559731142085127e+02 9.003051294276017913e+00 2.425716502603509284e+01
1.942061212852081269e+02 8.765074646399490632e+00 2.404408297575978537e+01
1.939930523225920922e+02 8.591154611997644963e+00 2.392944255919828578e+01
1.939570874349122676e+02 8.569389834628076130e+00 2.393946770620074460e+01
1.940430116573650707e+02 8.509203428966729987e+00 2.396452309504445211e+01
1.940780230155836534e+02 8.558390591842648831e+00 2.400384777182600970e+01
1.940102158528947029e+02 8.680526497835861832e+00 2.399963167587477031e+01
1.940048592609211937e+02 8.811821895653961789e+00 2.396676856344242879e+01
1.940321844238158064e+02 8.904119808172309192e+00 2.405027530826111715e+01
1.940529620177431127e+02 8.949939703284067960e+00 2.406252348767423044e+01
1.940752970431238396e+02 9.001548083125333832e+00 2.407944209178188544e+01
1.941171027661702624e+02 8.951706537285806675e+00 2.405050527713118669e+01
1.941443419244468203e+02 8.926125772405605119e+00 2.399568668143702510e+01
1.942269680567630417e+02 8.908214375858877432e+00 2.395422871619410898e+01
1.942634321451608344e+02 8.885346495779229414e+00 2.399140140785820563e+01
1.942930345607688025e+02 8.932099354030532012e+00 2.396593843191145368e+01
1.943335034729038853e+02 9.023468042740555362e+00 2.403028297389012025e+01
1.943758270933243466e+02 9.120615867852034597e+00 2.404463826644604652e+01
1.944209813874788608e+02 9.208566807826420231e+00 2.407289078348337341e+01
1.944712174327621597e+02 9.204917220555103086e+00 2.414656682652307751e+01
1.944767852969496289e+02 9.245113161511063993e+00 2.412335866730235168e+01
1.945828532966878868e+02 9.247736302362323357e+00 2.419144814949846278e+01
1.946641220517710451e+02 9.284525712576305878e+00 2.419759374035953670e+01
1.947335202998943657e+02 9.262158902880219813e+00 2.423260883790933917e+01
1.947935851772910496e+02 9.278847538117807048e+00 2.427727888867076089e+01
1.948934384085406464e+02 9.340381972684184575e+00 2.430332146095670964e+01
1.949947387609726093e+02 9.347464266016023871e+00 2.439466023501696768e+01
1.950875770068523138e+02 9.368395172523394265e+00 2.451537332548073778e+01
1.951802600704863835e+02 9.377767806227856440e+00 2.462983425414364547e+01
1.952717895504389105e+02 9.431561825167568358e+00 2.466151386824466485e+01
1.954324704826541677e+02 9.482302680165652475e+00 2.475803909470791098e+01
1.955126174383711373e+02 9.602161333445513591e+00 2.464557496891680799e+01
1.954638472109263319e+02 9.591193874975461497e+00 2.450694487290947876e+01
1.951571566125398363e+02 9.423856933187499507e+00 2.427889054042684336e+01
1.947385253947331591e+02 9.190890989146591750e+00 2.406199624197212472e+01
1.944569051425152679e+02 9.055398192033354832e+00 2.391682792532555624e+01
1.942804591898738806e+02 8.928457245421656197e+00 2.386161109085639964e+01
1.942061904628357354e+02 8.922900599227828522e+00 2.393068214749791878e+01
1.942499612044385913e+02 8.962956315263015838e+00 2.399212309878378235e+01
1.942900823587701211e+02 9.003888904469436127e+00 2.406431836666012458e+01
1.943719026652083244e+02 9.044785970029259659e+00 2.410249880808817480e+01
1.944458311131054131e+02 9.102913873853660576e+00 2.416628245038375056e+01
1.945019079937553101e+02 9.201750007011245458e+00 2.422127866431088705e+01
1.945378410971197809e+02 9.209064138878762407e+00 2.426521393648745928e+01
1.945031887146983820e+02 9.194826635256283964e+00 2.428598592141795365e+01
1.945075805592169900e+02 9.178267006945807438e+00 2.427037047424068206e+01
1.945007693673986466e+02 9.182814033710071655e+00 2.422257995157566057e+01
1.945223527872039995e+02 9.219089285881219453e+00 2.417762571164147190e+01
1.945682680352618945e+02 9.268500808630376397e+00 2.419235493731946107e+01
1.946156921034672962e+02 9.297254396051267022e+00 2.417248787054435155e+01
1.946465266287124507e+02 9.321414215067635567e+00 2.422659038430976608e+01
1.947035832141421565e+02 9.366450720288677090e+00 2.424231614175804594e+01
1.947742453562180458e+02 9.377801460208841533e+00 2.430845556272260666e+01
1.948636882893494544e+02 9.415852894709781040e+00 2.434289106393321589e+01
1.949437062381392991e+02 9.470290078619438390e+00 2.436745099139018933e+01
1.950513036243467866e+02 9.499370857522132283e+00 2.441574819343560421e+01
1.951812734292471703e+02 9.516375466247861681e+00 2.445295079974946617e+01
1.952860719260360156e+02 9.543231343074291217e+00 2.446203363528432817e+01
1.953744211047853980e+02 9.538624487010498143e+00 2.449981957726860671e+01
1.954439090968580217e+02 9.587026390330089853e+00 2.449919510895476193e+01
1.955063484495798036e+02 9.645079507530077478e+00 2.453421207617017785e+01
1.956424358003571058e+02 9.661399818642435022e+00 2.467985528788176097e+01
1.957803068121266392e+02 9.681713735498405526e+00 2.476474184592085592e+01
1.959182170868740229e+02 9.729797795664245186e+00 2.486258518663936812e+01
1.960398893157958753e+02 9.720142842452627718e+00 2.488387506894391876e+01
1.961125463910779558e+02 9.790244084845426187e+00 2.495163175066139516e+01
1.960744631722616305e+02 9.753937048358901407e+00 2.490506959830234379e+01
1.957713567228501290e+02 9.556859335707809322e+00 2.469298968879416023e+01
1.953511755522524709e+02 9.284637892512924040e+00 2.443288367875405598e+01
1.950226584775312801e+02 9.100071982125996328e+00 2.427748268222228489e+01
1.948742818146974400e+02 9.016236176159893034e+00 2.419775827093324239e+01
1.948198091071411966e+02 9.068856045096334029e+00 2.415760907161754290e+01
1.948751642968655062e+02 9.107326284693982643e+00 2.410862196296192295e+01
1.948694636864196923e+02 9.175946751923419242e+00 2.408604762038309488e+01
1.949627506520458837e+02 9.215480831253330507e+00 2.415205055575810178e+01
1.950552374007908725e+02 9.295781099550344706e+00 2.414813547597012189e+01
1.951508820147516587e+02 9.368150246328443842e+00 2.425464097746118242e+01
1.951770610726271684e+02 9.417905787549896601e+00 2.435549821914350588e+01
1.952084396705649283e+02 9.467579063484496515e+00 2.434561329706182065e+01
1.951714109431528072e+02 9.465593478606351141e+00 2.436158772003627249e+01
1.951529872582288760e+02 9.467567845490833633e+00 2.440177431266418040e+01
1.951721812453842517e+02 9.490456291892195750e+00 2.438716474558525249e+01
1.952024941339241479e+02 9.510792644735488466e+00 2.439719550158454098e+01
1.952313150293070123e+02 9.521094502248272917e+00 2.443427097063690212e+01
1.952955941329893221e+02 9.587656467640762514e+00 2.445123070738798532e+01
1.953787512503388655e+02 9.630939226519336316e+00 2.450622131231829215e+01
1.955261089454151033e+02 9.678589524263585986e+00 2.450778435276850686e+01
1.956207084162997489e+02 9.718852773181517080e+00 2.449748436492133408e+01
1.957263127389666408e+02 9.773138514176739733e+00 2.451715137747613937e+01
1.958745211318955626e+02 9.847409110880519734e+00 2.458587654597975103e+01
1.959824083162726254e+02 9.928810612222003229e+00 2.459705714632938012e+01
1.960729823970982864e+02 9.945976012190220317e+00 2.464676781557618312e+01
1.961320376550654032e+02 9.939692066073982701e+00 2.468206897196436245e+01
1.962101747202512740e+02 9.980658309261388084e+00 2.472728122575277254e+01
1.962971048228024529e+02 1.002780005795963447e+01 2.480325321816193096e+01
1.963637079208383511e+02 1.005858036290209512e+01 2.482506847650297743e+01
1.964030980359162868e+02 1.011428704976115078e+01 2.490856213366239302e+01
1.965083564704452499e+02 1.016921595572631887e+01 2.503047367978237148e+01
1.965627039104056166e+02 1.023990427312075191e+01 2.509129577175122350e+01
1.965697768554094012e+02 1.024526460442549869e+01 2.508889886043881035e+01
1.963780258200820867e+02 1.012055229922128419e+01 2.502427573828420648e+01
1.959867889427975740e+02 9.837922427573827733e+00 2.480611941554252908e+01
1.956332108702358710e+02 9.603041945947966340e+00 2.469831823578353180e+01
1.954106365276570330e+02 9.454175430724214735e+00 2.461210047582989802e+01
1.953191687466696465e+02 9.413401763094670471e+00 2.459657103327069905e+01
1.953454095035102966e+02 9.457724056052574824e+00 2.462149741518729229e+01
1.953425358274672590e+02 9.493554327808471527e+00 2.456852230978489615e+01
1.953951856110534493e+02 9.554892447485766382e+00 2.459493133653046115e+01
1.954985369866599285e+02 9.624804853651923509e+00 2.464380626524945939e+01
1.956203382225089058e+02 9.705815594880855102e+00 2.471693636593095178e+01
1.956793803928167392e+02 9.732342410559871482e+00 2.471762066354432363e+01
1.957430948574847491e+02 9.737760701498537230e+00 2.475778295051929945e+01
1.957574146263940804e+02 9.672965570107786348e+00 2.477724990885380052e+01
1.958087219900720868e+02 9.646350880145085682e+00 2.481719718428358945e+01
1.958155668358714081e+02 9.641676716119322421e+00 2.481258658888857838e+01
1.958299034317712142e+02 9.649332996793523520e+00 2.484331267352833805e+01
1.959154181974553808e+02 9.710097129128454796e+00 2.482475624234605505e+01
1.960180609697955560e+02 9.776589916893364318e+00 2.470780865842144181e+01
1.960594890203886962e+02 9.790748894560207916e+00 2.464842059997569379e+01
1.961473016051079128e+02 9.816722289218573039e+00 2.470332706995353789e+01
1.962486973104860226e+02 9.918417141094314715e+00 2.472020454141776824e+01
1.962692094118966963e+02 9.928221667554756991e+00 2.479405633302483736e+01
1.962707387983659260e+02 9.933815707060791311e+00 2.494603397182413929e+01
1.963156425573286299e+02 9.946851015695843401e+00 2.499018051621467507e+01
1.963838629161174651e+02 9.925710706640117564e+00 2.500939320002617450e+01
1.963948154172626346e+02 1.001265202718493796e+01 2.504598629535107790e+01
1.964898187359190729e+02 1.009970552766637653e+01 2.503703807574015272e+01
1.965817053220031596e+02 1.018001140496022217e+01 2.497371811051593582e+01
1.966823830757869018e+02 1.024858700021501079e+01 2.497969730113769060e+01
1.967694421852651772e+02 1.033064288452010437e+01 2.497745557207093370e+01
1.968345046788381865e+02 1.037243551990726509e+01 2.502969776855409378e+01
1.969659459105739074e+02 1.030423198810892593e+01 2.512342036626749220e+01
1.969355788017313103e+02 1.018822297632068441e+01 2.515051742995765238e+01
1.966505763244243781e+02 9.930990642323619610e+00 2.499718054425965974e+01
1.962391152742331997e+02 9.679161641940339678e+00 2.481246319095829733e+01
1.960074300511353442e+02 9.544306400800216750e+00 2.466027054061381207e+01
1.957563582653242520e+02 9.552383356236736844e+00 2.460654009030485057e+01
1.956735302091221058e+02 9.605478120238196027e+00 2.461041403744940226e+01
1.956126295911976172e+02 9.627564480092734911e+00 2.464221704948069913e+01
1.956258761720466168e+02 9.693227136326667548e+00 2.463700816109038882e+01
1.956737134363519033e+02 9.751332604163744477e+00 2.464054930775630936e+01
1.957624851595292057e+02 9.839025530283908694e+00 2.467579624384178771e+01
1.958938852586215091e+02 9.947481093006516062e+00 2.473235549821914248e+01
1.959624421572201811e+02 9.989754232455524630e+00 2.472411962120574813e+01
1.959513569098166670e+02 9.965254134298080047e+00 2.471908648138280640e+01
1.959505080816296072e+02 9.968034327060605548e+00 2.470450682895364025e+01
1.959014424470183542e+02 9.927640201549952081e+00 2.473217974965177390e+01
1.958721859195482864e+02 9.896214861971936116e+00 2.469464434285928078e+01
1.959194005852053238e+02 9.930184816445578377e+00 2.473528339456488112e+01
1.959955464565162515e+02 9.952029989436390167e+00 2.478003197128193591e+01
1.960440998027502815e+02 9.985399781249123308e+00 2.480722625758383160e+01
1.962163726617494319e+02 9.893593590786288416e+00 2.496565611240429661e+01
1.963817670209683115e+02 9.829116302549289585e+00 2.510864439894924871e+01
1.964906544764468777e+02 9.804115134008283050e+00 2.520614559086107320e+01
1.965865215806153117e+02 9.838799300745062482e+00 2.524564227687877960e+01
1.966566733039795736e+02 9.872015779977751038e+00 2.528342260986622492e+01
1.966680745248712299e+02 9.985639098447242290e+00 2.534876555328079561e+01
1.966393415037720445e+02 1.007315440633442627e+01 2.529603163474212479e+01
1.966196483158987007e+02 1.013171046358358751e+01 2.529269989062456148e+01
1.966434641164427717e+02 1.016185882154976561e+01 2.536310588851183923e+01
1.966941862747847551e+02 1.022574903478512809e+01 2.537131932953791136e+01
1.968166475025941509e+02 1.029176131848818798e+01 2.541065335464752195e+01
1.969037888773592897e+02 1.036640023931719767e+01 2.543472529938020443e+01
1.969713398958596144e+02 1.044271625019865191e+01 2.543328565686027076e+01
1.970618821923698931e+02 1.046942255377625663e+01 2.545396415851024940e+01
1.970493105608061910e+02 1.048978695160370656e+01 2.543576296379392687e+01
1.969060193884323837e+02 1.035356311523683992e+01 2.527733684830468164e+01
1.964944368099765484e+02 1.006863916388553903e+01 2.494300137420422203e+01
1.961876564676407497e+02 9.866911592861617564e+00 2.474359218853707887e+01
1.960508736012564270e+02 9.784289199876601728e+00 2.466200932963139536e+01
1.959988239803311103e+02 9.773665759878845449e+00 2.466220751418608614e+01
1.959767656654607322e+02 9.730766282450383997e+00 2.467097063690158976e+01
1.960327210178459723e+02 9.723839171364200951e+00 2.478510437408269595e+01
1.960766114180478894e+02 9.736412672593505846e+00 2.479808546241504530e+01
1.962003496274691372e+02 9.808579895485692646e+00 2.489571192192276428e+01
1.963375681259406633e+02 9.874835235718091297e+00 2.498419010759925740e+01
1.963962326237952425e+02 9.943627712183676692e+00 2.492148526236082517e+01
1.963314281440764262e+02 9.980147890549774914e+00 2.482718306830823352e+01
1.962972413083919889e+02 9.979558945882528675e+00 2.474038758168101637e+01
1.962468220358788926e+02 9.976692748501930552e+00 2.470859765730898872e+01
1.962180254461489426e+02 9.994785502612858252e+00 2.467192229669723602e+01
1.962054425965916096e+02 1.003519458544839260e+01 2.470492750371596102e+01
1.962015985640967983e+02 1.005388376288900787e+01 2.473285469893709632e+01
1.962224958166231943e+02 1.012096736498677174e+01 2.473419524917968459e+01
1.963121892849463848e+02 1.011274457563264839e+01 2.475966944312009943e+01
1.962973964906376523e+02 1.014175056791092899e+01 2.480620355049499537e+01
1.964083592749436775e+02 1.012575370894915494e+01 2.483213394284432241e+01
1.965489039085359479e+02 1.014451206401735028e+01 2.481516672743079965e+01
1.965889857998896844e+02 1.014461302596030734e+01 2.479102373540492366e+01
1.966257677314412433e+02 1.015437455011171330e+01 2.481839750960540769e+01
1.966649951856110476e+02 1.018163240504435763e+01 2.482385880285310975e+01
1.967349075917772154e+02 1.010965401837881217e+01 2.501598003197128151e+01
1.967896439221845242e+02 1.008503052229108832e+01 2.508198857634312162e+01
1.968119303362593655e+02 1.006834749605033075e+01 2.517770797692832474e+01
1.968795654897121779e+02 1.009425171308111580e+01 2.522993147675538239e+01
1.969472118611586211e+02 1.012543586579540289e+01 2.523824774939002324e+01
1.969991006908414306e+02 1.020123584896841251e+01 2.525595535238522515e+01
1.969600919875480258e+02 1.019233250133213708e+01 2.530559497433883820e+01
1.967367735180562818e+02 1.009846967869796508e+01 2.517242991091043436e+01
1.962494919183704098e+02 9.872802909199689836e+00 2.493909003374746547e+01
1.958833066905983742e+02 9.683357171569864974e+00 2.477775284890297414e+01
1.956407886249544390e+02 9.574690336633292276e+00 2.463798599620457708e+01
1.955266174944611066e+02 9.573009507249627958e+00 2.458411158164362220e+01
1.954890390853595932e+02 9.549382542932196571e+00 2.458213347542791993e+01
1.954967084536930599e+02 9.577793981546401270e+00 2.460153873479728048e+01
1.955357489413018470e+02 9.611210514999392274e+00 2.462131418795748417e+01
1.955893859083302857e+02 9.644881322975386695e+00 2.468144450365052123e+01
1.956870703274719290e+02 9.710424320610258064e+00 2.473969767507081485e+01
1.957679688887642442e+02 9.734103635564778756e+00 2.481412345402024755e+01
1.958079610361686775e+02 9.729104149722822115e+00 2.485060810873975257e+01
1.957685540941002671e+02 9.723110001776182898e+00 2.484733619392171633e+01
1.957067261220330749e+02 9.765628067420141889e+00 2.471605201409727925e+01
1.956742126370698713e+02 9.797543259388058701e+00 2.469846593936674495e+01
1.956649540529676301e+02 9.842860214450645628e+00 2.468613923399799859e+01
1.956693702031391808e+02 9.897323573678846742e+00 2.468852305765113897e+01
1.957088089295229452e+02 9.914674070542483619e+00 2.469994858419571671e+01
1.958368473698479022e+02 9.940621289882304978e+00 2.469036280861168109e+01
1.959261313814024277e+02 9.936947396958053957e+00 2.471001299417599029e+01
1.960024193472997354e+02 9.938944199829860437e+00 2.470994568621402010e+01
1.960233147301605072e+02 9.951915939834160341e+00 2.468405642650811771e+01
1.960572921632966086e+02 9.927299922408877819e+00 2.470522851987922053e+01
1.960560787503154927e+02 9.952777855680510655e+00 2.471171999887820192e+01
1.960595600676819004e+02 9.993770274186461577e+00 2.474056333024838494e+01
1.960849987379757238e+02 1.003156369483317967e+01 2.474907965710332647e+01
1.960661824232736024e+02 1.004067644501780876e+01 2.473713062418786279e+01
1.960963999588673516e+02 1.010885006216638082e+01 2.475483635751745837e+01
1.961976797449776200e+02 1.009324396331716045e+01 2.483450467883819002e+01
1.963019192117489808e+02 1.011041310261659731e+01 2.492173953688382682e+01
1.963659197352553463e+02 1.009017771171625988e+01 2.502569481448243138e+01
1.964322779070963065e+02 1.010854343700629165e+01 2.509176131848818869e+01
1.964821288012638831e+02 1.013468136223836424e+01 2.514854867206999955e+01
1.964257172504697451e+02 1.012702321189855148e+01 2.499515943573491938e+01
1.961039384506080978e+02 9.985390432921072090e+00 2.471116657785755066e+01
1.956310065344813154e+02 9.734677622907142336e+00 2.441614456254498933e+01
1.953682829925867850e+02 9.576051453197596430e+00 2.421159753578072582e+01
1.951868375541034482e+02 9.465763618176888272e+00 2.419697675070813503e+01
1.951126922249955555e+02 9.499041796374719127e+00 2.412714660982883075e+01
1.950900823587701325e+02 9.543588449205859803e+00 2.408173617148572987e+01
1.950861411036636071e+02 9.598562227145675863e+00 2.404261902758691605e+01
1.951018593824494474e+02 9.654584887492871914e+00 2.405695749315234977e+01
1.952065064363238776e+02 9.684690243150011923e+00 2.414810182198913679e+01
1.952964953118134872e+02 9.666593749707864447e+00 2.432812444494302184e+01
1.953441007375830907e+02 9.631481429546326467e+00 2.447941591646334203e+01
