2.329613085000498813e+02 2.968127611677518624e-03 3.875976484979737791e+01
2.328887509337415054e+02 1.496225343627048850e-02 4.127939784613568719e+01
2.325392349527684530e+02 1.218799803787072415e-02 4.109846215064838049e+01
2.330217559225162347e+02 7.264356211950670147e-03 4.163936053718377650e+01
2.328626316142991186e+02 1.024164314079091705e-02 4.118093416893444925e+01
2.329314582854165394e+02 1.050522793469610416e-02 4.134620437896776224e+01
2.330939832445558011e+02 6.823691286232731745e-03 4.152229733993075911e+01
2.327869262959924868e+02 1.000757170218785630e-02 4.116534043146489807e+01
2.325773529776940052e+02 1.018719608876803191e-02 3.837513967958673078e+01
2.330026719763567371e+02 6.573845468071637908e-03 4.141368921012084314e+01
2.328122716531346157e+02 6.206455079655528312e-03 3.878362537985723435e+01
2.327618445236442710e+02 1.135806213273682364e-02 4.087756944288962302e+01
2.332440586562671001e+02 6.738713177000751203e-03 4.140826689436050856e+01
2.330702692635705375e+02 6.301101357003722515e-03 3.896329250991750826e+01
2.328180216689090116e+02 6.259375578817959890e-03 4.130620106125955004e+01
2.327068448594858978e+02 6.415592821537829428e-03 4.148069928333431733e+01
2.323365962552640553e+02 6.786545166628333257e-03 4.119789569776695970e+01
2.322098236729675875e+02 7.079643315835645011e-03 4.117913792506864468e+01
2.322173404192524799e+02 7.091346887765798482e-03 4.127980899770609824e+01
2.323132720541091771e+02 6.891877313999711027e-03 4.133028599458990016e+01
2.324967677787434752e+02 7.060815830556703074e-03 4.141278701738031032e+01
2.325212226467170069e+02 6.851169237720917439e-03 4.141332792594386802e+01
2.324690425256918900e+02 1.117996429901710331e-02 4.106241362255064331e+01
2.322331382059543614e+02 1.128784070115590628e-02 4.098107379763608549e+01
2.325813520373374388e+02 6.867452468232435048e-03 4.135515761149433445e+01
2.325705145297301328e+02 6.751434450837873712e-03 4.134242107212860162e+01
2.324343470322794758e+02 1.091739720701888697e-02 4.095222703708301992e+01
2.324318811405588860e+02 1.116927842899391975e-02 4.082854674203088763e+01
2.325939135319751756e+02 6.971258062743358394e-03 4.109510119010060691e+01
2.326047805529377968e+02 6.867452468232435048e-03 4.120379582457261591e+01
2.325052589746042599e+02 2.213298107277993435e-02 4.070817855783498374e+01
2.325682537049437997e+02 1.005336828800149768e-02 4.084042179673236461e+01
2.328545932957869127e+02 6.653735067768769794e-03 4.112631359873642367e+01
2.329466357828061405e+02 6.449176984467833683e-03 4.117203640116181163e+01
2.330030190127070284e+02 6.534663944653299611e-03 4.120319487159655125e+01
2.332012775212038207e+02 6.246145454027351995e-03 4.124848667726433860e+01
2.332996806451415921e+02 5.999861592540652391e-03 4.127190959550419791e+01
2.332169994891136469e+02 9.330291083099431088e-03 4.075071290018583170e+01
2.331859992713254428e+02 9.792327748863736622e-03 4.068008947635166095e+01
2.332149661207035081e+02 5.767316706798045201e-03 4.109987421204429836e+01
2.329264740903271615e+02 5.868578046541543351e-03 3.856303645611771458e+01
2.329166664970496754e+02 5.536807224869377819e-03 3.848158061318575562e+01
2.330053704129630887e+02 6.054817495517022911e-03 4.103161083893238725e+01
2.330101607358391789e+02 5.844153200774267372e-03 3.856322066016286954e+01
2.330976174580655993e+02 5.641630521287271070e-03 3.849658306584734646e+01
2.331160841680185172e+02 9.261087353425482768e-03 4.080263605147943196e+01
2.331231536343152868e+02 9.256507694844118631e-03 3.828177265353559733e+01
2.335286208307297215e+02 5.696586424263641590e-03 3.870909398070030250e+01
2.333521080677300858e+02 8.585842138150999100e-03 3.831143459331614309e+01
2.334609879239491761e+02 9.278897136797454800e-03 3.834762203772417166e+01
2.337260499121723285e+02 5.412138741265573594e-03 3.867220941048599059e+01
2.336525789584024437e+02 9.027524765775906540e-03 3.839692002694874873e+01
2.336623204010559789e+02 3.919170043740828266e-03 3.838228547352652242e+01
2.337217582632306403e+02 6.601832270513308121e-03 3.827448234592502274e+01
2.336838524291526937e+02 4.775566198455942837e-03 3.824202121704935564e+01
2.336548555575683395e+02 4.473817583039387327e-03 3.832249243338632283e+01
2.335271558488346386e+02 4.217865553436474062e-03 3.803494635693248682e+01
2.335493819496319077e+02 4.290122388831332095e-03 3.811259243277569908e+01
2.335132916957559814e+02 5.356673987335717688e-03 3.801119217672189876e+01
2.334464525964628763e+02 3.884568178903853673e-03 3.800371970046997205e+01
2.335653512191051107e+02 8.303429858966869179e-03 3.804656138879673222e+01
2.333324058676621178e+02 4.370011988528463981e-03 3.801633411560686682e+01
2.333824579739997489e+02 4.967403007919756440e-03 3.798121271394638399e+01
2.335269227950979314e+02 4.691605791130931333e-03 3.807201411349004871e+01
2.331203758169602054e+02 4.808641510432462574e-03 3.526250806528761217e+01
2.328694960136616317e+02 5.466076942334974209e-03 3.528979265341347116e+01
2.327154658123398292e+02 4.911938253989900534e-03 3.527920142966763706e+01
2.325512199192758942e+02 5.027956271384461003e-03 3.518252890782266462e+01
2.323964844505325686e+02 5.362780198777536249e-03 3.526451090264053079e+01
2.323920976464625596e+02 4.885478004408684745e-03 3.537370166679218642e+01
2.326410173558883230e+02 5.295611872917527739e-03 3.546735873788680493e+01
2.328581379515289029e+02 5.120567144918716264e-03 3.565098472836518084e+01
2.329498318756449748e+02 5.251850690917824437e-03 3.562458859400410915e+01
2.331921446642906801e+02 4.949593224547784408e-03 3.587473565192966163e+01
2.330055485107967854e+02 4.910920552082930629e-03 3.558905604077320817e+01
2.332830142498621058e+02 4.964349902198846726e-03 3.812775975314622201e+01
2.329136373073235973e+02 4.865632817222772903e-03 3.547054007404798881e+01
2.329303301628526697e+02 4.517069914085605244e-03 3.543863766351925193e+01
2.332212066687970662e+02 4.781163558944276880e-03 3.582777532398539933e+01
2.328150632094654497e+02 4.816783125688220944e-03 3.554599503768550051e+01
2.324172292862042468e+02 4.515543361225149953e-03 3.524234535510672828e+01
2.322661600885807616e+02 4.822380486176554987e-03 3.536702248917674041e+01
2.321255686409405143e+02 4.978597728896424525e-03 3.520112283051395963e+01
2.319444945379938758e+02 5.090544938663106242e-03 3.520221329810728150e+01
2.318338850973838987e+02 5.347514670172988545e-03 3.513703610602825478e+01
2.319463737245650918e+02 5.205545254150696806e-03 3.527882640651492352e+01
2.321412641486007544e+02 5.283908300987374268e-03 3.535616004787269873e+01
2.322075491092055302e+02 4.615278148108193680e-03 3.530946788438092199e+01
2.323761726470223152e+02 4.869194773897167136e-03 3.540645945577372800e+01
2.323945269009145136e+02 5.078841366732952771e-03 3.541649501427836100e+01
2.321923197090186761e+02 9.497703046795969578e-03 3.534177737567245003e+01
2.319177544203882348e+02 5.494572595730129808e-03 3.527708257429732441e+01
2.319369477695027228e+02 5.575988748287716117e-03 3.545764273778096509e+01
2.318061064149821959e+02 5.100721957732804422e-03 3.546164485053012072e+01
2.317335895567501041e+02 5.061031583360980739e-03 3.550228016112256313e+01
2.317147931113793220e+02 4.933309994036266799e-03 3.539870507609357020e+01
2.319550185934138540e+02 5.307824295801165729e-03 3.557636835109901341e+01
2.323440188641225461e+02 4.900743533013232449e-03 3.568428139050647019e+01
2.323536493772681979e+02 4.981141983663848853e-03 3.556726500754117382e+01
2.324241140396048877e+02 5.113952082523412317e-03 3.577546341056334001e+01
2.324388366242420716e+02 4.641738397689409469e-03 3.581506473601830010e+01
2.323750775997704068e+02 5.358709391149657497e-03 3.576548229911072951e+01
2.324697854480839680e+02 5.283399450033889749e-03 3.574437974121875783e+01
2.325777966957254534e+02 4.793884832781399388e-03 3.583912219139715916e+01
2.326979704988571314e+02 5.155169009755690424e-03 3.582473137758165649e+01
2.328521665855897425e+02 5.011673040872944261e-03 3.587091061931231906e+01
2.330155499762875593e+02 4.867668221036712713e-03 3.593838985310490841e+01
2.331749867189901124e+02 4.911429403036415148e-03 3.598954514830970197e+01
2.332605815555777156e+02 5.070699751477194400e-03 3.605392293554079686e+01
2.331077354504246841e+02 4.686517281596082676e-03 3.587974579841768019e+01
2.331024199933645775e+02 4.968420709826726345e-03 3.585821020836429085e+01
2.331355024292544442e+02 4.984703940338243086e-03 3.589585194879737884e+01
2.331366824546155954e+02 5.013708444686884071e-03 3.576120133603906481e+01
2.329771815966928727e+02 5.017779252314762822e-03 3.318444473166253772e+01
2.328005721520121085e+02 4.935345397850206609e-03 3.310215997052735304e+01
2.324243577792116184e+02 4.836628312874132786e-03 3.549154849451356597e+01
2.322105599802972904e+02 6.076189235563389177e-03 3.578615793105273468e+01
2.318858693107919180e+02 5.217757677034334796e-03 3.558370343759349907e+01
2.316848925205015917e+02 5.107337020128108369e-03 3.551789374377929676e+01
2.317815614803899109e+02 6.053799793610053007e-03 3.583170161794249253e+01
2.316719453168411462e+02 1.109244193501769844e-02 3.560292884431807181e+01
2.318394361524354679e+02 6.348933346631304570e-03 3.574091039541789883e+01
2.318244016421637923e+02 6.037007712145050879e-03 3.569645819382336072e+01
2.316302816184716846e+02 5.678267789938185039e-03 3.552574531399157109e+01
2.316380421043633078e+02 6.251742814515686038e-03 3.560366413394585550e+01
2.315649227666022796e+02 5.837538138378963425e-03 3.551108430031975871e+01
2.314347525864893953e+02 5.682847448519549177e-03 3.541569917138711077e+01
2.314545331496042024e+02 5.751542327240012978e-03 3.538663614917881972e+01
2.315915310918109640e+02 5.964242025796708327e-03 3.560042377107406253e+01
2.317671314850509816e+02 6.020724481633533270e-03 3.564836567250759458e+01
2.316539645595487968e+02 6.008003207796410762e-03 3.547846593649947522e+01
2.317888477171928514e+02 6.671544851140741826e-03 3.561551069299393646e+01
2.319252253700873041e+02 7.530994111576766112e-03 3.521342226691064070e+01
2.315545350832378517e+02 6.525504627490571335e-03 3.254988418552298413e+01
2.309902091988039956e+02 5.920480843797005024e-03 3.204147695006950869e+01
2.309863561793842166e+02 6.233933031143714006e-03 3.200805765484843590e+01
2.313966834112553670e+02 3.527354809557442256e-03 3.256201722765788276e+01
2.312107553790634427e+02 5.374992621661174239e-03 3.230261315318652748e+01
2.311264682894262705e+02 6.298557102236298187e-03 3.256498789952432560e+01
2.308847269404013502e+02 6.138777902842034416e-03 3.256257136634622640e+01
2.308706037821873736e+02 4.301317109808000180e-03 3.282268019938815939e+01
2.304776482130172326e+02 5.759683942495771349e-03 3.264883381538480478e+01
2.304269641137953499e+02 6.029374947842777027e-03 3.264059602729883380e+01
2.307301329322230856e+02 4.067754522158423952e-03 3.295869860350943981e+01
2.303060926760064433e+02 5.661475708473182912e-03 3.248273723140302138e+01
2.303261648107176143e+02 5.565302878264533418e-03 3.252378827322446853e+01
2.305831935689380998e+02 3.581801861580328258e-03 3.299169504358817306e+01
2.303414344101298070e+02 5.788688446844411466e-03 3.270125513176186871e+01
2.304960197678418297e+02 3.860143333136577693e-03 3.289651599929167958e+01
2.306422258769028417e+02 6.484796551211777747e-03 3.293703580071768044e+01
2.306214189614148609e+02 1.269888439516957991e-02 3.275881686047103614e+01
2.308330633030940078e+02 6.932076539325019229e-03 3.292557647724520109e+01
2.308808271066938289e+02 8.559890739523267830e-03 3.293275229339124621e+01
2.309983335131273350e+02 4.689061536363507005e-03 3.301922082706598616e+01
2.307398987997223685e+02 7.513184328204794080e-03 3.274771678577171485e+01
2.307818800210867778e+02 7.510640073437369751e-03 3.265716268779144116e+01
2.310464733575817888e+02 5.419771505567847446e-03 3.291989770060430942e+01
2.305028917999686655e+02 7.105594714463376281e-03 3.249783992770245789e+01
2.304035600230407681e+02 7.656680297087541109e-03 3.241797678825490436e+01
2.303994907419657636e+02 7.301502331555068635e-03 3.255903179911378231e+01
2.307368034593723110e+02 5.584130363543475355e-03 3.284357260183634253e+01
2.304454501600845049e+02 7.974203292062128842e-03 3.245303407469524615e+01
2.302934273757742289e+02 7.011966139022151115e-03 3.244413478036975107e+01
2.305611038401963810e+02 4.750632501735181472e-03 3.273586361166123737e+01
2.300362067807442656e+02 6.775859296605149691e-03 3.230687477992196222e+01
2.297128543892465586e+02 6.690372336419683763e-03 3.234393541256617510e+01
2.300783182679527670e+02 5.141430034011598010e-03 3.290959957500768240e+01
2.300543122065202226e+02 7.534047217297675826e-03 3.282656476756706354e+01
2.303103242805356388e+02 9.117082533589251220e-03 3.303027103437186440e+01
2.309568326470630097e+02 7.886680928062722237e-03 3.348882410650860919e+01
2.308919668717675222e+02 1.079730838199644688e-02 3.334224297429488360e+01
2.308519386203625743e+02 1.030982916855789633e-02 3.326944879229314722e+01
2.309562495038703105e+02 7.722322070087095196e-03 3.341011198791784409e+01
2.309576249279975855e+02 7.657697998994510147e-03 3.356632261557531649e+01
2.306720567551999466e+02 1.014343490676832861e-02 3.309649747711696932e+01
2.307463606979806627e+02 1.035817000913896377e-02 3.323343486606025010e+01
2.310994966446368153e+02 9.170003032751682798e-03 3.341466467739867596e+01
2.312857615361599528e+02 9.652393736655382958e-03 3.367346729004300698e+01
2.313103100327089408e+02 8.705930963173439188e-03 3.358910336391188167e+01
2.309159617384790977e+02 1.215746698066162874e-02 3.320095694510312256e+01
2.309348569009348751e+02 1.929969896377591726e-02 3.316810603639709143e+01
2.312852928844318114e+02 9.856951819956320804e-03 3.360210959428295752e+01
2.309447469280667917e+02 1.223786543131224515e-02 3.313941701963960895e+01
2.309069387933719213e+02 1.172239941543202525e-02 3.300473791122789891e+01
2.310364133742313868e+02 8.315133430897023517e-03 3.325797115018634287e+01
2.308676758538010176e+02 1.117284038566831485e-02 3.298547077872514421e+01
2.309826410585728240e+02 1.143642517957350196e-02 3.299167825150670552e+01
2.312032691638357562e+02 8.727811554173290839e-03 3.333236668613869824e+01
2.308829714046118227e+02 1.155193434601457791e-02 3.299987075185781293e+01
2.306098665182178706e+02 1.093520699039085900e-02 3.291465806233627944e+01
2.305650728776335541e+02 6.807916906674699523e-03 3.316909524265066267e+01
2.303297903737611989e+02 8.022544132643196282e-03 3.291678251506707653e+01
2.300994895207234663e+02 7.894313692364996957e-03 3.282306539955994396e+01
2.302685878164798510e+02 5.312912805336014385e-03 3.311145057123608382e+01
2.301105041084626066e+02 7.701968031947697968e-03 3.300511904059205648e+01
2.300209188626977550e+02 8.376195545315212598e-03 3.295873116997046282e+01
2.304550989918645030e+02 5.553090455380895428e-03 3.328654516662833629e+01
2.301438587796125717e+02 7.773716016389071483e-03 3.301780215060767176e+01
2.301894406303238441e+02 7.118315988300498789e-03 3.295223670525113846e+01
2.304189741361237225e+02 4.986230493198698377e-03 3.327022886080484199e+01
2.301639304054727972e+02 6.387606019096158348e-03 3.532842767090777159e+01
2.300959906615672992e+02 6.092472466074906785e-03 3.541254887513408534e+01
2.306254739946631673e+02 4.157821140925254018e-03 3.594550867794416149e+01
2.305164516601771254e+02 6.417628225351768370e-03 3.565027946094365063e+01
2.302986588724269836e+02 6.501079781723295356e-03 3.545315619892408421e+01
2.306632862001656861e+02 4.102356386995398112e-03 3.592008292235137645e+01
2.305925279308288509e+02 6.345880240910395723e-03 3.558476286527865540e+01
2.311318295430722003e+02 4.780145857037306975e-03 3.604360089394935329e+01
2.311584923153328930e+02 6.382008658607824306e-03 3.590533693057034270e+01
2.313125179369961018e+02 4.647844609131228898e-03 3.340817581003983605e+01
2.310772822474114889e+02 1.380970602662715332e-02 3.300002035403814205e+01
2.312116453593810661e+02 9.061108928705910795e-03 3.300848559850031450e+01
2.318390092264855014e+02 6.383026360514794210e-03 3.347907655764365131e+01
2.316185704137772348e+02 1.048029423797534367e-02 3.325508800068389803e+01
2.314192840263544042e+02 8.804648048149512143e-03 3.310810945587549980e+01
2.314108126756808019e+02 6.285326977445690293e-03 3.343190760080846502e+01
2.308543393791611322e+02 8.297832498478536004e-03 3.307185280773779112e+01
2.307557886884468417e+02 7.637343960855113786e-03 3.299370296945062364e+01
2.311115248634752959e+02 5.603975550729387196e-03 3.324275752437905140e+01
2.308959659314109558e+02 7.131546113091106684e-03 3.299431257289290187e+01
2.307746736738835409e+02 8.287655479408836956e-03 3.296444251307237749e+01
2.310436619560637723e+02 8.014911368340921563e-03 3.555249255551055398e+01
2.314563248138114488e+02 4.664636690596231025e-03 3.346946945164185649e+01
2.312066484430178548e+02 7.189555121788386918e-03 3.313503479522820072e+01
2.313491144975707527e+02 7.431768175647207771e-03 3.569776492307191518e+01
2.315467114998280067e+02 4.318109191273002308e-03 3.347796166520456751e+01
2.313401500703232045e+02 7.124422199742318218e-03 3.314864706708487319e+01
2.313909171122504915e+02 7.791525799761043515e-03 3.307486367882955847e+01
2.317362243869872600e+02 4.123728127041764377e-03 3.333499133935676895e+01
2.319189634502536990e+02 6.937165048859868753e-03 3.579753736492551752e+01
2.317820107957818152e+02 6.877120636348648709e-03 3.324751578964508525e+01
2.320516616019035041e+02 4.575587773736369997e-03 3.344656861448027030e+01
2.319509772991412717e+02 6.811478863349093756e-03 3.316223796720150574e+01
2.319880796575636737e+02 6.863381660604555429e-03 3.312625915168440116e+01
2.322231978025780563e+02 4.538441654131971509e-03 3.330703608567421981e+01
2.320521826652798723e+02 6.756522960372723235e-03 3.300989104483384295e+01
2.319437200668426726e+02 6.843027622465159068e-03 3.294785193658496070e+01
2.322580428981707712e+02 5.074261708151588633e-03 3.327420196904964911e+01
2.320867539990596526e+02 7.850552510365293654e-03 3.309503402177475095e+01
2.323041865203346958e+02 5.821763758820931202e-03 3.341829329354797551e+01
2.311234482590173513e+02 1.513373620759490661e-02 3.255306501283322262e+01
2.307134527979678467e+02 9.366419500796861405e-03 3.257528755167381718e+01
2.307491151081918872e+02 8.762922269963748650e-03 3.263010708259464820e+01
2.313653814448517494e+02 6.220702906353106111e-03 3.330739686100023533e+01
2.312027145162964530e+02 9.303321982564730780e-03 3.327793489964441420e+01
2.312013696232264124e+02 9.166441076077287697e-03 3.309384331054359762e+01
2.313845559664809741e+02 6.490393911700111790e-03 3.338498136587808318e+01
2.312503251557592705e+02 8.929825382706802622e-03 3.305219691310657737e+01
2.311403166681253651e+02 9.097746197356823897e-03 3.297492178960845166e+01
2.312910281435285356e+02 6.003423549215046624e-03 3.315453192836192642e+01
2.312135164043370423e+02 8.994449453799386804e-03 3.302818678086639181e+01
2.311699638512282604e+02 9.521110190656274785e-03 3.313201781792498934e+01
2.314367767955823467e+02 6.424752138700557703e-03 3.350377414752199456e+01
2.310687035291866778e+02 8.338540574757328724e-03 3.292625986407573180e+01
2.307350357111599237e+02 8.003207796410768959e-03 3.275395478961048212e+01
2.309103664133945983e+02 6.037516563098536265e-03 3.316266082234385237e+01
2.304706214902005570e+02 8.432169150198553023e-03 3.271757092873440342e+01
2.306508005243200330e+02 8.629603320150700668e-03 3.284135095857342890e+01
2.310891908862758726e+02 6.420681331072678084e-03 3.315500770400343811e+01
2.310708437562970232e+02 1.129903542213257436e-02 3.279465574197593014e+01
2.311731528201537458e+02 1.145983232343380717e-02 3.277648518327793425e+01
2.314639484187965479e+02 9.123188745031070648e-03 3.305839827967669464e+01
2.312032737434943499e+02 1.243326419745045298e-02 3.281324966466722515e+01
2.309422077618089020e+02 9.822349955119345777e-03 3.251881527285605955e+01
2.311674430036046886e+02 9.055511568217575885e-03 3.293982379509182579e+01
2.303579059154941149e+02 9.889518280979354287e-03 3.251919131371068517e+01
2.299985787792869303e+02 1.013376673865211408e-02 3.253613910356745009e+01
2.300032673319723244e+02 6.965660702255023484e-03 3.279641331316926767e+01
2.303053619660372533e+02 8.143141808619120889e-03 3.316700539178470564e+01
2.303716398027286516e+02 7.875486207086054152e-03 3.319942632143504113e+01
2.300140056136437181e+02 1.970881513037779295e-02 3.259500552612135493e+01
2.304603172583924788e+02 1.009763832095468550e-02 3.302363765334223444e+01
2.303892923511560014e+02 9.528742954958549505e-03 3.306518075403569412e+01
2.300477246220764016e+02 1.191016541726795837e-02 3.260432614903633919e+01
2.298335289017164484e+02 1.099932221052995866e-02 3.264865520870012716e+01
2.299835692027119762e+02 7.942654532946064397e-03 3.283915119590150766e+01
2.296342964524946808e+02 7.329489133996739715e-03 3.258698552624348110e+01
2.293071831435997865e+02 6.317384587515240124e-03 3.264846133648685367e+01
2.291563602298377873e+02 8.952214824660138792e-03 3.240128647698060149e+01
2.293662673543617814e+02 9.901221852909508625e-03 3.247242994648923542e+01
2.297880895292721561e+02 6.973802317510782722e-03 3.281844350634943908e+01
2.295646561287026657e+02 9.524163296377185367e-03 3.242747805325837618e+01
2.295235755735259033e+02 9.824894209886770105e-03 3.250754066227969474e+01
2.296888091462905663e+02 6.606411929094673126e-03 3.270568671471576749e+01
2.293532448407601692e+02 8.848409230149215446e-03 3.222471926692896460e+01
2.293870396679849364e+02 8.655045867824947420e-03 3.228391186294405202e+01
2.296563709157078108e+02 6.458336301630561958e-03 3.256659535968638153e+01
2.293958738293883926e+02 8.419447876361431382e-03 3.228278272267826310e+01
2.296470421511775726e+02 8.942546656543924263e-03 3.231833664764921110e+01
2.300362887057477792e+02 6.502097483630264393e-03 3.284505641121670294e+01
2.293253994988835700e+02 7.213979967555662898e-03 3.235647604431481028e+01
2.292705626670303332e+02 7.314732456345676530e-03 3.235189740343535192e+01
2.296941983867389467e+02 5.892494041355334812e-03 3.285212943947014708e+01
2.296956811784174022e+02 8.165022399618972540e-03 3.503242042079938301e+01
2.294412358564877366e+02 7.834269279853776913e-03 3.261507969623633585e+01
2.296576527112596580e+02 5.450811413730427372e-03 3.293935259910890068e+01
2.295177629690842593e+02 7.386989291740534563e-03 3.249489520723464153e+01
2.300319889151908228e+02 5.389749299312237424e-03 3.290535830231038972e+01
2.300483209953938797e+02 5.607537507403781429e-03 3.298444188209720096e+01
2.299433460613918498e+02 8.087168203735780464e-03 3.281290924337933745e+01
2.298712255980525185e+02 1.427326924525191242e-02 3.259608785209941573e+01
2.300567272131454502e+02 8.134491342409877132e-03 3.266962800959896640e+01
2.300387647744874471e+02 8.273407652711260024e-03 3.265295805236279847e+01
2.304640359411605459e+02 6.286344679352660197e-03 3.299189960167147007e+01
2.302585039171346466e+02 7.553892404483587668e-03 3.266397467550574873e+01
2.302268182771120735e+02 8.409270857291732335e-03 3.261928891132356512e+01
2.303017109604460018e+02 5.288487959568738406e-03 3.279821108358792969e+01
2.299898306136946076e+02 3.587399222068662300e-03 3.271316631488104321e+01
2.290916013132425348e+02 6.057870601237932626e-03 3.209468291461684686e+01
2.292123887906241180e+02 6.914775606906532583e-03 3.221102099926115159e+01
2.302108418837255215e+02 5.189262023639180064e-03 3.552616053636961624e+01
2.302273317077241472e+02 7.475529357646910206e-03 3.530769555650993397e+01
2.302049234382855332e+02 7.403272522252052172e-03 3.524581266550377023e+01
2.296372406641115447e+02 4.759791818897910615e-03 3.277561148619080456e+01
2.291481417780880747e+02 4.034679210181904216e-03 3.252835317512818136e+01
2.283187075999942977e+02 6.242583497352957762e-03 3.213333930385118720e+01
2.280739660657476122e+02 5.835502734565023615e-03 3.466615459299047330e+01
2.285898951359955049e+02 3.605717856394119285e-03 3.523734284138301831e+01
2.287365841446113564e+02 3.932400168531436160e-03 3.527574226088584908e+01
2.285706946629676679e+02 5.782073384449107518e-03 3.500980657557555986e+01
2.285673922202795438e+02 5.588710022124839492e-03 3.490438792354208886e+01
2.289757629202345584e+02 3.727842085230499182e-03 3.522701520243108320e+01
2.287270391184258926e+02 5.177558451709026593e-03 3.495432452071328555e+01
2.289633556074357443e+02 5.715413909542583527e-03 3.496858048902612381e+01
2.292629222699637523e+02 3.223570790326946937e-03 3.522147737750430707e+01
2.292943962279896652e+02 5.249306436150400108e-03 3.498051660584201272e+01
2.294051171069584427e+02 5.222846186569184319e-03 3.498920879782944837e+01
2.300362602100943832e+02 3.146734296350724332e-03 3.524523511967156963e+01
2.297686534582528566e+02 4.736384675037603673e-03 3.490985145622966002e+01
2.301754055033248392e+02 2.870428228608414706e-03 3.533247150943511627e+01
2.299049558012061709e+02 9.707349639631754346e-03 3.486423347710069010e+01
2.300132301247905957e+02 6.513801055560417864e-03 3.471130850004986712e+01
2.300478950871458039e+02 5.985104914889589206e-03 3.468592904989385062e+01
2.304971076911803891e+02 3.582819563487298162e-03 3.240528248351832019e+01
2.303975484578762973e+02 5.807007081169868884e-03 3.206204470560936670e+01
2.303457815238254227e+02 6.183556786748706756e-03 3.200697838197609002e+01
2.306603369000392831e+02 3.922223149461737113e-03 3.240736877242760272e+01
2.304125788973403246e+02 5.893002892308819331e-03 3.213116600142885204e+01
2.298128924512978699e+02 5.591254276892263821e-03 3.205910100284346242e+01
2.296385763978644547e+02 3.236800915117554831e-03 3.231361807275754217e+01
2.294826451293804439e+02 5.385678491684357805e-03 3.205086474131034890e+01
2.294102157935123500e+02 5.354129732568292492e-03 3.446333576224855477e+01
2.297300250558209598e+02 3.270385078047559086e-03 3.507551857000669315e+01
2.295438166467536405e+02 5.022867761849612346e-03 3.483019796337494256e+01
2.296292293146998986e+02 5.363289049731021635e-03 3.477844476829980636e+01
2.296462585207092104e+02 3.265805419466194948e-03 3.485708971856471550e+01
2.295472325632043749e+02 5.142956586872052434e-03 3.473217138914274926e+01
2.295348512018041731e+02 5.074261708151588633e-03 3.490126866719722898e+01
2.297715182891209622e+02 3.377752629232876665e-03 3.508677587965064504e+01
2.294912711707439144e+02 4.821362784269585082e-03 3.473383431405873978e+01
2.294615685228870916e+02 5.207071807011152097e-03 3.466591492419138376e+01
2.297613804515746949e+02 2.982375438375096423e-03 3.503694766773254088e+01
2.295887690488354451e+02 4.479923794481205888e-03 3.469698332800736296e+01
2.296885567562176504e+02 4.952137479315208736e-03 3.480351839903277522e+01
2.299404924252447131e+02 2.808348412283254852e-03 3.516967482388668742e+01
2.298054052183682927e+02 4.768442285107153504e-03 3.471432496850212601e+01
2.298367061670700195e+02 4.896672725385352830e-03 3.466966668227142634e+01
2.302804241985088538e+02 2.802751051794920810e-03 3.509369014640659401e+01
2.302253461713036700e+02 4.431074102946653930e-03 3.501859799349892199e+01
2.303912672017064835e+02 3.015450750351616159e-03 3.520118287492647369e+01
2.302137056968917364e+02 1.008898785474544174e-02 3.482928712016820327e+01
2.302364279273686520e+02 6.428314095374951936e-03 3.215092875476030088e+01
2.300579082562084920e+02 5.987140318703529016e-03 3.205753781271435088e+01
2.300913204275162229e+02 3.684080903230796313e-03 3.228452502834299764e+01
2.300580955133593761e+02 5.949485348145645142e-03 3.219563996149015850e+01
2.300494073921795746e+02 6.266499492166748356e-03 3.213502258280531265e+01
2.303838964956452457e+02 3.996515388670534956e-03 3.240997612471326050e+01
2.303492116881028551e+02 6.118423864702638056e-03 3.212997020168816675e+01
2.303553825236157593e+02 6.098578677516726214e-03 3.213882980563928982e+01
2.306940126561409272e+02 4.019922532530841031e-03 3.234022487141336200e+01
2.305631580714955930e+02 6.400327292933281724e-03 3.210919585266118759e+01
2.305102538555636613e+02 6.445106176839954064e-03 3.217148124477155591e+01
2.307511174366938462e+02 4.056050950228270481e-03 3.257101880102502633e+01
2.305762935500088417e+02 6.406942355328585671e-03 3.232796410768914797e+01
2.306225318184501134e+02 6.631345625815433624e-03 3.227455511161137025e+01
2.309855455798152946e+02 4.322688849854366445e-03 3.261991174489062928e+01
2.308272247472537231e+02 6.903072034976379112e-03 3.236652941260281580e+01
2.307799987991117519e+02 7.236369409508999935e-03 3.238213434479333586e+01
2.308720188966890134e+02 5.127182207314020211e-03 3.258445297504798788e+01
2.305397967242211053e+02 7.435330132321602004e-03 3.221492795688200772e+01
2.303938033148586442e+02 7.117807137347014271e-03 3.210457039749400820e+01
2.305064512123882707e+02 5.450811413730427372e-03 3.239494364984540908e+01
2.303392010632949507e+02 6.838956814837279449e-03 3.221476868653356718e+01
2.303609783575512324e+02 7.565595976413740271e-03 3.207415332289849630e+01
2.302338170131263269e+02 4.794393683734884774e-03 3.230678420445224219e+01
2.294665033594340002e+02 6.860328554883645714e-03 3.210321634510678734e+01
2.293629155531311596e+02 4.227533721552687723e-03 3.243353795926342542e+01
2.292624261402841057e+02 4.292157792645271905e-03 3.255464295963997756e+01
2.292710435311813626e+02 4.119148468460400239e-03 3.512515189200961174e+01
2.288701305508006385e+02 6.927496880743655092e-03 3.483058061929196469e+01
2.288174217336348306e+02 1.146492083296865756e-02 3.490329134973733005e+01
2.293209780929487636e+02 4.436162612481503453e-03 3.542789378448737381e+01
2.291720465781808684e+02 6.608956183862097454e-03 3.514169667191122670e+01
2.289977427371703413e+02 6.531610838932389897e-03 3.503812514883890117e+01
2.292101249127320557e+02 3.988373773414776585e-03 3.533469366154898239e+01
2.288079184332275702e+02 5.704728039519400828e-03 3.484161250796351794e+01
2.286117273861547687e+02 5.877737363704272494e-03 3.471796325281954410e+01
2.290760152085372852e+02 3.664235716044884905e-03 3.520497635878469822e+01
2.289674426982941213e+02 6.110282249446878818e-03 3.500444226882392229e+01
2.290694708764245320e+02 6.106211441819000066e-03 3.478327478155028274e+01
2.294948814682588818e+02 3.932909019484920679e-03 3.526097286196095126e+01
2.294377481920525668e+02 5.712869654775159199e-03 3.500890692708979657e+01
2.294889950804289924e+02 6.041078519772930498e-03 3.488551006201875282e+01
2.298899136581702010e+02 3.715629662346861192e-03 3.520613603010769310e+01
2.296309650053022153e+02 5.629418098403633081e-03 3.485415517511597017e+01
2.299148926426258299e+02 6.798757589511971247e-03 3.489670630954828567e+01
2.302777852974640780e+02 4.216339000576019638e-03 3.503053665456958043e+01
2.298063089376616972e+02 6.193733805818404936e-03 3.219954081289957770e+01
2.296593889107129485e+02 6.416610523444798465e-03 3.209657736671667294e+01
2.296191917207914344e+02 3.600120495905785242e-03 3.239240499243847182e+01
2.290776745714966012e+02 5.559705517776199375e-03 3.211502626688621831e+01
2.290667032360885287e+02 5.607028656450296043e-03 3.470886906857886345e+01
2.294038882319057677e+02 3.459168781790463408e-03 3.517144104554623141e+01
2.294621506483778717e+02 5.580059555915595736e-03 3.511649430188702325e+01
2.293020559613924547e+02 5.568355983985443132e-03 3.493986399431715029e+01
2.298219189583617492e+02 3.270893929001044038e-03 3.526046299330555911e+01
2.296170662503587323e+02 5.152624754988266095e-03 3.496517932925302574e+01
2.292069074481531743e+02 5.190788576499634488e-03 3.473391013285080930e+01
2.295634211474385324e+02 3.024101216560859482e-03 3.501702513520169902e+01
2.295488364614097634e+02 2.927928386352210421e-03 3.516559841889831972e+01
2.290034713812046618e+02 9.035157530078179525e-03 3.462488016560045168e+01
2.291370839380178950e+02 5.440634394660728325e-03 3.489181574303434274e+01
2.291708909776655219e+02 5.348532372079958450e-03 3.467490581168851094e+01
2.291888508720687696e+02 5.450302562776941986e-03 3.471510249275905124e+01
2.295853399022599035e+02 3.182862714048153782e-03 3.502071277806160055e+01
2.295152258382301795e+02 4.874283283432016660e-03 3.476639670427414330e+01
2.296558305159952340e+02 5.755104283914407211e-03 3.486397294541250602e+01
2.300461878921968832e+02 2.903503540584934442e-03 3.522355501594739025e+01
2.298752277108016813e+02 5.048310309523858230e-03 3.482628439069168991e+01
2.298809385450526577e+02 5.342426160638139888e-03 3.478598899253617560e+01
2.302533278852357910e+02 3.590452327789572014e-03 3.517180589167988103e+01
2.298956906430451284e+02 5.106828169174622983e-03 3.492569249526259512e+01
2.291217049356507118e+02 5.083929876267802295e-03 3.465262373728636192e+01
2.290235964364150050e+02 2.938614256375393554e-03 3.481270417644508797e+01
2.285146828942628190e+02 4.544547865573790937e-03 3.457433040303030936e+01
2.285262785897908202e+02 5.411629890312088208e-03 3.460960802193351071e+01
2.291576735741487312e+02 2.983393140282066328e-03 3.761688713482311641e+01
2.291972138374893007e+02 3.023083514653889577e-03 3.767572709712743517e+01
2.291737324013897705e+02 5.638068564612875970e-03 3.752905284518922002e+01
2.292661270132688003e+02 5.389240448358752038e-03 3.744780919310486667e+01
2.294776970627087564e+02 3.112641282467235124e-03 3.769938917531543865e+01
2.292816764807053858e+02 4.967911858873240959e-03 3.750830851836850144e+01
2.288554756433402702e+02 5.121075995872200783e-03 3.723491765773870554e+01
2.289921835405035040e+02 2.986446246002975608e-03 3.750276255182647134e+01
2.287137402987565622e+02 4.872247879618076850e-03 3.704082765625286555e+01
2.289210471949082262e+02 5.416718399846937732e-03 3.721822632876249770e+01
2.298840593279503821e+02 2.781379311748554545e-03 3.758847595068623804e+01
2.298361851036936514e+02 5.032027079012340622e-03 3.745994477949452772e+01
2.300948035122928275e+02 2.803259902748405762e-03 3.760541101926916951e+01
2.297044878618693531e+02 5.193332831267058816e-03 3.719964461849408366e+01
2.297987499567476561e+02 8.050530935084865627e-03 3.720150345102716472e+01
2.301491014709863236e+02 3.233238958443160165e-03 3.756558783479848529e+01
2.299815241307299232e+02 5.124129101593110497e-03 3.734740628491989867e+01
2.298569192534953061e+02 5.726099779565767094e-03 3.719762753331447414e+01
2.303144821016765604e+02 3.278526693303317890e-03 3.761921461908435305e+01
2.301569382845209475e+02 5.319019016777833814e-03 3.751091536180320674e+01
2.301207528755167289e+02 5.739838755309859507e-03 3.761295829661125367e+01
2.302764872186817513e+02 3.361469398721359490e-03 3.786524812590193534e+01
2.301401406056954784e+02 5.360235944010111921e-03 3.762261476115553904e+01
2.302141489060722108e+02 5.792250403518805699e-03 3.762692472873155936e+01
2.308182979749767583e+02 3.291756818093925785e-03 3.813428627547562400e+01
2.305650789838450123e+02 5.527139056753164158e-03 3.771269664545097555e+01
2.305781951260220239e+02 5.351585477800868164e-03 3.778151771920790480e+01
2.305796361919223045e+02 3.383349989721210708e-03 3.790400424992316175e+01
2.305472656385163646e+02 5.716940462403038818e-03 3.779090143964111803e+01
2.304234683077449120e+02 5.633488906031511832e-03 3.754947405165447805e+01
2.307674795391031637e+02 3.325340981023930040e-03 3.791914358349124825e+01
2.305570706875390670e+02 5.302735786266316205e-03 3.761124906625850173e+01
2.305275914252508187e+02 5.730679438147131231e-03 3.763336321984600374e+01
2.309145664691646402e+02 3.201690199327095285e-03 3.780565811729218240e+01
2.307807844649839240e+02 5.095633448197954898e-03 3.763144078094373413e+01
2.305961819895258031e+02 5.219284229894790086e-03 3.740483571238115701e+01
2.309182607270869596e+02 3.418460705511669820e-03 3.775920409604663774e+01
2.307199177493318700e+02 5.257448051406158479e-03 3.757614089472281194e+01
2.305395784271620698e+02 5.449284860869972082e-03 3.733680946381357302e+01
2.308718092500961632e+02 3.182862714048153782e-03 3.772468619161698911e+01
2.305090081884295330e+02 5.293576469103587930e-03 3.735973370811902328e+01
2.307587410416789737e+02 3.008326837002827259e-03 3.761458967276812615e+01
2.303350442598559482e+02 5.086982981988712009e-03 3.729734043960651491e+01
2.303734635245459401e+02 3.225097343187401794e-03 3.756187474939090265e+01
2.298193390840275754e+02 9.316043256401854156e-03 3.725447788839066732e+01
2.296428822946328410e+02 6.089928211307482457e-03 3.716455425674176638e+01
2.297865538170945285e+02 3.580784159673358353e-03 3.748062855305177976e+01
2.296601343773598103e+02 5.909286122820336939e-03 3.953475553782492824e+01
2.297020097577258753e+02 6.428314095374951936e-03 3.965795751298078642e+01
2.299462251400866535e+02 3.850984015973848984e-03 3.999949165789746530e+01
2.295902518405139006e+02 5.476253961404673257e-03 3.966224610881675972e+01
2.295264134352935059e+02 6.317384587515240124e-03 3.955666360677626869e+01
2.300185465995526215e+02 3.631160404068365169e-03 3.993893585017799808e+01
2.298341435936682728e+02 5.820746056913961297e-03 3.970780200812940564e+01
2.297193625929416214e+02 6.105702590865514680e-03 3.972126569550766106e+01
2.299196992487324565e+02 3.889147837485217810e-03 3.995108721094721460e+01
2.296342338638274043e+02 5.779529129681683190e-03 3.948642283885911297e+01
2.295638735159361943e+02 6.239021540678562662e-03 3.944418770086891612e+01
2.298453942882498211e+02 3.543638040068959431e-03 3.975304598180755988e+01
2.297156454367264189e+02 5.396364361707541371e-03 3.944500389779830130e+01
2.296314402720927887e+02 6.011056313517320476e-03 3.933004581693985102e+01
2.298931484236815095e+02 3.505983069511075557e-03 3.965889990494664374e+01
2.296156170428432119e+02 5.486430980474371437e-03 3.927761585009658063e+01
2.296063518846821694e+02 5.956609261494434475e-03 3.935091277684036015e+01
2.299356761509699822e+02 3.487155584232133620e-03 3.974206039857277517e+01
2.297582108189854466e+02 5.521541696264830115e-03 3.934319605213076443e+01
2.296736611622562805e+02 6.289906636027054430e-03 3.941181053240057253e+01
2.299175620747278117e+02 3.323305577209990664e-03 3.964343795987404917e+01
2.294722864505203574e+02 5.318001314870863909e-03 3.923683907893906309e+01
2.292965741100705657e+02 5.810060186890778598e-03 3.915946320295214633e+01
2.294300487682753840e+02 3.333991447233173797e-03 3.960908492315332552e+01
2.294620463339324203e+02 3.209322963629369137e-03 3.964834073881087306e+01
2.293464949328622140e+02 3.356380889186509967e-03 3.959446003789921775e+01
2.291283103298779054e+02 5.790214999704866757e-03 3.940234285156003580e+01
2.288558181000319678e+02 9.091639985915006203e-03 3.905311793333238057e+01
2.293305582298499985e+02 4.188352198134348559e-03 3.955261875054701193e+01
2.291303233442498879e+02 5.469638899009369309e-03 3.925942290195663276e+01
2.292916779461961312e+02 6.140304455702488839e-03 3.927171877639664643e+01
2.295258414868217756e+02 3.493770646627437568e-03 3.964512022112626966e+01
2.294328082669961191e+02 5.759175091542286830e-03 3.940312190236981849e+01
2.294349199984530969e+02 6.195260358678860227e-03 3.934504267224095742e+01
2.298286973619131288e+02 3.978705605298562924e-03 3.990415995831492779e+01
2.296336044151979650e+02 6.048711284075204350e-03 3.950823778808596387e+01
2.297535395672324512e+02 6.791633676163182781e-03 3.966802004058595088e+01
2.302449384595656738e+02 3.993971133903110628e-03 4.010492913741622090e+01
2.301067803371850005e+02 6.076698086516874563e-03 3.969970975141612968e+01
2.301858725674380253e+02 6.655770471582709603e-03 3.971757907034966451e+01
2.306500138407459417e+02 3.991426879135686299e-03 4.008113272257649840e+01
2.303957857981734207e+02 6.107737994679454489e-03 3.979052997844507189e+01
2.304999486060536924e+02 6.888824208278801313e-03 3.980413970604698193e+01
2.307191885659155446e+02 4.066227969297968661e-03 4.023993849009674051e+01
2.305663460227191877e+02 6.346897942817365627e-03 3.995143831810511870e+01
2.305939430453304908e+02 6.949886322696991262e-03 3.992640997510701339e+01
2.310037532846328929e+02 4.014325172042506988e-03 4.028628361723824014e+01
2.308792053987050679e+02 6.364707726189337660e-03 4.007487080274290747e+01
2.307510823259780750e+02 6.749399047023933902e-03 4.000746586118953019e+01
2.308206992426262332e+02 4.350166801342552139e-03 4.031598422969125295e+01
2.307211725757831857e+02 3.856581376462183026e-03 4.034642827338729631e+01
2.307780320901765378e+02 3.868793799345821016e-03 4.055058996179547393e+01
2.306974860727493990e+02 4.007710109647203041e-03 4.057156378039621103e+01
2.307457088599092572e+02 4.078440392181606651e-03 4.057384750347544866e+01
2.304972150587315696e+02 6.727009605070597732e-03 4.024086205457732035e+01
2.308044801273348696e+02 4.088617411251304831e-03 4.056203910824888226e+01
2.312043469101552375e+02 8.456593995965829003e-03 4.072918799600246587e+01
2.318268909410282390e+02 9.948544991583605293e-03 4.122429539408470589e+01
2.328485425490990224e+02 5.139394630197658201e-03 4.209545535036423303e+01
2.336039480727779107e+02 5.295611872917527739e-03 4.287776484165576107e+01
2.340557349537861569e+02 6.192207252957950513e-03 4.317266686749317728e+01
2.344848275911199380e+02 5.147027394499932053e-03 4.356221567952974283e+01
2.345754259591331561e+02 5.592271978799233725e-03 4.332336562162250004e+01
2.350555395550200046e+02 5.427913120823605816e-03 4.363885575703791631e+01
2.355116338593495300e+02 6.139795604749004321e-03 4.415605695466952341e+01
2.355521938600008411e+02 4.124745828948734282e-03 4.377490978072594885e+01
2.356653836837959375e+02 6.832341752441975502e-03 4.382814474977763552e+01
2.357401069197623542e+02 4.018904830623871993e-03 4.402217318029810400e+01
2.358012636804578790e+02 4.029590700647054692e-03 4.413079962874234496e+01
2.355636628516414532e+02 6.678159913536045773e-03 4.372850613572479972e+01
2.354920044249678881e+02 7.116280584486558980e-03 4.365431566670669383e+01
2.356372162392657970e+02 3.925276255182646827e-03 4.383003818417554953e+01
2.357075526711622047e+02 4.355255310877401663e-03 4.387192374156070684e+01
2.354050346731039838e+02 7.081169868696100302e-03 4.351647506732098236e+01
2.353225835177069882e+02 7.240440217136878687e-03 4.336140681005407771e+01
2.357278420852304919e+02 4.296228600273151524e-03 4.385587916214637261e+01
2.353564556902766753e+02 7.070483998672916735e-03 4.332899402201899619e+01
2.350763861608823788e+02 7.374776868856896574e-03 4.306946375251118297e+01
2.351848329849400443e+02 4.050453589739936439e-03 4.345763205191094158e+01
2.347379183518114019e+02 6.916811010720471525e-03 4.311718939228948244e+01
2.344991217232542908e+02 7.640397066576023501e-03 4.299342361027716208e+01
2.345917117338994444e+02 4.201582322924956453e-03 4.329088719181442002e+01
2.342742833852022102e+02 6.979908528952601283e-03 4.294846815508962834e+01
2.340837329509488143e+02 7.118315988300498789e-03 4.281635009352680754e+01
2.344555620462321599e+02 4.262644437343146402e-03 4.326344231563820841e+01
2.344249689092067399e+02 4.427003295318775178e-03 4.325474605284315288e+01
2.343148118370944246e+02 4.013816321089022469e-03 4.313563116854568591e+01
2.338444050819962285e+02 1.077848089671750408e-02 4.266622786752778040e+01
2.339356069472403021e+02 6.772297339930755458e-03 4.272159441322361317e+01
2.338717079887564410e+02 7.392077801275384087e-03 4.266984681550896141e+01
2.341401344994840201e+02 3.976670201484623114e-03 4.299901384685214367e+01
2.338515763184836942e+02 6.997209461371088797e-03 4.260289475130418424e+01
2.337912092944679898e+02 7.398692863670688034e-03 4.246683716565948430e+01
2.341537538952540558e+02 3.973108244810228881e-03 4.287741729645453148e+01
2.341792132350097688e+02 4.088108560297820313e-03 4.286831140864191525e+01
2.341585513420434950e+02 3.997533090577504861e-03 4.281026932463266377e+01
2.339519054432804239e+02 6.449176984467833683e-03 4.253940440013596458e+01
2.339204894942632222e+02 6.902054333069409207e-03 4.242469158543709540e+01
2.344252462329763773e+02 4.042820825437662587e-03 4.287414233171789846e+01
2.344931223705127081e+02 4.010763215368112755e-03 4.287679191863269779e+01
2.344898876050013996e+02 6.646102303466495942e-03 4.260966094243267577e+01
2.348875851562070523e+02 7.592565076948441447e-03 4.278595133756561353e+01
2.353235254008218931e+02 4.132887444204492652e-03 4.312286715122846914e+01
2.352261338725796520e+02 6.873558679674253609e-03 4.282193931239988416e+01
2.351893246123064500e+02 7.483670972902669444e-03 4.280408373244209486e+01
2.354035432309593148e+02 4.252467418273448221e-03 4.298695713236027416e+01
2.351616064831682422e+02 6.723447648396203499e-03 4.280544541759362431e+01
2.346306937877440078e+02 6.622186308652705349e-03 4.257335849770915104e+01
2.346770205962511966e+02 3.481558223743799578e-03 4.278281681569215067e+01
2.342230151250857375e+02 6.635416433443313243e-03 4.255147434475262713e+01
2.340960369670040677e+02 7.007895331394272363e-03 4.254784776400713753e+01
2.341786840300181325e+02 4.232622231087536380e-03 4.271273938893106958e+01
2.342740559288259874e+02 4.271803754505875544e-03 4.274687412859274360e+01
2.343129967657433497e+02 3.915099236112948647e-03 4.282081780489840384e+01
2.341430675163799151e+02 7.357984787391894446e-03 4.250313859268109695e+01
2.342647337793581528e+02 4.507401745969391582e-03 4.267872066728678959e+01
2.341137770377954155e+02 7.647012128971327448e-03 4.249574905913458878e+01
2.338948169459579844e+02 1.120845995241225891e-02 4.227640224057251572e+01
2.343680844611166663e+02 4.506892895015907063e-03 4.281662436419073714e+01
2.343933784243124876e+02 4.289104686924362191e-03 4.280457477361220953e+01
2.340735442283071848e+02 6.987032442301390617e-03 4.236646326197885770e+01
2.341961070866654495e+02 8.045951276503501490e-03 4.245247840945404505e+01
2.347273093182822095e+02 4.336936676551944245e-03 4.293237828794043764e+01
2.348672748792496634e+02 3.824523766392633629e-03 4.299492115863326802e+01
2.344969942174177504e+02 7.309643946810827873e-03 4.264142240124729710e+01
2.343100042132859073e+02 7.538626875879039964e-03 4.246163772661677172e+01
2.344810916074194438e+02 3.614368322603363042e-03 4.271350826272178125e+01
2.342409612805132610e+02 6.098069826563240828e-03 4.235756345880241014e+01
2.342185560641803477e+02 6.816058521930458761e-03 4.223301964368220496e+01
2.345058614541331963e+02 3.715120811393376240e-03 4.265749496746406777e+01
2.342788574464230749e+02 6.917319861673956911e-03 4.235072959049711017e+01
2.342970961911488530e+02 7.345263513554771938e-03 4.246852604197409420e+01
2.343344249882455301e+02 7.767609804947252922e-03 4.242963507245019628e+01
2.346618171474629833e+02 4.662601286782291216e-03 4.265543819191008623e+01
2.343977977948435125e+02 6.531101987978905378e-03 4.227008231173023489e+01
2.340353173092775876e+02 7.078116762975190587e-03 4.216667005900635701e+01
2.340237088924757245e+02 4.664636690596231025e-03 4.246288593800566957e+01
2.338582860271563675e+02 4.186316794320409616e-03 4.236477998302473225e+01
2.337469931997158596e+02 4.164436203320557965e-03 4.248987895453518604e+01
2.335859276251111964e+02 4.274856860226784391e-03 4.245751399848973051e+01
2.334438722132777571e+02 4.544547865573790937e-03 4.244030822119954394e+01
2.333974273513493642e+02 4.446339631551201634e-03 4.244294508684050271e+01
2.332451648982399774e+02 6.987032442301390617e-03 4.214393612495751285e+01
2.331610615037970433e+02 7.546768491134798335e-03 4.204701782810200683e+01
2.335196935496017829e+02 4.091670516972214545e-03 4.246460738078130959e+01
2.334969748810815418e+02 4.290122388831332095e-03 4.244524509315025540e+01
2.332651194883808898e+02 7.815950645528320362e-03 4.217457658512160634e+01
2.329973336210037473e+02 1.092706537513509976e-02 4.188026533524118378e+01
2.328673211846864319e+02 8.378230949129152408e-03 4.184328510104761989e+01
2.329790826638551096e+02 5.117514039197806550e-03 4.212298164269299861e+01
2.330515231944441723e+02 3.944612591415074150e-03 4.213129474072008662e+01
2.329319096362122821e+02 6.776368147558635077e-03 4.191505852803666698e+01
2.328712423901340003e+02 7.332542239717648562e-03 4.182760943857456937e+01
2.330467216768470848e+02 4.843243375269436733e-03 4.211998807253365129e+01
2.331976412722902126e+02 4.244834653971174369e-03 4.222535329521700476e+01
2.332298861395106542e+02 4.044347378298117877e-03 4.229697101381428581e+01
2.333167307140400055e+02 4.412246617667711993e-03 4.231287362381259953e+01
2.333618703732726942e+02 4.644282652456833797e-03 4.226323063364156241e+01
2.334843828553865990e+02 4.406649257179377950e-03 4.225379602811299407e+01
2.332700288823801316e+02 7.356967085484924541e-03 4.196409954752973448e+01
2.331891093683531437e+02 7.609357158413443574e-03 4.178804933004683164e+01
2.335258659116675517e+02 4.306914470296334223e-03 4.217756557562237418e+01
2.333624677642920915e+02 6.832341752441975502e-03 4.195622355247169111e+01
2.334022415902202852e+02 7.758959338738009165e-03 4.194076873131244554e+01
2.337422842929923092e+02 4.217865553436474062e-03 4.229902219200778291e+01
2.333928537989794449e+02 6.906633991650773345e-03 4.195403091371312598e+01
2.330392507271480156e+02 7.862764933248932511e-03 4.185341428812769493e+01
2.330862639755914358e+02 4.470764477318477613e-03 4.210233552410630153e+01
2.326405522661168277e+02 7.216524222323088093e-03 4.176708517961421308e+01
2.326039007496392230e+02 7.357984787391894446e-03 4.174751070113555329e+01
2.330533438631557317e+02 4.450410439179081253e-03 4.224422403282699179e+01
2.330757699423777183e+02 4.196493813390107797e-03 4.223364196839832374e+01
2.331150883467025494e+02 4.379680156644677642e-03 4.230022053600323773e+01
2.332666557094094628e+02 4.250940865412993798e-03 4.241294425232494092e+01
2.331306367964372157e+02 6.671544851140741826e-03 4.216538928115643614e+01
2.333133641561317688e+02 4.130852040390553710e-03 4.240409431654192929e+01
2.330562178533410247e+02 8.170110909153821196e-03 4.206121884051186299e+01
2.330315263696741113e+02 1.034493988434835587e-02 4.211609536273949317e+01
2.334947466227562245e+02 4.659039330107896983e-03 4.258838537521651801e+01
2.335284391709393219e+02 4.259591331622237555e-03 4.255690022246963622e+01
2.336371012389502937e+02 4.261117884482691978e-03 4.262288394330992958e+01
2.335233364135777663e+02 6.643049197745587095e-03 4.235359391251427041e+01
2.335597889693325726e+02 6.947342067929566933e-03 4.228346661835974629e+01
2.339875245011733966e+02 4.491627366411359359e-03 4.273303999772034700e+01
2.340860426254266713e+02 4.128816636576613901e-03 4.278164391424436985e+01
2.338339466683492560e+02 6.703602461210291658e-03 4.246901097693277194e+01
2.338737500076327649e+02 7.442454045670390470e-03 4.235686124448660195e+01
2.342261343814305974e+02 4.209215087227230305e-03 4.272808328058245309e+01
2.341216046920128804e+02 6.673580254954681636e-03 4.256675971854436114e+01
2.342901910837100559e+02 7.448560257112209898e-03 4.255932438841203691e+01
2.347060968485842807e+02 4.290631239784817481e-03 4.300006411522014105e+01
2.346067055360948359e+02 6.819111627651367608e-03 4.274895583784344666e+01
2.347011370783406505e+02 7.327962581136284424e-03 4.271888783500202180e+01
2.351627050923767968e+02 4.337445527505429631e-03 4.312761880143211357e+01
2.346048258406726461e+02 6.569774660443759157e-03 4.274935986550051581e+01
2.341795572182543026e+02 6.730062710791507447e-03 4.258337726413231650e+01
2.343987162708145604e+02 4.123219276088279858e-03 4.294215077050211704e+01
2.341577397247726822e+02 6.285835828399175679e-03 4.267761442531391225e+01
2.342071603470770640e+02 7.014510393789576310e-03 4.263932135566035697e+01
2.345801369012605164e+02 3.975143648624168691e-03 4.307959650154792541e+01
2.345722456406738843e+02 6.522451521769661621e-03 4.284388656287464414e+01
2.348039173381802982e+02 6.835903709116369735e-03 4.290035884169239466e+01
2.352273413758922800e+02 3.877953116508549725e-03 4.334628019775983176e+01
2.350200441479087203e+02 6.218158651585680916e-03 4.301545838311592007e+01
2.352246709260883790e+02 3.910519577531584509e-03 4.326736555648957960e+01
2.353295746209569188e+02 3.671868480347158323e-03 4.328794857755804770e+01
2.351703256442561951e+02 6.658823577303619318e-03 4.305713073195156682e+01
2.349861455150894756e+02 1.115808370801725166e-02 4.276736199453290510e+01
2.354695366199677267e+02 4.296228600273151524e-03 4.329447153793076808e+01
2.351824622483477469e+02 7.336613047345528181e-03 4.285098045401717570e+01
2.351105875600189563e+02 7.145285088835199097e-03 4.281386435661902823e+01
2.354169041304449479e+02 4.045873931158572301e-03 4.312780962053966505e+01
2.351178961862638630e+02 6.852186939627887344e-03 4.274974659222516493e+01
2.349152147452793997e+02 7.066922041998522502e-03 4.254729718727546839e+01
2.351961869762651531e+02 4.271294903552390158e-03 4.284674681408417740e+01
2.349345439575984642e+02 6.990594398975784850e-03 4.252186990512982590e+01
2.348908016030840429e+02 7.354422830717500213e-03 4.251789934113978831e+01
2.352520155586267663e+02 4.244325803017689851e-03 4.286651414707420571e+01
2.351836214108197964e+02 6.940727005534262986e-03 4.261143479685652125e+01
2.351082514252915132e+02 7.217541924230057998e-03 4.251764033600446169e+01
2.354699309794566773e+02 4.072334180739788090e-03 4.289489072934625113e+01
2.350438492132146564e+02 6.468004469746775620e-03 4.246530399773663333e+01
2.345099088546172084e+02 6.769244234209845744e-03 4.238328638335202214e+01
2.344981640657598234e+02 4.112533406065096292e-03 4.269877550106553343e+01
2.344122863080420700e+02 4.128307785623128515e-03 4.276637126172646930e+01
2.343165042753657019e+02 3.810784790648540782e-03 4.275177538097671004e+01
2.342691348312548598e+02 4.055542099274785962e-03 4.271391330808075537e+01
2.340856472482358015e+02 6.894930419720620741e-03 4.250217839093186711e+01
2.342106464849593976e+02 7.453139915693574036e-03 4.252368344992805049e+01
2.346089154757858068e+02 4.176139775250710569e-03 4.292820927207853288e+01
2.345894621038340802e+02 4.051980142600390862e-03 4.284846113294646841e+01
2.343770585565323188e+02 6.739730878907721108e-03 4.256988660765352250e+01
2.343378119001919515e+02 7.163603723160656515e-03 4.245278372002613310e+01
2.346734795024658808e+02 4.205653130552836072e-03 4.289250727148012743e+01
2.347057167369220281e+02 4.107444896530246768e-03 4.285255687427107318e+01
2.345309259255490133e+02 6.274132256469022208e-03 4.248646456463730203e+01
2.345899567069608906e+02 3.683572052277311361e-03 4.256907142842604230e+01
2.340513751188167078e+02 1.060750697634657222e-02 4.190909021520324274e+01
2.344905048412079793e+02 4.366450031854069748e-03 4.229356323897879832e+01
2.343321840086464078e+02 6.419154778212223661e-03 4.197161629381461267e+01
2.342568252178390935e+02 6.931058837418049325e-03 4.188048312344927382e+01
2.343694023850861754e+02 3.841824698811120709e-03 4.215310612799026302e+01
2.340353086588113740e+02 6.249198559748260842e-03 4.174790760487927344e+01
2.337553403907568281e+02 6.543314410862543368e-03 4.167506202893122946e+01
2.341595603934842700e+02 4.066227969297968661e-03 4.217420105311793321e+01
2.340430767774672631e+02 6.346389091863880241e-03 4.192984929870161892e+01
2.340241414157861755e+02 7.204820650392934622e-03 4.190261559567110083e+01
2.342557693521106046e+02 4.099812132227973784e-03 4.218757518272838070e+01
2.339754184281390508e+02 6.215105545864772069e-03 4.189445413522815898e+01
2.334115718813033880e+02 6.626765967234069486e-03 4.163651249839711710e+01
2.334418154377237613e+02 3.919678894694312785e-03 4.211738428220466801e+01
2.330355864914319568e+02 6.356566110933578422e-03 4.163819017999075811e+01
2.327896654406750940e+02 7.003824523766392744e-03 4.154162095488934625e+01
2.330989562449242101e+02 4.096250175553578683e-03 4.189684471700763169e+01
2.330695975803119495e+02 6.488358507886171980e-03 4.177799952371550773e+01
2.329279121031217130e+02 7.071501700579886640e-03 4.156045658178354074e+01
2.333672585960191554e+02 3.828594574020512814e-03 4.209768767949717727e+01
2.329397230426030490e+02 6.487340805979202076e-03 4.156966220438303594e+01
2.327988685190198339e+02 6.578425126653002046e-03 4.145065570533866151e+01
2.331840524075774113e+02 4.115586511786006006e-03 4.184326271160566790e+01
2.332878412100068601e+02 3.903904515136280562e-03 4.194417345304221811e+01
2.333269062065568562e+02 3.670850778440188852e-03 4.194366612864158839e+01
2.332174035167707018e+02 6.288888934120084526e-03 4.164279477226884296e+01
2.332806786239856081e+02 6.903580885929863631e-03 4.163408985900758097e+01
2.337617666694483773e+02 3.656094100789126101e-03 4.193507519799390337e+01
2.339826181602799124e+02 3.769059012462777723e-03 4.194853125260786442e+01
2.340350939237089847e+02 6.707673268838171277e-03 4.198412334140031987e+01
2.340956069879483721e+02 9.841177440398288581e-03 4.192920661994736520e+01
2.344159108533837639e+02 7.356967085484924541e-03 4.205631809697884904e+01
2.349573308121464663e+02 7.844446298923474226e-03 4.239109571893515493e+01
2.356530928978654629e+02 4.156294588064798727e-03 4.278351139724365737e+01
2.353662042568435311e+02 6.415083970584344042e-03 4.245492343828554027e+01
2.352524506261919726e+02 6.867452468232435048e-03 4.230900635656610831e+01
2.351753332464894299e+02 3.806713983020661596e-03 4.245133196825584321e+01
2.347540764049883535e+02 6.290924337934024335e-03 4.197471621382324258e+01
2.347746970810273979e+02 6.797231036651516824e-03 4.203854647742839035e+01
2.350654825026511219e+02 4.009236662507658332e-03 4.241228071068159267e+01
2.347369047207120616e+02 6.258866727864474504e-03 4.211053565722171754e+01
2.344702744538502657e+02 6.552982578978756162e-03 4.195590755602957955e+01
2.347389187527859633e+02 3.820961809718238962e-03 4.238882726138452028e+01
2.345074098875846573e+02 6.574863169978607813e-03 4.201224498934465856e+01
2.344106554407361784e+02 6.782983209953939024e-03 4.191994197063726801e+01
2.348040760996777863e+02 3.818926405904299586e-03 4.231556900731320781e+01
2.346282044888795610e+02 6.222738310167045921e-03 4.200556224977254516e+01
2.344621613342478952e+02 6.455283195909652244e-03 4.190614803899019591e+01
2.346910923605188657e+02 3.717156215207316049e-03 4.230161987612532215e+01
2.344277579212827902e+02 6.029374947842777027e-03 4.170459319401672360e+01
2.345193032609204522e+02 6.662894384931498069e-03 4.178249115108192058e+01
2.350075844234616795e+02 3.678483542742462271e-03 4.220921966688581506e+01
2.348751015157652091e+02 6.037516563098536265e-03 4.193584000097699516e+01
2.351572975332941269e+02 6.847607281046523206e-03 4.216774119026344181e+01
2.356307461993922345e+02 3.550253102464263379e-03 4.256061636098293377e+01
2.356043704190692836e+02 5.985104914889589206e-03 4.242684453382128851e+01
2.354572249711481504e+02 5.094615746290984994e-03 3.955558789586059731e+01
2.357120656702686574e+02 2.725914557818698639e-03 3.993946505516962020e+01
2.355275400313045111e+02 3.900851409415370848e-03 3.975250100243637519e+01
2.355214689305784930e+02 2.652131169563385314e-03 3.978979825077396271e+01
2.349531653582412503e+02 8.421992131128855710e-03 3.922997417072559756e+01
2.348279803909196630e+02 6.102649485144604966e-03 3.932296617362401747e+01
2.347238140210827169e+02 6.054817495517022911e-03 3.919880603212274650e+01
2.349065810711516065e+02 3.424566916953488815e-03 3.947711493721796927e+01
2.347243991996792261e+02 5.439616692753759288e-03 3.923151395371084504e+01
2.344639178877393419e+02 5.805989379262898979e-03 3.920455045053663667e+01
2.343386535396689965e+02 3.340606509628477744e-03 3.945919829514576804e+01
2.337360600281292875e+02 4.983686238431273181e-03 3.889999552211160960e+01
2.335794901516986499e+02 5.469130048055883923e-03 3.895113453408588811e+01
2.337267638300600652e+02 3.418460705511669820e-03 3.928319234769582380e+01
2.333176568227753478e+02 5.224881590383124129e-03 3.892178502879078650e+01
2.331888605402368739e+02 5.448267158963002177e-03 3.874556383738752174e+01
2.334291913544187480e+02 3.489190988046073430e-03 3.908453032039291486e+01
2.331295193597433695e+02 5.310368550568590057e-03 3.879891075364896835e+01
2.332169587810373628e+02 6.539243603234663749e-03 4.141023258559381759e+01
2.332878366303482665e+02 3.627089596440485984e-03 3.923421595227384984e+01
2.332799270511273164e+02 3.254101847536041911e-03 3.921211757306591039e+01
2.330866537554217928e+02 5.156695562616144847e-03 3.883503917134640204e+01
2.331598957262626186e+02 5.543931138218167153e-03 3.893719405336421602e+01
2.333420272214906106e+02 3.290230265233470928e-03 3.918129952391905135e+01
2.332838375707048328e+02 3.218991131745582799e-03 3.923654089228032404e+01
2.329473379971219344e+02 5.218266527987820182e-03 3.886328803202911786e+01
2.329969921820139405e+02 6.375902447166005745e-03 4.139762478551932645e+01
2.334085197932843982e+02 3.658638355556550429e-03 4.188530703048831327e+01
2.333113063628758539e+02 6.574863169978607813e-03 4.164161169380199112e+01
2.332179698678819477e+02 5.895038296122759140e-03 3.900683946566579152e+01
2.336942599577043040e+02 3.996515388670534956e-03 4.203688965872384387e+01
2.336346093958310917e+02 3.489190988046073430e-03 4.202263063730529069e+01
2.331375515720441456e+02 6.149972623818702501e-03 4.145374137752059340e+01
2.335076551537442242e+02 3.529390213371381632e-03 4.186653551881425273e+01
2.328856937572129482e+02 9.455468417656721566e-03 3.873255811586739839e+01
2.329585652845596258e+02 3.751758080044290209e-03 3.908856652615595806e+01
2.330317166799307245e+02 3.503438814743651229e-03 3.921755515435484796e+01
2.328420251860868007e+02 5.620767632194389324e-03 3.896818562068621361e+01
2.327329148203857869e+02 5.829905374076689573e-03 3.889850713307266261e+01
2.335148162132126117e+02 3.725806681416559806e-03 4.203243161552035900e+01
2.334597559957907720e+02 6.501079781723295356e-03 4.178010209585530532e+01
2.335031223094505890e+02 6.851678088674402825e-03 4.167921527041357166e+01
2.335978372816774993e+02 4.057577503088724905e-03 4.199126862648915193e+01
2.332955151912363760e+02 6.508712546025568341e-03 4.166682780280194009e+01
2.331630185445641530e+02 6.836921411023339640e-03 4.155532838187432532e+01
2.333451439335807152e+02 3.863705289810971926e-03 4.185079930307773566e+01
2.330161148008459122e+02 6.445615027793439450e-03 4.153183117139524683e+01
2.329620117320675945e+02 7.067939743905492407e-03 4.145795822537212416e+01
2.333677801682464690e+02 4.212268192948140019e-03 4.184037854440131809e+01
2.331625539636436031e+02 6.997718312324573316e-03 4.148947034721953742e+01
2.331969115800229133e+02 7.236878260462484454e-03 4.152068530011011660e+01
2.336124906625850031e+02 4.084546603623426080e-03 4.182627726677834090e+01
2.334542431045607316e+02 6.382517509561309692e-03 4.164660504820854214e+01
2.336643807385666207e+02 6.913249054046077292e-03 4.173357429122150819e+01
2.339640735961311009e+02 3.950718802856892711e-03 4.206551405141023281e+01
2.337019430982509789e+02 5.866033791774119023e-03 4.171648402309776316e+01
2.335299636883959522e+02 6.422207883933132508e-03 4.154375558463921436e+01
2.338761762089789897e+02 3.738019104300197796e-03 4.191453339385267185e+01
2.334430799323431813e+02 5.905724166145942707e-03 4.157130426640993193e+01
2.330933756765173541e+02 6.277185362189931922e-03 4.154996153086791821e+01
2.333730666208022342e+02 3.860143333136577693e-03 4.189899054147847579e+01
2.332182253110605927e+02 3.389456201163029703e-03 4.191543456889129260e+01
2.333260849211179391e+02 3.672886182254128228e-03 4.189944189227421845e+01
2.332849249851924469e+02 6.251742814515686038e-03 4.190876200633825022e+01
2.332159375171737281e+02 1.073777282043871135e-02 4.165539748383380214e+01
2.331528720565516721e+02 6.966678404161993389e-03 4.165852131983724860e+01
2.329032119689885860e+02 7.150882449323533140e-03 4.134687911533208649e+01
2.333324699828822588e+02 4.054015546414330672e-03 4.184071235062680216e+01
2.330225217432012528e+02 6.479708041676928224e-03 4.161829258115663777e+01
2.328608409677937914e+02 6.973293466557297336e-03 4.148717339401550674e+01
2.331523377630504967e+02 4.308949874110274032e-03 4.172240145083583940e+01
2.329545051628017802e+02 6.515327608420872288e-03 4.146670639096443267e+01
2.330404612835663443e+02 6.914775606906532583e-03 4.139143614022304263e+01
2.334873097660710357e+02 3.860143333136577693e-03 4.199785214012533885e+01
2.335914486579565050e+02 6.700549355489381943e-03 4.192390337531014666e+01
2.337601012002776315e+02 7.451104511879634226e-03 4.209811053463951680e+01
2.342330435596770144e+02 4.075896137414182323e-03 4.246387260000447839e+01
2.339462205604280882e+02 6.390659124817068062e-03 4.208155456001693295e+01
2.336401278844216165e+02 7.151391300277018526e-03 4.163594920039161451e+01
2.336477413123876659e+02 3.831647679741422095e-03 4.194413478036975107e+01
2.332585039171346466e+02 6.275149958375992112e-03 4.150011245606071952e+01
2.328627919023494712e+02 6.643558048699071614e-03 4.145955601736606866e+01
2.329899425609043817e+02 3.949701100949922807e-03 4.185419333893747762e+01
2.329856234340111882e+02 3.731912892858378801e-03 4.202363460023651243e+01
2.329370271502514811e+02 3.902886813229310657e-03 4.196271191097957853e+01
2.328721293173459230e+02 3.919678894694312785e-03 4.196334797467143574e+01
2.328328012448529591e+02 3.929855913764010965e-03 4.192313653692324493e+01
2.324479598129871079e+02 6.474110681188594181e-03 4.145475806172565569e+01
2.320720833172197217e+02 6.648646558233921137e-03 4.117718953476774857e+01
2.323468613055487140e+02 4.258064778761782264e-03 4.155890967488495136e+01
2.322682509571486378e+02 3.892709794159612477e-03 4.157740640704412272e+01
2.322114947394988462e+02 4.037223464949328544e-03 4.149788419773540937e+01
2.318340219782903944e+02 6.569774660443759157e-03 4.120224281146258249e+01
2.322832055778206097e+02 4.165453905227527870e-03 4.150348919098804856e+01
2.320708951502433308e+02 1.095606987948373988e-02 4.102389971158328308e+01
2.324676213049787918e+02 4.539459356038941414e-03 4.156151041210821262e+01
2.323228862840243210e+02 4.068772224065393857e-03 4.145117575101312468e+01
2.323566108898174889e+02 4.170542414762376526e-03 4.135077335167910917e+01
2.321652004974527017e+02 6.667474043512863074e-03 4.109066400978622369e+01
2.322475305463227357e+02 7.293360716299310265e-03 4.114567893947319988e+01
2.325515893450681233e+02 4.583220538038643849e-03 4.142443563340749080e+01
2.324218562679242837e+02 4.144591016134646123e-03 4.137794243063852662e+01
2.316203320557781922e+02 6.843536473418643587e-03 4.092992308208987140e+01
2.311350027376181231e+02 7.328471432089769810e-03 4.079889447041846040e+01
2.312318426714267900e+02 4.577114326596825288e-03 4.106920576507776133e+01
2.310801689588705869e+02 4.306405619342849704e-03 4.100064573185997574e+01
2.309007297940374883e+02 4.391892579528315632e-03 4.097976248872895155e+01
2.307758038318512206e+02 4.418352829109531421e-03 4.090645640266800598e+01
2.308564623053390790e+02 3.973108244810228881e-03 4.083567676159111670e+01
2.306886524201969166e+02 6.862872809651070910e-03 4.054234555864710643e+01
2.304565034204961194e+02 6.972275764650327431e-03 4.048057207059594731e+01
2.305598688589322762e+02 4.233131082041021766e-03 4.064689458440107472e+01
2.305022308025800726e+02 3.884059327950368720e-03 4.058479695829254297e+01
2.304225503406248379e+02 4.101338685088428207e-03 4.056233780375857378e+01
2.304178968986552150e+02 4.192423005762228178e-03 4.052260417705570461e+01
2.303382444235024025e+02 6.665947490652407784e-03 4.026697068814967650e+01
2.304558882196933496e+02 7.343736960694316647e-03 4.026858832533080346e+01
2.308360792626953355e+02 4.119657319413884758e-03 4.063452543542376105e+01
2.306002019120583384e+02 6.662385533978013551e-03 4.041250714935589627e+01
2.305748992983963035e+02 6.851678088674402825e-03 4.024302670653344194e+01
2.309537968422745280e+02 4.142555612320706314e-03 4.055409848911975246e+01
2.311079171102150838e+02 4.346095993714673388e-03 4.060853689067642591e+01
2.310068374302619816e+02 6.889333059232286699e-03 4.041912068519833667e+01
2.309100112354290388e+02 4.643773801503349279e-03 4.042967832478124279e+01
2.299151831965202746e+02 1.052710852569595582e-02 4.001178753233747898e+01
2.298675277781735531e+02 4.590344451387433182e-03 4.033366985343057110e+01
2.297703906754080379e+02 4.329812763203155779e-03 4.025853546589375753e+01
2.297393741743893258e+02 4.293684345505726328e-03 4.023935280264927883e+01
2.297415332289849630e+02 4.112533406065096292e-03 4.026701139622595349e+01
2.297417148887753626e+02 4.122201574181309953e-03 4.027785043038613821e+01
2.296674363885423134e+02 4.212268192948140019e-03 4.025916084371559123e+01
2.296072647632927044e+02 4.182754837646014516e-03 4.023057665025452678e+01
2.295327221694147966e+02 4.248396610645568602e-03 4.018034695493412300e+01
2.294481277338017549e+02 4.245852355878144274e-03 4.008489567537751697e+01
2.293995721581183034e+02 4.295210898366181619e-03 4.003689372953147085e+01
2.292600579479465921e+02 4.411228915760742088e-03 3.991203239141629666e+01
2.290799079183314575e+02 4.446339631551201634e-03 3.988200764090591832e+01
2.290513089681927568e+02 4.129834338483583805e-03 3.982275347392545939e+01
2.289568474037406531e+02 4.416317425295591612e-03 3.969315066262571179e+01
2.288186801220428208e+02 4.218883255343443967e-03 3.962134975768517364e+01
2.288883133219215154e+02 4.024502191112206036e-03 3.955484293806469509e+01
2.284633403419071271e+02 7.017054648557000639e-03 3.918510674675302141e+01
2.282733628738273524e+02 7.458737276181908078e-03 3.902461210291815519e+01
2.285836734153872385e+02 4.374591647109828119e-03 3.940194849207108518e+01
2.287495669678385752e+02 4.137975953739342176e-03 3.952014846235418588e+01
2.285789151501212189e+02 7.196170184183690866e-03 3.928525522946124937e+01
2.284768635648469512e+02 7.291325312485370455e-03 3.920306307919959465e+01
2.285697314081127161e+02 4.270786052598905640e-03 3.954292310447931413e+01
2.284749136479931906e+02 4.280963071668603820e-03 3.950570523689047064e+01
2.283127362340551656e+02 4.185807943366924230e-03 3.946281673427599657e+01
2.280699639529984495e+02 7.864291486109386067e-03 3.926275333144719326e+01
2.291467775486817686e+02 7.213471116602178379e-03 3.997095529642603395e+01
2.294985589340997194e+02 7.768627506854221959e-03 4.016772032737434728e+01
2.309224796103422932e+02 8.910997897427859818e-03 4.121711245402531887e+01
2.312803224283181578e+02 1.123797330771438355e-02 4.139245078902428787e+01
2.327063558537196002e+02 6.052782091703083102e-03 4.262954785539677260e+01
2.332907060408749658e+02 5.358200540196172111e-03 4.291974351876540794e+01
2.333838863186261960e+02 8.070376122270777469e-03 4.306776164607177293e+01
2.334114543367331294e+02 8.344646786199148153e-03 4.321530654199139576e+01
2.341878000948498197e+02 4.846296480990346447e-03 4.368570464662336406e+01
2.341448978532596072e+02 7.984380311131826155e-03 4.356901087516257576e+01
2.339936770180519829e+02 8.822457831521484176e-03 4.356695053765191972e+01
2.346048416150522087e+02 5.141938884965082529e-03 4.397663051111025112e+01
2.348702221439722564e+02 5.143465437825537820e-03 4.419424418332474858e+01
2.352695943236658422e+02 5.361253645917081825e-03 4.459236255426895212e+01
2.352317663437837609e+02 5.572426791613321884e-03 4.433073581883277825e+01
2.351734199669043335e+02 5.517470888636951364e-03 4.436313181478639223e+01
2.349574722727115557e+02 5.609572911217721239e-03 4.419440141826937918e+01
2.348081408010942255e+02 5.710834250961219390e-03 4.404781774180088405e+01
2.349318149899349351e+02 5.394328957893601562e-03 4.425302003040893339e+01
