1.765515193555060591e+02 1.279087152366696678e+00 1.907365818803882362e+01
1.765947521865889200e+02 1.285676038879645988e+00 1.910175048808176612e+01
1.766467348503418862e+02 1.288951358718800622e+00 1.913181423860114094e+01
1.771076822244359050e+02 1.356754304072766315e+00 1.935009413936798950e+01
1.776276844497062939e+02 1.347901900346133885e+00 1.943186239484293765e+01
1.778116534628162526e+02 1.308987484592610384e+00 1.941365342456941789e+01
1.780938333933113142e+02 1.283151747793418451e+00 1.944570601049006342e+01
1.782667386402554826e+02 1.259593436147778744e+00 1.945362832073795545e+01
1.784847038738828076e+02 1.280012030367986720e+00 1.947285257062191022e+01
1.787347755866977650e+02 1.299210202864687913e+00 1.955905398193010925e+01
1.789081919504320979e+02 1.342276138669114438e+00 1.961812621803129630e+01
1.790319256759693474e+02 1.373739375637809346e+00 1.967216377989989695e+01
1.791035915516219177e+02 1.396089435007327850e+00 1.969311609131257867e+01
1.792716690049390706e+02 1.413004966873025792e+00 1.974864701822461655e+01
1.794302664587429774e+02 1.436705834902322731e+00 1.979870169381322853e+01
1.795155655924521625e+02 1.447679199458981047e+00 1.982460870880424864e+01
1.796211129481181672e+02 1.469293876507924868e+00 1.986136391689310443e+01
1.797172115971356732e+02 1.484801229461884420e+00 1.987333343764288074e+01
1.797642447727877197e+02 1.516047154870125979e+00 1.985226812421876375e+01
1.798533512050360628e+02 1.532263812757405530e+00 1.987499369796474724e+01
1.798963632475735039e+02 1.559765025355912771e+00 1.987216864767885127e+01
1.799980389804784693e+02 1.559525113393172235e+00 1.988542291437402909e+01
1.801267656564286881e+02 1.592167048265766827e+00 1.994191870461447991e+01
1.802754154562412623e+02 1.579658594846065078e+00 2.000065888865129438e+01
1.803930192572812530e+02 1.573898969247806479e+00 2.007293497516563363e+01
1.803934295415073734e+02 1.536455318135432124e+00 2.005475034378688903e+01
1.799056502744210491e+02 1.420868168376474117e+00 1.984551929639732037e+01
1.790920549155005688e+02 1.254642209554406973e+00 1.954549026357284447e+01
1.785244162576863118e+02 1.141709737817948600e+00 1.928403664046758337e+01
1.783624391744942272e+02 1.133844797822016526e+00 1.922023048933347766e+01
1.784076086862038437e+02 1.160052572012704841e+00 1.919066916314187310e+01
1.785574719537700048e+02 1.197216325835215311e+00 1.922592231372487603e+01
1.787064833600192060e+02 1.229428853064353788e+00 1.926974275526719893e+01
1.788322841531194740e+02 1.291712084782801417e+00 1.940968444622929567e+01
1.789853323389156401e+02 1.344068524419734567e+00 1.956351495364309656e+01
1.791078230423270838e+02 1.394754272779901605e+00 1.964532145595268631e+01
1.791912967589284733e+02 1.428776570684496594e+00 1.967935418481218335e+01
1.791870913456105541e+02 1.417587633059868457e+00 1.972093892502055823e+01
1.791905891924876357e+02 1.408968187326042010e+00 1.967339637107079042e+01
1.792059348656406144e+02 1.394001505534490759e+00 1.970167642830196186e+01
1.792469997965963842e+02 1.399218721477857752e+00 1.968483565161306004e+01
1.793543273685656345e+02 1.406935889612681345e+00 1.973490945061898927e+01
1.794647998734377552e+02 1.412450387770748383e+00 1.979465100632637586e+01
1.796093329230490951e+02 1.433220157472649081e+00 1.985791996328303810e+01
1.798120498391025137e+02 1.476214815085246990e+00 1.990303732021814653e+01
1.799447976481673663e+02 1.486951744664132047e+00 1.992776389881278476e+01
1.801340638478749554e+02 1.533025272465234456e+00 2.002526551126456056e+01
1.802728181484707477e+02 1.561350530500981382e+00 2.007272983305256631e+01
1.804393744208646808e+02 1.578173922265047047e+00 2.013201764222172230e+01
1.805714824646955776e+02 1.603575035943332061e+00 2.013682109695398736e+01
1.806516234912058394e+02 1.612590857963425606e+00 2.016655453390147201e+01
1.807228982060495923e+02 1.629641992242846449e+00 2.021459081971659089e+01
1.808629181291734653e+02 1.658680032196880871e+00 2.023969465118017652e+01
1.810046070050816240e+02 1.664424011362786837e+00 2.025045591965383096e+01
1.811733103156928451e+02 1.696055882102393664e+00 2.027694011414941500e+01
1.812597429465013761e+02 1.723560571685868403e+00 2.027945745126570998e+01
1.814106666944825577e+02 1.751612886401685554e+00 2.030723334567662874e+01
1.815354852393295744e+02 1.780145025042984219e+00 2.034748292365758005e+01
1.815637131417862236e+02 1.785882050238955854e+00 2.032057279850350540e+01
1.812226191780059708e+02 1.698971333997437494e+00 2.012221080612157920e+01
1.803575574876001895e+02 1.480155977545630996e+00 1.977903238985346235e+01
1.798046143067500395e+02 1.394479590967488525e+00 1.959233915902164469e+01
1.794873985372324228e+02 1.331893861556889602e+00 1.952294723153764622e+01
1.795097190422297331e+02 1.323255292405743244e+00 1.959697397998299806e+01
1.795896427571795471e+02 1.348931087896441561e+00 1.964943472916894862e+01
1.797401701288744391e+02 1.375443098271764697e+00 1.973453393624252783e+01
1.799463588144176640e+02 1.436152994292529073e+00 1.981593710829591259e+01
1.802629122182990216e+02 1.504519211211190255e+00 1.994439431791116490e+01
1.805232323443049722e+02 1.559191322836315674e+00 2.010822463409079575e+01
1.806605697735265892e+02 1.590755392369061161e+00 2.017903864842640260e+01
1.807038617133538878e+02 1.607516198403716290e+00 2.017673166890062930e+01
1.806952283596801863e+02 1.593599566072276152e+00 2.017671428397579447e+01
1.807156226150056284e+02 1.568014172190726585e+00 2.015819586204019132e+01
1.807776972276260494e+02 1.581157175366952217e+00 2.010628099949409986e+01
1.808711116442487992e+02 1.611413898552009671e+00 2.018576661433804276e+01
1.809926131454370761e+02 1.643574271006639220e+00 2.021824339242469293e+01
1.811625890325463217e+02 1.691052500734512964e+00 2.026896043364956412e+01
1.813583485016802399e+02 1.727440886909325402e+00 2.033754222363619490e+01
1.816495233922856016e+02 1.752203973846119034e+00 2.040985481849269334e+01
1.818094438388695551e+02 1.779374872872737212e+00 2.047779336626038216e+01
1.819998331047215743e+02 1.808633701372192037e+00 2.054232273026767430e+01
1.820813249398916298e+02 1.844962978802561215e+00 2.057585998876933786e+01
1.822220524294563120e+02 1.879218234699962187e+00 2.059095184201970952e+01
1.823860844107640560e+02 1.915563158562683999e+00 2.061611304373525400e+01
1.825708531304164808e+02 1.990712973152460652e+00 2.067627183763870846e+01
1.826934933441815190e+02 1.993091230870063235e+00 2.072012357204573618e+01
1.828359280333651498e+02 2.025693180415534478e+00 2.076072084852341249e+01
1.829549521827642309e+02 2.045647597142613794e+00 2.077415070295943522e+01
1.831372644125373199e+02 2.038505870019871047e+00 2.082477734257516033e+01
1.833168385166486871e+02 2.051532394199693687e+00 2.083785602152948968e+01
1.834776438559067913e+02 2.087204521471251351e+00 2.086117789819735791e+01
1.836410152100707478e+02 2.118653850500077152e+00 2.091915314554137595e+01
1.838264793267166226e+02 2.132591344741320949e+00 2.098086615172519132e+01
1.837944788955705064e+02 2.079167470719440303e+00 2.095337189309661952e+01
1.833263046082220171e+02 1.949408130233948988e+00 2.075725081752609213e+01
1.825860266928135900e+02 1.771209173677137594e+00 2.050280331912984977e+01
1.820611393036642198e+02 1.643452576532785425e+00 2.031164911658504479e+01
1.819569201562557055e+02 1.633141577612389206e+00 2.026541912446041493e+01
1.819770623301710089e+02 1.693173461564538851e+00 2.032970857650497010e+01
1.820388622609790161e+02 1.759957650323098921e+00 2.037123420796890017e+01
1.821835239590341757e+02 1.822148741939914274e+00 2.047136094407095896e+01
1.824128658874743394e+02 1.896549266269247358e+00 2.055350992939981936e+01
1.826184408851708270e+02 1.966819132457480857e+00 2.060997094979059696e+01
1.828408583980487094e+02 1.989268285898565969e+00 2.071373113518343700e+01
1.830262755753975625e+02 2.021080959856469850e+00 2.075482562051142921e+01
1.830999320249438824e+02 2.042633051176003356e+00 2.074449549817371263e+01
1.830870428416702680e+02 2.062156321767143030e+00 2.073400891151247194e+01
1.831291734685185020e+02 2.064515456067425703e+00 2.075218832741376573e+01
1.832381578238246504e+02 2.107560529962048790e+00 2.080191790490793835e+01
1.834171251940592242e+02 2.139425358694461821e+00 2.084362955506761850e+01
1.836031525822698143e+02 2.162818513554156663e+00 2.095691146379328629e+01
1.838462581557028557e+02 2.228724763608484594e+00 2.106254226709850741e+01
1.840664260593069343e+02 2.294764877584051899e+00 2.113116925788971301e+01
1.842733379577233279e+02 2.313570150779453272e+00 2.121042191474085215e+01
1.845307600167590749e+02 2.374721623891058897e+00 2.129312895615695922e+01
1.847025508900212287e+02 2.411360352983513700e+00 2.130924478148018864e+01
1.848555486595353727e+02 2.466616598083138268e+00 2.137044319388884972e+01
1.849253439172755691e+02 2.469853671087653080e+00 2.137966937349946406e+01
1.850585889351907269e+02 2.483147923109954469e+00 2.136188807237691734e+01
1.851976405180012080e+02 2.491042417478107840e+00 2.140120234140167810e+01
1.854280238034390891e+02 2.463951489105737025e+00 2.136149169609065268e+01
1.854789320788371469e+02 2.484695181420383037e+00 2.141100396202437040e+01
1.855935056874781708e+02 2.504859955737981370e+00 2.149553642054828728e+01
1.857375258818068460e+02 2.508686377694445913e+00 2.155398279935536721e+01
1.858895500955301543e+02 2.555896879579841130e+00 2.164721641275983899e+01
1.860235183263185093e+02 2.580915524911727932e+00 2.170095669241374026e+01
1.860922965659557917e+02 2.595621432830735209e+00 2.170997772991128372e+01
1.859575077667151675e+02 2.531438028827682540e+00 2.162040190469236478e+01
1.854687410358981197e+02 2.375032814045628271e+00 2.141991895148041181e+01
1.850095825705697621e+02 2.258543386687667631e+00 2.124557249426732142e+01
1.848220287859585369e+02 2.191084662845460329e+00 2.122275825740467425e+01
1.847625236652289402e+02 2.195425678577078710e+00 2.120615217720106216e+01
1.848656527778502152e+02 2.220150518679232299e+00 2.130362075829565072e+01
1.849899445594747078e+02 2.236777460792648053e+00 2.142906168345181328e+01
1.851938975436839598e+02 2.291258338244574588e+00 2.153594246285276270e+01
1.854042759961127445e+02 2.362786872990954468e+00 2.163765644259236964e+01
1.856219230856155491e+02 2.402869555693476045e+00 2.168953479679630547e+01
1.857331587886879731e+02 2.438039258637265227e+00 2.174454591445573826e+01
1.857483097506827789e+02 2.456423816651628567e+00 2.170615304644730514e+01
1.856841506855745081e+02 2.467251147839662373e+00 2.158308168654632908e+01
1.856721811648247353e+02 2.491816046633322568e+00 2.152075325402330463e+01
1.857122551550648382e+02 2.519000853599809631e+00 2.150118999810504405e+01
1.857861932403935157e+02 2.518873943648504810e+00 2.155859154292946300e+01
1.859150155334303349e+02 2.540843273164108407e+00 2.164240252707267587e+01
1.860186609783192466e+02 2.582610555083264980e+00 2.170300985203690303e+01
1.861425337832551747e+02 2.598470822011401005e+00 2.175500294674476010e+01
1.862603757577654164e+02 2.649521653793129872e+00 2.183754656986740628e+01
1.863268052940573227e+02 2.669535179264652669e+00 2.184901714327438071e+01
1.864989960205907096e+02 2.696387934166766698e+00 2.188905288667984550e+01
1.866231608922638827e+02 2.703602677973821589e+00 2.189117210901738630e+01
1.867828275189452256e+02 2.731910551084732575e+00 2.196661572883689573e+01
1.868735681341281634e+02 2.749924810200083058e+00 2.198163978088040693e+01
1.869539038717965980e+02 2.762355031458021415e+00 2.204472271914132264e+01
1.869825872592839744e+02 2.771868062328432636e+00 2.204084761939531845e+01
1.870543331055908141e+02 2.781130750281201269e+00 2.203842416087314149e+01
1.871292760395750463e+02 2.804443934486649415e+00 2.211067590849270914e+01
1.871917470284817284e+02 2.823400456528126323e+00 2.208849448289410233e+01
1.872100794317215673e+02 2.826077734952912923e+00 2.209034771588165214e+01
1.870529336191414984e+02 2.746845940011578335e+00 2.196030673961381297e+01
1.864181300427147505e+02 2.536484872507653865e+00 2.169882356213632946e+01
1.857666925702046683e+02 2.335852408942109992e+00 2.142861489088351945e+01
1.852949595887422163e+02 2.195634297675113977e+00 2.124360278228337151e+01
1.852027030081135308e+02 2.184375820351140529e+00 2.120006571501588155e+01
1.851539313399778450e+02 2.261530116774540300e+00 2.120387996752496207e+01
1.851684651371409700e+02 2.344369283619402111e+00 2.127558061302721981e+01
1.852916251601586168e+02 2.416780972547465378e+00 2.135203429697971700e+01
1.854764668964953671e+02 2.507888409644460914e+00 2.140837188440415773e+01
1.856403232900622413e+02 2.577624558640220886e+00 2.148686482003995124e+01
1.858684569662263186e+02 2.594625276637616551e+00 2.157959774760913874e+01
1.859521671178054589e+02 2.564179057771843517e+00 2.157958036268430035e+01
1.858959390554074957e+02 2.526502448666663181e+00 2.153016371383718308e+01
1.858505052928403529e+02 2.481489401280573492e+00 2.152214404801020819e+01
1.858606041956777517e+02 2.484086709051113395e+00 2.152689360947547925e+01
1.859136247394434349e+02 2.469723284151380760e+00 2.159845169859408287e+01
1.859484658673078172e+02 2.455114731811457229e+00 2.168799449245581101e+01
1.860652664848203415e+02 2.497940755653142997e+00 2.178957113128921463e+01
1.862039947080288869e+02 2.532159503208387896e+00 2.187302746296576217e+01
1.863460608368059752e+02 2.558662821121292730e+00 2.193798623461651331e+01
1.864411024823934042e+02 2.597417295566322615e+00 2.191644978972933444e+01
1.865061377477134386e+02 2.633470152691794741e+00 2.194339642322556472e+01
1.865742675296543496e+02 2.617222201939809700e+00 2.187241551361152858e+01
1.865762198567134362e+02 2.636324757349911785e+00 2.187830900313102589e+01
1.865867325207619558e+02 2.674136968868815245e+00 2.186599352237700700e+01
1.866456622004794781e+02 2.713218279900766916e+00 2.188447022049300017e+01
1.867345374132274856e+02 2.756943104356488483e+00 2.189623286063722674e+01
1.868109476348678868e+02 2.790541210095077940e+00 2.190501050918706483e+01
1.868892701982402968e+02 2.808023490510438869e+00 2.191909229830444872e+01
1.869770692841409527e+02 2.820949182126211152e+00 2.193558016101917474e+01
1.869630083569333578e+02 2.777629426419174763e+00 2.190923504592227999e+01
1.865315823237038160e+02 2.608015145746517494e+00 2.168233222243663505e+01
1.856663276606323620e+02 2.336167076081646421e+00 2.134544888745173452e+01
1.848933973793964185e+02 2.137759882895146291e+00 2.105478163665159386e+01
1.846431379093932605e+02 2.087931211329407954e+00 2.095173944865449300e+01
1.844486475397723666e+02 2.097541597778902034e+00 2.095294596243813245e+01
1.843810027972344017e+02 2.120008136144823307e+00 2.098879889292798495e+01
1.844081250184714804e+02 2.144021932821173593e+00 2.102624080554787867e+01
1.845292353588509400e+02 2.202031950014863959e+00 2.109101877398033054e+01
1.846738535945939930e+02 2.227276599369622634e+00 2.114299100677838084e+01
1.848325362345295844e+02 2.315089593210143626e+00 2.122823798571306853e+01
1.849177119352724503e+02 2.346045190373619249e+00 2.129900506075161815e+01
1.849181987131678682e+02 2.326306346714510198e+00 2.128034408243236086e+01
1.848428594028973748e+02 2.330094521836334920e+00 2.125506466322792676e+01
1.848209509206186851e+02 2.308571984889023376e+00 2.120601309780237287e+01
1.848499350673057506e+02 2.334491169327429283e+00 2.121631888124531784e+01
1.849261453623105353e+02 2.376265405216520410e+00 2.120117661171292056e+01
1.850434553581207524e+02 2.420636948876151440e+00 2.124622616744116499e+01
1.852040642477282120e+02 2.460046834987509090e+00 2.130692910949199614e+01
1.853417876222812026e+02 2.488917979663114899e+00 2.135056353233856896e+01
1.854558188212673144e+02 2.525219441213745863e+00 2.145125527849780411e+01
1.854917430299490206e+02 2.554137525186409796e+00 2.150552927534417691e+01
1.855771986279817440e+02 2.581190206724141234e+00 2.158133624009276730e+01
1.856463628129503718e+02 2.590711930056970314e+00 2.162639970376088172e+01
1.857195290076163303e+02 2.609878809688966239e+00 2.166752374346109633e+01
1.858661534636854924e+02 2.612524795249047571e+00 2.165277089624503049e+01
1.860463673330308438e+02 2.644664305793873904e+00 2.167699678900438442e+01
1.861726566425190015e+02 2.653062962982279505e+00 2.169628536311023126e+01
1.862739846769272560e+02 2.683375317926813164e+00 2.171115468932270076e+01
1.863767591370818764e+02 2.698164673485034193e+00 2.176351112895963524e+01
1.864674232585955451e+02 2.696759971558262858e+00 2.174853227772069886e+01
1.863527818487476679e+02 2.624449115194250393e+00 2.163890294170313311e+01
1.857976220899809050e+02 2.419319171573561800e+00 2.141067886392993103e+01
1.849437771530794805e+02 2.205705384632769661e+00 2.106802547239187007e+01
1.844939509154032180e+02 2.085502537329779749e+00 2.090615269874880866e+01
1.843588318025907142e+02 2.040286086323105597e+00 2.085682992849580586e+01
1.843717748791313227e+02 2.067298782533713908e+00 2.087341862377457957e+01
1.844597356448329322e+02 2.096661920582186145e+00 2.088708143620340962e+01
1.845728506582801742e+02 2.112363984694312080e+00 2.096953813470187455e+01
1.847387775963950673e+02 2.154864910441559811e+00 2.107670054988517094e+01
1.849134143818529310e+02 2.276364673137335704e+00 2.117748269765355573e+01
1.850428573167064030e+02 2.330809042247105722e+00 2.122214630805043711e+01
1.850419046228253706e+02 2.346693648070012461e+00 2.125675447792201567e+01
1.850314771449085640e+02 2.345966958211856301e+00 2.125397636693317693e+01
1.849996922868303955e+02 2.336883334984900973e+00 2.125774889562265102e+01
1.849701205296838964e+02 2.319806123318225666e+00 2.119829419117506575e+01
1.850209227570404664e+02 2.327114745719396804e+00 2.118294677952959759e+01
1.851323166629289005e+02 2.366562878665394276e+00 2.120533682422624011e+01
1.852510765614704837e+02 2.411123918005740663e+00 2.123673573697304207e+01
1.854074191905231430e+02 2.464902444494281308e+00 2.129625650413500537e+01
1.855614600555274478e+02 2.497752998464910945e+00 2.134006477622994069e+01
1.856756285954197665e+02 2.564738852351571730e+00 2.139508806333675750e+01
1.858326753139282914e+02 2.558881871174230049e+00 2.139691869592201812e+01
1.859260393142690191e+02 2.592539085657262987e+00 2.146428527966259381e+01
1.860191703566169679e+02 2.635799732619855895e+00 2.149836320932666567e+01
1.861559132214091790e+02 2.643638595228533728e+00 2.152882333613230514e+01
1.862460123328656891e+02 2.648170845133351214e+00 2.153970108360236679e+01
1.864008650738598476e+02 2.670030649622486152e+00 2.159156205288146424e+01
1.865177039382070348e+02 2.688037954767902526e+00 2.166463784593827313e+01
1.866091764587255852e+02 2.721691692265968410e+00 2.170795934013779416e+01
1.867947848702476108e+02 2.711144258367799154e+00 2.178007026986618655e+01
1.868325953432740221e+02 2.666826607975160357e+00 2.181116668492083832e+01
1.866075440142834623e+02 2.546562913435243658e+00 2.173526236459316507e+01
1.860135967497144520e+02 2.349146660964411382e+00 2.146283363843876302e+01
1.853625000217311651e+02 2.179014309531632776e+00 2.124916595823097865e+01
1.850501555081526703e+02 2.136454275039942008e+00 2.109784757245602194e+01
1.849774743528896295e+02 2.157536973388895607e+00 2.108377099881608530e+01
1.850304827272079251e+02 2.190218893588613547e+00 2.112831117624662980e+01
1.851246707729859224e+02 2.265780730897009931e+00 2.116369645225838880e+01
1.853188064901401333e+02 2.342037965198857652e+00 2.125077406377833356e+01
1.854730976980621051e+02 2.400805965115409890e+00 2.136450624205726356e+01
1.856296141763631056e+02 2.450088750041289121e+00 2.147586885508100352e+01
1.856718160814031648e+02 2.464125338354099526e+00 2.152261865645823846e+01
1.856222029829054065e+02 2.435852235092861751e+00 2.151771958463937651e+01
1.855661174768910939e+02 2.404335104857174166e+00 2.151433995525120224e+01
1.855302732388636571e+02 2.428873926263579897e+00 2.147956141311622957e+01
1.855704724005625792e+02 2.458530869541785346e+00 2.147072813280691861e+01
1.856022120578361694e+02 2.487038669288313297e+00 2.151244499844404956e+01
1.856967356326634899e+02 2.510569165054215013e+00 2.155284582527107418e+01
1.858218827525899144e+02 2.553028366981855424e+00 2.161969781523649559e+01
1.859427514425141510e+02 2.611247003273581502e+00 2.160937116988374740e+01
1.859894125807747116e+02 2.638494395969479100e+00 2.157715516566964098e+01
1.860113766948128671e+02 2.663824231455935276e+00 2.156475623727640922e+01
1.860028876360153163e+02 2.651941635330339775e+00 2.154762339385025527e+01
1.860196814734071609e+02 2.671936037384542217e+00 2.154758167003064884e+01
1.860836579968046465e+02 2.649464283541170140e+00 2.155784225266901899e+01
1.861820062550959562e+02 2.629492481889254663e+00 2.159242956063079433e+01
1.862031567546517579e+02 2.630928476680731265e+00 2.158590847532470747e+01
1.862580444393448715e+02 2.634709697832621433e+00 2.156899294345900842e+01
1.862943076540608445e+02 2.644493933530478458e+00 2.161587139328003104e+01
1.863128608458461315e+02 2.636802842782909106e+00 2.170785676908126050e+01
1.861797670767770398e+02 2.588749172042954516e+00 2.168172722705233468e+01
1.856601629662854123e+02 2.439506546293447098e+00 2.145016872069553671e+01
1.847709362303572220e+02 2.209149338242835992e+00 2.110542044571470299e+01
1.840016985071565045e+02 2.019677996422182265e+00 2.082599428731369784e+01
1.837186041296150449e+02 1.960960412787655205e+00 2.065578196522667298e+01
1.837035296612895081e+02 1.981170387909827912e+00 2.063709143253518974e+01
1.837821025675795568e+02 2.001496842028403389e+00 2.067729580971156622e+01
1.838488676329207863e+02 2.032155156977178745e+00 2.067266620422766721e+01
1.840297977611693909e+02 2.080535664304055565e+00 2.075242476239154144e+01
1.842074908164134683e+02 2.160746230513672206e+00 2.086168553800257541e+01
1.843321250810571996e+02 2.204658812157625825e+00 2.092024839580605899e+01
1.843491918617689862e+02 2.197066815481623081e+00 2.095115183819502747e+01
1.842641030856503050e+02 2.168426890306339949e+00 2.088785506535862524e+01
1.841627281119450004e+02 2.125741684355827665e+00 2.089553746364377673e+01
1.840484031077291718e+02 2.121513670635644999e+00 2.083841581610921878e+01
1.840399244798865084e+02 2.123224347239534904e+00 2.082956515087506943e+01
1.840853234726039602e+02 2.127028168793712037e+00 2.083189994628058272e+01
1.841770932753372279e+02 2.177665239364337424e+00 2.088519517185867613e+01
1.842259414371421826e+02 2.185597980567131060e+00 2.088429463275215525e+01
1.843082016859900136e+02 2.218519812729589535e+00 2.100086229227187928e+01
1.843198721860325975e+02 2.231906204853523423e+00 2.104694798952036905e+01
1.844354697667464507e+02 2.201797253529574228e+00 2.110388883383662773e+01
1.844924001801078077e+02 2.237340732357343764e+00 2.117038964832035575e+01
1.845129908850838945e+02 2.240127535808599024e+00 2.121156584279507840e+01
1.845268779630431197e+02 2.296091347349059841e+00 2.117611450406894136e+01
1.845418185674474216e+02 2.324489622069119132e+00 2.116702566536453745e+01
1.845399931503396260e+02 2.336737301616276241e+00 2.115263964006251740e+01
1.845863761298028010e+02 2.366138686499388744e+00 2.116599300082926050e+01
1.846262241160200404e+02 2.380204829184421111e+00 2.114056754825620388e+01
1.846782797964573035e+02 2.372663248790443991e+00 2.112988798892927989e+01
1.846278913303118259e+02 2.341466001171744082e+00 2.106117928899134384e+01
1.842715699108674983e+02 2.237509366128255461e+00 2.089110604630300827e+01
1.832966389724813894e+02 2.012885706288648713e+00 2.050097442503707512e+01
1.823800257644585940e+02 1.786040253054965943e+00 2.014750239477339733e+01
1.819992854795892185e+02 1.726914123686786207e+00 2.001633487537616674e+01
1.818219088299771613e+02 1.716655279540898915e+00 2.002513164734332207e+01
1.817585477329188848e+02 1.717769653222904314e+00 2.005059882373598512e+01
1.817259440448809187e+02 1.720681628132980867e+00 2.009544845282861303e+01
1.816941904796674692e+02 1.736724436771897695e+00 2.014425662930646155e+01
1.817420303158319257e+02 1.773045021739848570e+00 2.023819780915177091e+01
1.818819059440796480e+02 1.831049823456088355e+00 2.035382494423785360e+01
1.819596061271429051e+02 1.856998562266716002e+00 2.043071325131125704e+01
1.820095686626298743e+02 1.871090782339002612e+00 2.047202678669218656e+01
1.819429687540745988e+02 1.848850247995952767e+00 2.042682076664041446e+01
1.819480295056944215e+02 1.820255523625243566e+00 2.039738808889259758e+01
1.819482346478075101e+02 1.812390583629311713e+00 2.034993767504446183e+01
1.819505346733633360e+02 1.800676621274627909e+00 2.035031492791340924e+01
1.820797655121338039e+02 1.838196766056281906e+00 2.039859286418375106e+01
1.822186519381583594e+02 1.895836484350959861e+00 2.039704386738084096e+01
1.823068630467776075e+02 1.933565248230649347e+00 2.035601022928977244e+01
1.823861226575986905e+02 1.994568949481146936e+00 2.031747480489768165e+01
1.824510466593997648e+02 2.010123241732164168e+00 2.032326920034561368e+01
1.825753054096670667e+02 2.033698938302640258e+00 2.037793783498576872e+01
1.826922068597436351e+02 2.067929855305270515e+00 2.039791659060762186e+01
1.827864853071307607e+02 2.076019060831590490e+00 2.047214500418107619e+01
1.828561136695925597e+02 2.077451578638099594e+00 2.051873312575732911e+01
1.829482068319277630e+02 2.066657278807255249e+00 2.058665602709266551e+01
1.830327497214065886e+02 2.088445805104561792e+00 2.059842562120682530e+01
1.831011820010396320e+02 2.086111009699049390e+00 2.065244058267314031e+01
1.831837517015495109e+02 2.109867509487822534e+00 2.065879129571583306e+01
1.832586250958343896e+02 2.112386585096599489e+00 2.069210255019462252e+01
1.833353708465241425e+02 2.130348689437441045e+00 2.073827517206729354e+01
1.833700711564973460e+02 2.128196435742709891e+00 2.074170174075252504e+01
1.831413429159038913e+02 2.065890603621975075e+00 2.065465889908224995e+01
1.824343084537673860e+02 1.889129380349124032e+00 2.037731893166159836e+01
1.815015950668537243e+02 1.666454570583663974e+00 2.009258863269304740e+01
1.810753879880600437e+02 1.569936944877618812e+00 1.994906043173722310e+01
1.809390171606593185e+02 1.546648099566941603e+00 1.992092988485964256e+01
1.808735159793536695e+02 1.566898060016237437e+00 1.992487800128996156e+01
1.808749693590699792e+02 1.581242361498650162e+00 1.995638296207826201e+01
1.809378297702929785e+02 1.602561494825377020e+00 1.997803762445433051e+01
1.810803461686233504e+02 1.665420167555905495e+00 2.004170121920477854e+01
1.812453690906467330e+02 1.706984045854477827e+00 2.010958239672050851e+01
1.813819450601605183e+02 1.730836162729850525e+00 2.015706758041831748e+01
1.813950811093668278e+02 1.747477012783135164e+00 2.013835270883206263e+01
1.813540231323809735e+02 1.745204803107033742e+00 2.011223359775803843e+01
1.812672549725231192e+02 1.743050810919819060e+00 2.007255598380420381e+01
1.812757092614710075e+02 1.749949149094853995e+00 2.003271321306442232e+01
1.813257343826873864e+02 1.734412241768672702e+00 2.013361879379914399e+01
1.814225510291006174e+02 1.727993727519119060e+00 2.022032610642007810e+01
1.815871219430782730e+02 1.756588451889828262e+00 2.029392170872949208e+01
1.818518213316504841e+02 1.749478017631790783e+00 2.041692179043863931e+01
1.819416214223997770e+02 1.798247947274999925e+00 2.043337662179617453e+01
1.820569773526584072e+02 1.832282414626980271e+00 2.050219832374554585e+01
1.821442270749342356e+02 1.873356038045169480e+00 2.048130164409234055e+01
1.822392808899690806e+02 1.908692636267387055e+00 2.047232580739937191e+01
1.822678808298172441e+02 1.926877267646133429e+00 2.045872210371498312e+01
1.823448856158870512e+02 1.951734233177042865e+00 2.046063618393946015e+01
1.824310140105109213e+02 1.967006889645712686e+00 2.051032403761402279e+01
1.825475868855081103e+02 1.974508484712566236e+00 2.050241215832103236e+01
1.826329781593189239e+02 1.985165443637204374e+00 2.055142895389691660e+01
1.826880901095424008e+02 1.987387237031280618e+00 2.058594150668189471e+01
1.827587163666897823e+02 2.013902724391571031e+00 2.057095743996550752e+01
1.828098610770656194e+02 2.026442470675978047e+00 2.062533748485338592e+01
1.828706161738909657e+02 2.019751013106494852e+00 2.055751367758961479e+01
1.829283254318849856e+02 2.035912039234298199e+00 2.050931223498855260e+01
1.827994927078932790e+02 1.970031866567224954e+00 2.039751847582887123e+01
1.822187597246923190e+02 1.821578516405284232e+00 2.014125946826468905e+01
1.811643049246276576e+02 1.630267849536952474e+00 1.977050160723630157e+01
1.805470983691201923e+02 1.508168306934325020e+00 1.956937367331292421e+01
1.802413809888892899e+02 1.447348885887091763e+00 1.946169840284695596e+01
1.802430864500157384e+02 1.443626773479644854e+00 1.949125103657614488e+01
1.802619386625081859e+02 1.474144270537246282e+00 1.948872326850494829e+01
1.803524706585931199e+02 1.502925013603703785e+00 1.953236986079890514e+01
1.803759594305394103e+02 1.565641129950574584e+00 1.959236697490138468e+01
1.805183089335913280e+02 1.618952001961019516e+00 1.968426542607842933e+01
1.805812753928558436e+02 1.651011541851598707e+00 1.975451790734182822e+01
1.806144058441163338e+02 1.664785617799381390e+00 1.980189530450565272e+01
1.806179749691852123e+02 1.619993358958712548e+00 1.981636303895439966e+01
1.806038253788609609e+02 1.603163013224712330e+00 1.982098742896085142e+01
1.805866821044799337e+02 1.570540201769437649e+00 1.981229844352768055e+01
1.806395044601024722e+02 1.565152613562675210e+00 1.986466183713454825e+01
1.807625254037214120e+02 1.609477217925248338e+00 1.990489055320569278e+01
1.808937676782954327e+02 1.645361441279808545e+00 1.996220517340593403e+01
1.809756593667367213e+02 1.681148309055285894e+00 1.997020050033813732e+01
1.810064306836969479e+02 1.718807533235630070e+00 2.000684618340052623e+01
1.810991079795066412e+02 1.765093157119735245e+00 2.001441731816672487e+01
1.811533350370559674e+02 1.796179141219482966e+00 2.003329213106147222e+01
1.812426553038797863e+02 1.819062917781474997e+00 2.008874830279671286e+01
1.814036536158035915e+02 1.812901700419498274e+00 2.011259346570215101e+01
1.815639513152564746e+02 1.798364426271402916e+00 2.014630283495969465e+01
1.816696394888136581e+02 1.815053954114229429e+00 2.016463871518451612e+01
1.817568718261646552e+02 1.831621787483201924e+00 2.019379671111991925e+01
1.818288106451371675e+02 1.847848876325383305e+00 2.019221468295981836e+01
1.818712994014370281e+02 1.881704278951549902e+00 2.023763106060210859e+01
1.819463848918049109e+02 1.894499583631050088e+00 2.023984763851873581e+01
1.820647310291354017e+02 1.939961162077915802e+00 2.029383999958276164e+01
1.821334571139981620e+02 1.962483332203313280e+00 2.030158324510484036e+01
1.822171585731149150e+02 1.982392548125818221e+00 2.036676454379349366e+01
1.823485660044748897e+02 2.001270838005531960e+00 2.038199721493504057e+01
1.823766513505478883e+02 1.973578391233825391e+00 2.037115771429962052e+01
1.820516714735983896e+02 1.870927364045541497e+00 2.020081326678383959e+01
1.810290988871909690e+02 1.649135708461764382e+00 1.978037798303579109e+01
1.801808814504590543e+02 1.451436081716100723e+00 1.948071055664790663e+01
1.799066707695089349e+02 1.386607697001622119e+00 1.938280039846247860e+01
1.797719028321781138e+02 1.356083245974086138e+00 1.938288732308665985e+01
1.798275832694437213e+02 1.349104937144804284e+00 1.944261323236169048e+01
1.798840025660149138e+02 1.368259647329414852e+00 1.948262637536486608e+01
1.799880617721149179e+02 1.390863526601542777e+00 1.952133217202035453e+01
1.800616452049769691e+02 1.477861167467242387e+00 1.958861530812171381e+01
1.801990626048528270e+02 1.547413036259737806e+00 1.967889348430401952e+01
1.803625539149981591e+02 1.571998796963201439e+00 1.972715577414200894e+01
1.803178416268117132e+02 1.586443931009664299e+00 1.971014462518971300e+01
1.802080141026510205e+02 1.581033742400614672e+00 1.969138629129136930e+01
1.801720203542699892e+02 1.545123441658800001e+00 1.962869972931672180e+01
1.801556315856268498e+02 1.538981347714143189e+00 1.963218366825390859e+01
1.802364662706380898e+02 1.549631352668846773e+00 1.968327970084021317e+01
1.803825326706200087e+02 1.577169073609510308e+00 1.972884906582106268e+01
1.805061812100255452e+02 1.596382892538564136e+00 1.976318776935767829e+01
1.805517975143034448e+02 1.611554716443183377e+00 1.979091498597905741e+01
1.806516043677885079e+02 1.639629631561287937e+00 1.984046897573238510e+01
1.807581426641701796e+02 1.649799812590510228e+00 1.988538988301684185e+01
1.808565048304013771e+02 1.676249237236422829e+00 1.994100773455306097e+01
1.809532467216378109e+02 1.703672217673166900e+00 1.996138112796869279e+01
1.810260617408220583e+02 1.717628835331730386e+00 2.001438776379450246e+01
1.811174664601337554e+02 1.744502452143648075e+00 2.006416775757070070e+01
1.812315880607290239e+02 1.765870263259916806e+00 2.010379495524250970e+01
1.813211795323802846e+02 1.785463073550401569e+00 2.015252489955859616e+01
1.814379957963251684e+02 1.806309336921581910e+00 2.021181270872775215e+01
1.816059306932586423e+02 1.835093556973006468e+00 2.024757349911597615e+01
1.817884237262500164e+02 1.872144308784081002e+00 2.027541893322624134e+01
1.819614663141003916e+02 1.892114371943512952e+00 2.033212334256472786e+01
1.820686826225506820e+02 1.916244647616266006e+00 2.037988668505991541e+01
1.821978247982044934e+02 1.953665698326353395e+00 2.040317553037059284e+01
1.824230795308156416e+02 1.977799450984073726e+00 2.044004547896337343e+01
1.824619209298848546e+02 1.964772926804250863e+00 2.042998482296061624e+01
1.821388620871297803e+02 1.865941367602497181e+00 2.022669941986505648e+01
1.813240341370384101e+02 1.663067987225557154e+00 1.990253315739789386e+01
1.805998077227312990e+02 1.536168466875633465e+00 1.964354819361938453e+01
1.802806813499741736e+02 1.464114907399197918e+00 1.957355127075108214e+01
1.802062008549906125e+02 1.458141447225453025e+00 1.957107565745439359e+01
1.802655008336071489e+02 1.508816764630718010e+00 1.964877931750261908e+01
1.803488824101069099e+02 1.527166552795409027e+00 1.969939378767096017e+01
1.804433851230244272e+02 1.561972910810120130e+00 1.975994548087571445e+01
1.805932449136056164e+02 1.608032530671353655e+00 1.985907432229216596e+01
1.807922831795636682e+02 1.670414856461368114e+00 1.994362764272588606e+01
1.808817147099064471e+02 1.696716509246172233e+00 2.000720431285215284e+01
1.808941466696568625e+02 1.687794565820194714e+00 2.002161293855645852e+01
1.808584571574604922e+02 1.698960903042535664e+00 1.999988178251111393e+01
1.808979539681960205e+02 1.689207960209384130e+00 1.997138093673451920e+01
1.809924271267413189e+02 1.712409880895879866e+00 1.998962641535019458e+01
1.811309536848217476e+02 1.729871299401437135e+00 2.000734165375835971e+01
1.812905420793413214e+02 1.740662122247314425e+00 2.005348472125880832e+01
1.814656204418900245e+02 1.789322526864055130e+00 2.013288862695602077e+01
1.816268586657765525e+02 1.834970124006668923e+00 2.016839733593411665e+01
1.818244035666911884e+02 1.868225746725983960e+00 2.022695323976766701e+01
1.819563655771534343e+02 1.890523651320993537e+00 2.024076903953505635e+01
1.821094572252616786e+02 1.921049840841013046e+00 2.033827760595676892e+01
1.822129479443195521e+02 1.930592426083645785e+00 2.038507782361602949e+01
1.822918285637792053e+02 1.950677229746997199e+00 2.040920636079630057e+01
1.823597271262197808e+02 1.952815575501859247e+00 2.040780165886952702e+01
1.824465943801492074e+02 1.991140642303433017e+00 2.043129912327824016e+01
1.825328270843220935e+02 2.001486411073501781e+00 2.045426460898696419e+01
1.826312587902526161e+02 2.015867220898070578e+00 2.046332041633418086e+01
1.827110625492210545e+02 2.044074261444930762e+00 2.047547421728722128e+01
1.828449907946823032e+02 2.072288255961725500e+00 2.054924193035251534e+01
1.830000156464323595e+02 2.119672607095483219e+00 2.059243129912327674e+01
1.831518242870876918e+02 2.144458294434564039e+00 2.062829466056803440e+01
1.833057017337985428e+02 2.192360716328443093e+00 2.066892322991041553e+01
1.833863782159937728e+02 2.191581871695777561e+00 2.068152730041671816e+01
1.831676567381360883e+02 2.095834398159979628e+00 2.057083574549165306e+01
1.824679187289533786e+02 1.853731934889979449e+00 2.030704037301094900e+01
1.819748892145664740e+02 1.760774741790403830e+00 2.011531594493151331e+01
1.816216466653106352e+02 1.698366338613134907e+00 2.000468697573586141e+01
1.815581360578987642e+02 1.702570013438546859e+00 1.997503350944262124e+01
1.816010090210374983e+02 1.751517269315086223e+00 2.002137302659371798e+01
1.816902023779100261e+02 1.773168454706186115e+00 2.008124844622234306e+01
1.818485042879917160e+02 1.816870678759620272e+00 2.016633896083350308e+01
1.820325480562784719e+02 1.869178440607011993e+00 2.025057413714271703e+01
1.821395035908562363e+02 1.910295526337291827e+00 2.030758973663577294e+01
1.822031550161592861e+02 1.922045997034131926e+00 2.035610410788389046e+01
1.821636077891417358e+02 1.909721823817694730e+00 2.033066996284841466e+01
1.820879851045964131e+02 1.888835575119391041e+00 2.029690322333891217e+01
1.819936666718821527e+02 1.884802272557374536e+00 2.025239260028059363e+01
1.819800855686000318e+02 1.878133415390178529e+00 2.027776242109417382e+01
1.820569217208989414e+02 1.898849291825086771e+00 2.029682151419218172e+01
1.821196865150353403e+02 1.927788237707554364e+00 2.032715994652397029e+01
1.822403274624442133e+02 1.934895194980624566e+00 2.039469690252794365e+01
1.823592977185763004e+02 1.974911814968767887e+00 2.042991528326127337e+01
1.824809974079076937e+02 1.991417062608329847e+00 2.046291708607797943e+01
1.826103342947196779e+02 2.020112619543089405e+00 2.048709777803275500e+01
1.826935576684034288e+02 2.032106479187637316e+00 2.054081545728437064e+01
1.828058538518908733e+02 2.066511245438630517e+00 2.061056203723503089e+01
1.828998558789731135e+02 2.073150548233604784e+00 2.066299323204876259e+01
1.830195232705911508e+02 2.094502712917520881e+00 2.065299863876038700e+01
1.830873366469000132e+02 2.115766214484771535e+00 2.060491367515572492e+01
1.831366124778559481e+02 2.116179975695875015e+00 2.058681944538612640e+01
1.832325477085799719e+02 2.145977736865254837e+00 2.059816658582676752e+01
1.833625973773102373e+02 2.178459730429355368e+00 2.063095107708301867e+01
1.835076884830088488e+02 2.171745672457585208e+00 2.072901769959197438e+01
1.836563643602086984e+02 2.178442345504519206e+00 2.080794525834867414e+01
1.837564424185212033e+02 2.170219276056959856e+00 2.085963933234934586e+01
1.836333693201277413e+02 2.132408803030540145e+00 2.081448025159463100e+01
1.831142398180841440e+02 1.934860425130952022e+00 2.053810514750239591e+01
1.822498700476868407e+02 1.742583156441723125e+00 2.015412778962850027e+01
1.817231120406250966e+02 1.613421857370599621e+00 1.994212732371251562e+01
1.815135419872012221e+02 1.588312810429564070e+00 1.984881200116131339e+01
1.814860233896778823e+02 1.594972975134341997e+00 1.986402381039305709e+01
1.815461873990587662e+02 1.599466978204519663e+00 1.987225035682558172e+01
1.815526771915001518e+02 1.656013184726995879e+00 1.995277732866722076e+01
1.815902547065337842e+02 1.704421507933610469e+00 2.001698507156504192e+01
1.816318585701594657e+02 1.744780610941028653e+00 2.008787905655490036e+01
1.817092301781433150e+02 1.785376148926220097e+00 2.017649697241533957e+01
1.818116343393989212e+02 1.799744789303403536e+00 2.018429411120440875e+01
1.817833629746301654e+02 1.787316306537948707e+00 2.015411214319614785e+01
1.817305319265452113e+02 1.768723129425549878e+00 2.012415617921075750e+01
1.817071770185201558e+02 1.764736766160591497e+00 2.009819179396777855e+01
1.817427065894080727e+02 1.797197897814888812e+00 2.011844696989452430e+01
1.817972361446495313e+02 1.812128071264283991e+00 2.017069736148995673e+01
1.818795276863620529e+02 1.839097305162801232e+00 2.018147427639596714e+01
1.819431391263379965e+02 1.852509774673989140e+00 2.023451394357896405e+01
1.820407311403989183e+02 1.888121054708620017e+00 2.028114031198986211e+01
1.821513931409517681e+02 1.898369467899605478e+00 2.034089577563711515e+01
1.822232832821347301e+02 1.905613766078882332e+00 2.040405520756731050e+01
1.822888557416322044e+02 1.936671934298892062e+00 2.041827607608338369e+01
1.823864860025277608e+02 1.966466218483304385e+00 2.045848740722969339e+01
1.824759731646300338e+02 1.955339866588086783e+00 2.050502337403144182e+01
1.825599719059614756e+02 1.957359994854062313e+00 2.053532529802107476e+01
1.826350417498969989e+02 1.981305990323550814e+00 2.057645803018370501e+01
1.827552585051398637e+02 2.000963124835929641e+00 2.057326268099879840e+01
1.828793399291738240e+02 2.012597116536366748e+00 2.060989967159876812e+01
1.830622223844815153e+02 2.020395993817920566e+00 2.062621890054258245e+01
1.831261658765218385e+02 2.053248286281034396e+00 2.066398243427194714e+01
1.831970233531695271e+02 2.064225127822659989e+00 2.067204382391852846e+01
1.831728965544817527e+02 2.053888051515009305e+00 2.059093967257232549e+01
1.827934079842005701e+02 1.939116254730872679e+00 2.041075709609169664e+01
1.819053199608491411e+02 1.728289271241335801e+00 2.005776836673846475e+01
1.811460177221923686e+02 1.560352635815378974e+00 1.974842970666416164e+01
1.807955324220155831e+02 1.495312155017897826e+00 1.962754710880007636e+01
1.805784625120173246e+02 1.489011858257230925e+00 1.960072043128521457e+01
1.804943681535992823e+02 1.549833017796947487e+00 1.960134802707180413e+01
1.804729603571558982e+02 1.582198532364645249e+00 1.961792281441071140e+01
1.805562602245089181e+02 1.618260081952535678e+00 1.965675899800247350e+01
1.806718821441175464e+02 1.675520808885782698e+00 1.974063256787509246e+01
1.809230630151370462e+02 1.714582996500414680e+00 1.988612352684493345e+01
1.810612940294952580e+02 1.734827741472259710e+00 1.992263708447856629e+01
1.811007960557082583e+02 1.750382033723277164e+00 1.996981107802180588e+01
1.811029969871925118e+02 1.745881076683164945e+00 1.994386755468862660e+01
1.810601118546063901e+02 1.721672568848648499e+00 1.993780021592076679e+01
1.810455711034733213e+02 1.719534223093786451e+00 1.993994899263053000e+01
1.811044051661042715e+02 1.715864265460848248e+00 1.992743184674841217e+01
1.811667996613416562e+02 1.720589488031348591e+00 1.994564777099186159e+01
1.812645776940983353e+02 1.758118325275420668e+00 1.999302864514065448e+01
1.814055138027610781e+02 1.797994127372390283e+00 2.004784157465695316e+01
1.815534716825651742e+02 1.817903343294895224e+00 2.006710754836051436e+01
1.816537096821861894e+02 1.858170306200681132e+00 2.006835578596376024e+01
1.817462409446272886e+02 1.902487956593319707e+00 2.008594932989807091e+01
1.818264393413895164e+02 1.927343183631745616e+00 2.008060694249588352e+01
1.819127728781264750e+02 1.952168856297949784e+00 2.010420176248367952e+01
1.821265413908982964e+02 1.928120289771927176e+00 2.017297826362847601e+01
1.822659806575326229e+02 1.931235668302588193e+00 2.022808325988202682e+01
1.823962146064661454e+02 1.927840392482063070e+00 2.029011441019034834e+01
1.825246318307542879e+02 1.940847793244565800e+00 2.031731660208167156e+01
1.826537757449005710e+02 1.984054546940166253e+00 2.037898266896842969e+01
1.827576402398424307e+02 2.011609652805665949e+00 2.045068331447069099e+01
1.828268861339577995e+02 2.030574867309561160e+00 2.056083072124837585e+01
1.828864086396122559e+02 2.048509155770664947e+00 2.061252827223401596e+01
1.827082792227547827e+02 1.998245861084019692e+00 2.053025585393881514e+01
1.820438169645573510e+02 1.837661310371324630e+00 2.026252801146014093e+01
1.812128662351728394e+02 1.618694705073442597e+00 1.992281267221941121e+01
1.806587686953135403e+02 1.516234912058357809e+00 1.970403556260224676e+01
1.805347776728887368e+02 1.482899318684795631e+00 1.964826646221995077e+01
1.805577327276425592e+02 1.506156871130767572e+00 1.963678893484303956e+01
1.806167163006270755e+02 1.516787752668151246e+00 1.965262486287640442e+01
1.806019304220538118e+02 1.572123968422022511e+00 1.962819382800398316e+01
1.806758771998449333e+02 1.639400150553449009e+00 1.965211374608621853e+01
1.807862088868258752e+02 1.705761885638487518e+00 1.966254817797295118e+01
1.808862782526759645e+02 1.758344329298292319e+00 1.969951548214481463e+01
1.808806211981342358e+02 1.777526855362640879e+00 1.970424070471531408e+01
1.808385774959101866e+02 1.713906722924283477e+00 1.975460309347352705e+01
1.807957845034256934e+02 1.681682026247759421e+00 1.978390886127003867e+01
1.808142542475717676e+02 1.681186555889925716e+00 1.984346961375912599e+01
1.808739540794595371e+02 1.678398013946186706e+00 1.989049931242622193e+01
1.809423185578857272e+02 1.679545418985381122e+00 1.990786163686021126e+01
1.810371672308074835e+02 1.718006088200677572e+00 1.989169539525495978e+01
1.811921886055725679e+02 1.765938064466778368e+00 1.995922192030402798e+01
1.813708100158029026e+02 1.791580828600287445e+00 1.997293862599985204e+01
1.815246040148745408e+02 1.838120272387002263e+00 2.002243872248618217e+01
1.816513870562280601e+02 1.858698807915704077e+00 2.005623153938293868e+01
1.817647228582207219e+02 1.858488450325185060e+00 2.010571598943691995e+01
1.818809793275858908e+02 1.857304536943834572e+00 2.013590664990760004e+01
1.821201037532314331e+02 1.838786115008231858e+00 2.016922138137135789e+01
1.821541782059105401e+02 1.854578580729506321e+00 2.021009333966144439e+01
1.822417947501004107e+02 1.890819195043210277e+00 2.025289154762339550e+01
1.823350596563695660e+02 1.874216591824565237e+00 2.032975377730954492e+01
1.824194947593144036e+02 1.910361589051669640e+00 2.037339341563356854e+01
1.825002894589985374e+02 1.938591230000817012e+00 2.042686075196753848e+01
1.825506222933845208e+02 1.946800391508507255e+00 2.046278148366425498e+01
1.825904424637220131e+02 1.938203546176967995e+00 2.048039588950837242e+01
1.824889805653925237e+02 1.972587450518157759e+00 2.039631717752268258e+01
1.819959580049755630e+02 1.865802288203807002e+00 2.011912845894810786e+01
1.811668413851612627e+02 1.707489947167213362e+00 1.977694793736559120e+01
1.804396160713199038e+02 1.556103760185392870e+00 1.951666258120933151e+01
1.801700836736432336e+02 1.509705134289851980e+00 1.944412224383748011e+01
1.801056881735571835e+02 1.516327052159990085e+00 1.947528124462153798e+01
1.801482812394060602e+02 1.527218707569917733e+00 1.954416900928528733e+01
1.801937219559431185e+02 1.534409112482202131e+00 1.958296520754992542e+01
1.803028662525577488e+02 1.588069421481856258e+00 1.966380684653109867e+01
1.804687462513755918e+02 1.643732473822649531e+00 1.974549339285931637e+01
1.806011515774211489e+02 1.681829798108867902e+00 1.977807969597243343e+01
1.805913551722759109e+02 1.667732362559130488e+00 1.978090126927336101e+01
1.805606081942104595e+02 1.652268471917261561e+00 1.971490635610236808e+01
1.804853940553988139e+02 1.635326862664309377e+00 1.969919038405037526e+01
1.804645164991629258e+02 1.629676762092518993e+00 1.971700297803762325e+01
1.804992463635083482e+02 1.617622055211044296e+00 1.977340662817644201e+01
1.805953293660934946e+02 1.634681881952883442e+00 1.979509258341721534e+01
1.806976848495595505e+02 1.671689171451867129e+00 1.985758964971114793e+01
1.807670194067916043e+02 1.681294342423910626e+00 1.988805325350175934e+01
1.809394882921223768e+02 1.709656108801813623e+00 1.996016244473766932e+01
1.810160549780863164e+02 1.742925639460997767e+00 1.997186945312241946e+01
1.811270281687937143e+02 1.782146029891639838e+00 2.000111611217448981e+01
1.811969764138724770e+02 1.803833723624895802e+00 2.002619560474330385e+01
1.812689239253074049e+02 1.821355989367380079e+00 2.002111746819862503e+01
1.813374483450420769e+02 1.828968847953185817e+00 2.003183701285267659e+01
1.814450279984214376e+02 1.850950346916175215e+00 2.003666132949474132e+01
1.815561333145576270e+02 1.884661454666200830e+00 2.004002705094304559e+01
1.816986444974105268e+02 1.908014624198772324e+00 2.008509051461116002e+01
1.818372979654422466e+02 1.932868112744714484e+00 2.013196896443218264e+01
1.819482537712248131e+02 1.965908162396059922e+00 2.016763587622628862e+01
1.820804487396798663e+02 1.963948881367011401e+00 2.023212873189142869e+01
1.821940296691127230e+02 1.977573446961202075e+00 2.027043815226064893e+01
1.822508088336280139e+02 1.980186401164094612e+00 2.032462870146780887e+01
1.821610469897133271e+02 1.946605680350341094e+00 2.027293636595962312e+01
1.817312151540912737e+02 1.806630958031052891e+00 2.008883870440586250e+01
1.809606909464527007e+02 1.611479961266387484e+00 1.975664234515681983e+01
1.804968802752381407e+02 1.496652532722774875e+00 1.960613235838674839e+01
1.802893564274674816e+02 1.446968156033177300e+00 1.955007466825217222e+01
1.803016493078192184e+02 1.449089116863203186e+00 1.957648584606344500e+01
1.803659996071006901e+02 1.473758325205881015e+00 1.959698788792286805e+01
1.803835236113356757e+02 1.541945477398728448e+00 1.959446881231409066e+01
1.804616775409371598e+02 1.610704593618689451e+00 1.961489783748919891e+01
1.806030778270930170e+02 1.658580938125314042e+00 1.973487989624676686e+01
1.806974258141794962e+02 1.704517125020210022e+00 1.977690447505350235e+01
1.806862803388669647e+02 1.711893548628242501e+00 1.974361408248451610e+01
1.806726505577953219e+02 1.697476230461517632e+00 1.969675997155826153e+01
1.806478405315614566e+02 1.672101194170487082e+00 1.965705280323220450e+01
1.806361091842819349e+02 1.674661993598870691e+00 1.966713953662221215e+01
1.806550761372783143e+02 1.678290227412201796e+00 1.965304210107247584e+01
1.807181764604640648e+02 1.686735823897665298e+00 1.968633249364146209e+01
1.808266531759649922e+02 1.705638452672149974e+00 1.977873858462372780e+01
1.808903411096102047e+02 1.728231900989376069e+00 1.986272167952281720e+01
1.810638617828935821e+02 1.729777420807321109e+00 1.995569799603971362e+01
1.811607653539309979e+02 1.759917664995975350e+00 2.003235508361279571e+01
1.812576845714007447e+02 1.788154259915057276e+00 2.008676642136537893e+01
1.813991057194664336e+02 1.818723911747167632e+00 2.010303175704219925e+01
1.815268136388212383e+02 1.838859131692544224e+00 2.013189768624035381e+01
1.816286371435872979e+02 1.861748123731987059e+00 2.007582434967342522e+01
1.817350606994650661e+02 1.882436184287157310e+00 2.011631557810959947e+01
1.818535076693596011e+02 1.908977749034701965e+00 2.015366361213537161e+01
1.819181726357806212e+02 1.921214997626957688e+00 2.017134929617131789e+01
1.820246431309554112e+02 1.933765174866266534e+00 2.024197381482620983e+01
1.821862725156507850e+02 1.972922979567497848e+00 2.029597660684514082e+01
1.822942885306435414e+02 1.989172668811966416e+00 2.033481626742186776e+01
1.824231212546352481e+02 2.018464528668610480e+00 2.037277103532442979e+01
1.826314378549784294e+02 2.022402214144026988e+00 2.040368317017581390e+01
1.826060993270295683e+02 1.984184933876438350e+00 2.034647112103210986e+01
1.821850660018671419e+02 1.857462739759844661e+00 2.014801872704103403e+01
1.815455771881970293e+02 1.683317947674853210e+00 1.987112902917364110e+01
1.811107906489966410e+02 1.610937551611495655e+00 1.972076681426467815e+01
1.809789798873804614e+02 1.556571414663488806e+00 1.967111373043978517e+01
1.809835990619094446e+02 1.578796302574185795e+00 1.969303090518087984e+01
1.810525076884830185e+02 1.596488940580065297e+00 1.974844361460403164e+01
1.811722237578905776e+02 1.627710527093536141e+00 1.982516850338397418e+01
1.813581520520295953e+02 1.674356018921752121e+00 1.989637541702088441e+01
1.815014698953949051e+02 1.712729763512867542e+00 1.998871370679628967e+01
1.815980466298453848e+02 1.757226478631319644e+00 2.002120613131529225e+01
1.816330755148980245e+02 1.781454109883156001e+00 2.002943441624030285e+01
1.816363682196619891e+02 1.764498592690334489e+00 2.002925882849945438e+01
1.815975216051153325e+02 1.767177609607604838e+00 2.000021731156045490e+01
1.816091329964134786e+02 1.781473233300475911e+00 2.002783326466288116e+01
1.816940618312236779e+02 1.794098165716580429e+00 2.008720278297876760e+01
1.817874258315644056e+02 1.818675233957625981e+00 2.012618499993915222e+01
1.818785002373042232e+02 1.851174612446563117e+00 2.019234680838857443e+01
1.819976860665042864e+02 1.870397123838035025e+00 2.027400206185208731e+01
1.821244673693653340e+02 1.934938657292715192e+00 2.026921773053714304e+01
1.821986818749989254e+02 1.970304809887154507e+00 2.028640099024531906e+01
1.823281665336720039e+02 2.018464528668610480e+00 2.029567237066050467e+01
1.823963641168197398e+02 2.062895181072684547e+00 2.032688004923410574e+01
1.824562412749408509e+02 2.064529364007294809e+00 2.031863090239929193e+01
1.825889786530507877e+02 2.050543191976509583e+00 2.039113646992147366e+01
1.827722314072575216e+02 2.067735144147104354e+00 2.046055621328521212e+01
1.829081363186726321e+02 2.066958038006922571e+00 2.048098349996783796e+01
1.830354009224441256e+02 2.086858561467009654e+00 2.054316068364478554e+01
1.831216614424967588e+02 2.108694027061373877e+00 2.056241448790096271e+01
1.831851285875965516e+02 2.133994308175608534e+00 2.055258852838349881e+01
1.832499986961306320e+02 2.150718605868107591e+00 2.054707055324046294e+01
1.832169238766296075e+02 2.126737840548946323e+00 2.050497991171935297e+01
1.829153475854947146e+02 2.036433586979386590e+00 2.037200783712411578e+01
1.822001074388354880e+02 1.882359690617877668e+00 2.006737006072554408e+01
1.814807940042871337e+02 1.694675519070393266e+00 1.985912995405164239e+01
1.810576675341744135e+02 1.589973070751428574e+00 1.973291713823275373e+01
1.809187585077475831e+02 1.564297275260730480e+00 1.972304771640319743e+01
1.809082441052066201e+02 1.557797051864446169e+00 1.976219856713449374e+01
1.809642374711193042e+02 1.582440182819869534e+00 1.983352369826029005e+01
1.810531891775365807e+02 1.667621099040178301e+00 1.987624193556799312e+01
1.811612816861986346e+02 1.761621387629930480e+00 1.993597132182798859e+01
1.812863749128580650e+02 1.840317726886307792e+00 1.996430527232615404e+01
1.813168350396637152e+02 1.857029855131421270e+00 1.997721357901709283e+01
1.812413966353216495e+02 1.812543570967870998e+00 1.996850199318163277e+01
1.811521076613625212e+02 1.751131323983720733e+00 1.995887596029978539e+01
1.810549989482120452e+02 1.717154226883700119e+00 1.992382621333736736e+01
1.810041150117087341e+02 1.694449515047521615e+00 1.988641559358218203e+01
1.810850261903892715e+02 1.724116889280629117e+00 1.994804341363430211e+01
1.811890401956847256e+02 1.748346259024949001e+00 1.999198033417302511e+01
1.813102704920455324e+02 1.784578180876234876e+00 2.003965849053651738e+01
1.813903350248865252e+02 1.836018434974296287e+00 2.003825726559471221e+01
1.814970124006668755e+02 1.865551945286164637e+00 2.002445885075215770e+01
1.815626422304163157e+02 1.890344586595179788e+00 2.004041647325937703e+01
1.816517660475894900e+02 1.909958258795467989e+00 2.008440033309516082e+01
1.817781179428070857e+02 1.920071069572730771e+00 2.009996679479356274e+01
1.818673651929465791e+02 1.921383631397869607e+00 2.012757231694108739e+01
1.819558561988557130e+02 1.921390585367804160e+00 2.015266050197232062e+01
1.820490533039180434e+02 1.899010971626064137e+00 2.017428908696113155e+01
1.821397713186987062e+02 1.927056332371946956e+00 2.018844041577786186e+01
1.822334743250737574e+02 1.940091549014187899e+00 2.025884240739485165e+01
1.823018892197819696e+02 1.959677405334738109e+00 2.029826098596862849e+01
1.823674877566666908e+02 1.962648488989257922e+00 2.031585626839542513e+01
1.823109728430089262e+02 1.938632953820424110e+00 2.030270109577181259e+01
1.818585319126372895e+02 1.829342623837165949e+00 2.011407466129820065e+01
1.808919248762628058e+02 1.617622055211044296e+00 1.973157502203539337e+01
1.800567704720528752e+02 1.420117139623546798e+00 1.940310077519379917e+01
1.796654549374055705e+02 1.317834672841792010e+00 1.927422111190502108e+01
1.795460152883028968e+02 1.301395487916608085e+00 1.921790090940541873e+01
1.795098789835382149e+02 1.313921326261145994e+00 1.919787173750154352e+01
1.794326725323403195e+02 1.366084793232396510e+00 1.921477509991985499e+01
1.793531851790038729e+02 1.413797719445559986e+00 1.921017678730066081e+01
1.793682613858219099e+02 1.486235485760877273e+00 1.927238178685734482e+01
1.795012873536841198e+02 1.520209105875930833e+00 1.929692408524871894e+01
1.795263338148957644e+02 1.530363640472800490e+00 1.929290816761153593e+01
1.795259635159967502e+02 1.517879525947869457e+00 1.939749587542658205e+01
1.795007275591044049e+02 1.503403099036701329e+00 1.940587367070518354e+01
1.794599599103633238e+02 1.493205102127741046e+00 1.942696506151655811e+01
1.794342597759778641e+02 1.481322506002145323e+00 1.945414117602062376e+01
1.794782436358136408e+02 1.485016802529854241e+00 1.947798112344861110e+01
1.795764145678716091e+02 1.505770925799402304e+00 1.948841207835037892e+01
1.797236283728927333e+02 1.535287051186434271e+00 1.955058230805738972e+01
1.798589926131454320e+02 1.560966323662099642e+00 1.961227619082388784e+01
1.799465013708013146e+02 1.571910133846536217e+00 1.964307010818638588e+01
1.800523859940091427e+02 1.593543934312799948e+00 1.966852511513166490e+01
1.801425250907927591e+02 1.624132709562230215e+00 1.967429343319234292e+01
1.802357917355544430e+02 1.644829462579818546e+00 1.970708835540349568e+01
1.803199990959839170e+02 1.656134879200849674e+00 1.975315666772714707e+01
1.804233611665979993e+02 1.682318314496767275e+00 1.978491197143309321e+01
1.804810704245920192e+02 1.710097685892655095e+00 1.979853653702728167e+01
1.805848862417443286e+02 1.713955400713824906e+00 1.980528362635624262e+01
1.807309491647412756e+02 1.718011303678128598e+00 1.980428051619318808e+01
1.808514145244093072e+02 1.723418015302210948e+00 1.982839166844862078e+01
1.809614471906830602e+02 1.761030300185497222e+00 1.985830069313695390e+01
1.809829262653182980e+02 1.749684898237342523e+00 1.992775694484284799e+01
1.807687179139481088e+02 1.696487028238333306e+00 1.984847994909694080e+01
1.801215606099327147e+02 1.534629901027622978e+00 1.960572902813054696e+01
1.791366385552431950e+02 1.333354195243136919e+00 1.927219576816159474e+01
1.785697648341217416e+02 1.226791559966690537e+00 1.908408392746314064e+01
1.783136083976141038e+02 1.183330986368480442e+00 1.900749116411195061e+01
1.782551568033295553e+02 1.185594503582163783e+00 1.898443006131662969e+01
1.782205295100406772e+02 1.204662289142592879e+00 1.896344124156179234e+01
1.782720462578080003e+02 1.226073562570952236e+00 1.897715968575009882e+01
1.783569559692008681e+02 1.259504773031113745e+00 1.903246982411671695e+01
1.785170537420181347e+02 1.307907880760277530e+00 1.913078505105083238e+01
1.786830554353098250e+02 1.369824290564679803e+00 1.922866043938659075e+01
1.787066241779103564e+02 1.381997214935041240e+00 1.923680353817990252e+01
1.786911811491783055e+02 1.337681303034886415e+00 1.920340883606189664e+01
1.785911639381027101e+02 1.335927164118905885e+00 1.919607239778098773e+01
1.785875322273044219e+02 1.338442762742715342e+00 1.917954454973913769e+01
1.786638590013056103e+02 1.339724031703148910e+00 1.914510327514598842e+01
1.787775877025995612e+02 1.340052606782554667e+00 1.917890826149013250e+01
1.789508354325629966e+02 1.361366524631830721e+00 1.922790071817124513e+01
1.790997929455452038e+02 1.390032527194368761e+00 1.928360027885419470e+01
1.792245888899899455e+02 1.425953258891085262e+00 1.931346410273795300e+01
1.793118420892507174e+02 1.458254449236888739e+00 1.934026122588058882e+01
1.793646157670837340e+02 1.472772599967663965e+00 1.936750688008400445e+01
1.794700431667683631e+02 1.493092100116305110e+00 1.941326400225308646e+01
1.795926399182213231e+02 1.529713444283923529e+00 1.942542128019109526e+01
1.796616632852987721e+02 1.528628624974139871e+00 1.945566235694380097e+01
1.797970622954011617e+02 1.568893849387442252e+00 1.942748660926164561e+01
1.799427618734690384e+02 1.595567539563742754e+00 1.946146370636166623e+01
1.801175133994308055e+02 1.627227226183087572e+00 1.949654474618878908e+01
1.802893911973171726e+02 1.657370947356709090e+00 1.952934836086236103e+01
1.803745495131351788e+02 1.686911411638511771e+00 1.960163487833160190e+01
1.804635655437743651e+02 1.687716333658431322e+00 1.966928135936204214e+01
1.805463786332319671e+02 1.715316640328505615e+00 1.973389417100855070e+01
1.805613435765310442e+02 1.716165024660515792e+00 1.975533847579410107e+01
1.803396892618534650e+02 1.629355140983048011e+00 1.965361406509958897e+01
1.796027092666864746e+02 1.470270909283723615e+00 1.938691541017122333e+01
1.786679166427624068e+02 1.282228608284612159e+00 1.903477506515000428e+01
1.782905125249691025e+02 1.212362072352580089e+00 1.885495409510597042e+01
1.781684929530207171e+02 1.187783265619051010e+00 1.884977860298220875e+01
1.782227739038370373e+02 1.202550020774985073e+00 1.887587859063891216e+01
1.783174400350480084e+02 1.227034948914398349e+00 1.890778514319093517e+01
1.783539518541891482e+02 1.262034279594792086e+00 1.896480074268398752e+01
1.784568445318326724e+02 1.301659738774119335e+00 1.903095212017850812e+01
1.785743666237258935e+02 1.360970148345563624e+00 1.907837819513187227e+01
1.786996702079758563e+02 1.387250939220564305e+00 1.913685934378862541e+01
1.786912802432498779e+02 1.379596356815151248e+00 1.913525471522623889e+01
1.786235085907606219e+02 1.345740954188984650e+00 1.911063940015055351e+01
1.785433814721901911e+02 1.336036689145374545e+00 1.908503488285168359e+01
1.785025425452573131e+02 1.325245866299497033e+00 1.903907261856953426e+01
1.785204264174363971e+02 1.327283379490308723e+00 1.906321854067464017e+01
1.785991175412153211e+02 1.353186917496362218e+00 1.910376018539284004e+01
1.787163788592360163e+02 1.378243809662888841e+00 1.916782189492203869e+01
1.788196400972860260e+02 1.406859395943401703e+00 1.919817075820872532e+01
1.789070132525282020e+02 1.443625034987161326e+00 1.923108215941628529e+01
1.790245857607034736e+02 1.462317306171126763e+00 1.926983837235379582e+01
1.791176820332017314e+02 1.484050200708957323e+00 1.932328832376293093e+01
1.792213257395981714e+02 1.485773046760232363e+00 1.934819049009841763e+01
1.792768601434951563e+02 1.472932541276157803e+00 1.936483829412163615e+01
1.793615021270455543e+02 1.483069690948191077e+00 1.942368452619995267e+01
1.794321109992681045e+02 1.483306125925964558e+00 1.943408592672949453e+01
1.795508674208247157e+02 1.513905332130296433e+00 1.944734888588709154e+01
1.796903032104740703e+02 1.551978317521744088e+00 1.947008662908045906e+01
1.798085971930300389e+02 1.562930820168598967e+00 1.951376451423912428e+01
1.799530641799270256e+02 1.597130444306523955e+00 1.959275813571019853e+01
1.800680428573166978e+02 1.635758008800249019e+00 1.961786196717378417e+01
1.800721317916381849e+02 1.623100045026955263e+00 1.960146972154565859e+01
1.798748928654007102e+02 1.540895427938617335e+00 1.950603865364188039e+01
1.791728478766922024e+02 1.360966671360596347e+00 1.922456107411019488e+01
1.783061867732014889e+02 1.175500816222221134e+00 1.890156307859203011e+01
1.778815773690002402e+02 1.103949681073553846e+00 1.876736536679583622e+01
1.775489828949724540e+02 1.107703086345706245e+00 1.871828250850557396e+01
1.774151050657932558e+02 1.148152590962272956e+00 1.873993717088164246e+01
1.773383071603289807e+02 1.174169130979762166e+00 1.872571456387308331e+01
1.773315583325075409e+02 1.188927193673278149e+00 1.871484377037295843e+01
1.775149049653083750e+02 1.248037676609105251e+00 1.879213366921008088e+01
1.776847626349287452e+02 1.314628892701982465e+00 1.887378023021117457e+01
1.777694619887310807e+02 1.308758003584771457e+00 1.889875019775352172e+01
1.777457333048220676e+02 1.289801481543294548e+00 1.894839632760847792e+01
1.776746515626439589e+02 1.279992906950666809e+00 1.892678165055953343e+01
1.776303460816987183e+02 1.262056879997079273e+00 1.893118003654311110e+01
1.776326930465516227e+02 1.253628668436451932e+00 1.886533289523322665e+01
1.776771150064932669e+02 1.255923478514840541e+00 1.884989160499364758e+01
1.777946440523564320e+02 1.266390941758763322e+00 1.887060574293607118e+01
1.778851412785916750e+02 1.304027565536820310e+00 1.890445940706975492e+01
1.780204238096976610e+02 1.326349809026600601e+00 1.895014698953949051e+01
1.781323201399138725e+02 1.350742597064381600e+00 1.897640865699717239e+01
1.782267602671019802e+02 1.362107122429856210e+00 1.908949759305715688e+01
1.783222452282727488e+02 1.384740556074205875e+00 1.915808981399868927e+01
1.784085474721450169e+02 1.379532032593257185e+00 1.919699032181234344e+01
1.784920750820133719e+02 1.403378933991178856e+00 1.926104160038664048e+01
1.785844724805332362e+02 1.417804944620322027e+00 1.929817753832941207e+01
1.787811516121909960e+02 1.434405809346483318e+00 1.929635559820657065e+01
1.789448984807314105e+02 1.455243380255245356e+00 1.927818661326017846e+01
1.790906276131715060e+02 1.473363687412097445e+00 1.925872592839844799e+01
1.792207868069282313e+02 1.505943036555281500e+00 1.929861042295783591e+01
1.793154668460790901e+02 1.517752615996564636e+00 1.929830444828071734e+01
1.794231264701127202e+02 1.527382125863378848e+00 1.935589027330840395e+01
1.795215060212687206e+02 1.553362157538711985e+00 1.942032575872158162e+01
1.794123234778194558e+02 1.540490359189931935e+00 1.938438764210003029e+01
1.788949255142895254e+02 1.421188050993461571e+00 1.919360895393168676e+01
1.779507154765816495e+02 1.241662624671642234e+00 1.887697731788856714e+01
1.772916164676962012e+02 1.082357604426897213e+00 1.860151318385775099e+01
1.770025103831463582e+02 1.027186545458970812e+00 1.851187477290941885e+01
1.769675040984960219e+02 1.006359405505110383e+00 1.850736686189937430e+01
1.770201578203476629e+02 1.006726227419155739e+00 1.853182571265153200e+01
1.770875070191634109e+02 9.997983348718991747e-01 1.855816561227097594e+01
1.770707583825761446e+02 1.050631855093174583e+00 1.859245389952556593e+01
1.771459551364629590e+02 1.104486875250994871e+00 1.867055741284502446e+01
1.772974630179186306e+02 1.150412631190989021e+00 1.872747217977402912e+01
1.773501654175598219e+02 1.176163181858483231e+00 1.877113094151537354e+01
1.773344581379702447e+02 1.165043783933200183e+00 1.878622801024319600e+01
1.772431959750421981e+02 1.155537707032723738e+00 1.873702171898659685e+01
1.772008654215583476e+02 1.159762243767939127e+00 1.870148345563627856e+01
1.772071187790219540e+02 1.178494500279028134e+00 1.869365850096746939e+01
1.772957836341794575e+02 1.212887097082635757e+00 1.871477075368864718e+01
1.774513613265393133e+02 1.239712036105011794e+00 1.878460251977100626e+01
1.776536783893214704e+02 1.271203088953444915e+00 1.887140023400109001e+01
1.778528870275429483e+02 1.284182673836209654e+00 1.892756223368468227e+01
1.780341735467506794e+02 1.298351387577775906e+00 1.900357434054633998e+01
1.782487626279747701e+02 1.328385583724928765e+00 1.907834690226716745e+01
1.783777587702599590e+02 1.364304576929161739e+00 1.910099598234387130e+01
1.784775586697750782e+02 1.364302838436677989e+00 1.912116597213891822e+01
1.785964628631928122e+02 1.361270907545231168e+00 1.920508648130859797e+01
1.786857274982571653e+02 1.372279041951562029e+00 1.920955614548400447e+01
1.787578366894930753e+02 1.386289552877118192e+00 1.923945300072495002e+01
1.788272112320522353e+02 1.409827002612954239e+00 1.927194542524395260e+01
1.789722432290064091e+02 1.421172404561108937e+00 1.930737416356780400e+01
1.791375703872144243e+02 1.460239807653191502e+00 1.935905259113612331e+01
1.792939095392821116e+02 1.485581812587033257e+00 1.938248051584549003e+01
1.794475036117181332e+02 1.505369334035684403e+00 1.944228813426725111e+01
1.795430824514830306e+02 1.522232711126873417e+00 1.946489549052434498e+01
1.796104229578363345e+02 1.547333065605490887e+00 1.951409135082604607e+01
1.795175179195112776e+02 1.502502559930182224e+00 1.947227365262486387e+01
1.788930027416026576e+02 1.390846141676706393e+00 1.921492461027344589e+01
1.782094118506078644e+02 1.244313825709174592e+00 1.897084548104956170e+01
1.775767031576239106e+02 1.131544772266177112e+00 1.875125475695005761e+01
1.773504157604774605e+02 1.097983174869743506e+00 1.861962653704466675e+01
1.773176417001760967e+02 1.095763119968150789e+00 1.858111719003982998e+01
1.774043611822444291e+02 1.128345946096302121e+00 1.858743139474036354e+01
1.774905625935526245e+02 1.164963813278953264e+00 1.860460422349363796e+01
1.776931178298050611e+02 1.207727251391228718e+00 1.870491697829144329e+01
1.778306725705871543e+02 1.237478073263550193e+00 1.882608642741532989e+01
1.779580832077272419e+02 1.267049830410058142e+00 1.895379260827765933e+01
1.780295613261916117e+02 1.279577407247079801e+00 1.905503197956923600e+01
1.780387579514300000e+02 1.276536783893214899e+00 1.907950647675374611e+01
1.780003146671395484e+02 1.260429651032403786e+00 1.905647318983816518e+01
1.780267675687704241e+02 1.236297636867166982e+00 1.902371303747668208e+01
1.781533993612778488e+02 1.252053594246285373e+00 1.904985127196802708e+01
1.783209848212221118e+02 1.274306298036720353e+00 1.908328422092067100e+01
1.785155342995874435e+02 1.309578572037043864e+00 1.911708920726481153e+01
1.786806128533703202e+02 1.336539113473142804e+00 1.916627289811912505e+01
1.787282875327488512e+02 1.378134284636420404e+00 1.918888894683863811e+01
1.787915582281979994e+02 1.442308996177054992e+00 1.922382395329713844e+01
1.788659726604672073e+02 1.484632595690972501e+00 1.923686960089428055e+01
1.789285827287725681e+02 1.516146248941692809e+00 1.926047485183697816e+01
1.790242641395939813e+02 1.533282569352811375e+00 1.930098346519798724e+01
1.791394705594990455e+02 1.542873832384985766e+00 1.931534341311275327e+01
1.792061174073513996e+02 1.521511236746167839e+00 1.931585800688790755e+01
1.793038902246306066e+02 1.521386065287346767e+00 1.937492850449661219e+01
1.794790155264763598e+02 1.529412685084255985e+00 1.942569422351102304e+01
1.795648883627051760e+02 1.552484218834479845e+00 1.946450259122304516e+01
1.796575673970073694e+02 1.552477264864545292e+00 1.950297021440827905e+01
1.798167455073007943e+02 1.587706076552777956e+00 1.952622602836176569e+01
1.799152537069005859e+02 1.605164018073367949e+00 1.954987995709400650e+01
1.799893499950453020e+02 1.615313337192786580e+00 1.956904509823351646e+01
1.798896422356317828e+02 1.585221770793673990e+00 1.951502492128975419e+01
1.795092600802140339e+02 1.483278310046226567e+00 1.926595631863785485e+01
1.787656946755190575e+02 1.343845997381830415e+00 1.894921515756826480e+01
1.781898259942873040e+02 1.227528680779748749e+00 1.873063449760174848e+01
1.778794372847528962e+02 1.164261462315567597e+00 1.864428879141740936e+01
1.777998160674952430e+02 1.175027946266674395e+00 1.859763460712677485e+01
1.777486991729991246e+02 1.191182018424543410e+00 1.867906907204486799e+01
1.777497196680870104e+02 1.220694666826607877e+00 1.877218446796045370e+01
1.778350066323488363e+02 1.263037389757845297e+00 1.883391485906910745e+01
1.779789433790382986e+02 1.305849505659662180e+00 1.891661668500776372e+01
1.781041843775588518e+02 1.338190681332589227e+00 1.898089396760493131e+01
1.781310353939684603e+02 1.342276138669114438e+00 1.894787999534084122e+01
1.780840213417337168e+02 1.323383940849531815e+00 1.888982130035760676e+01
1.780322264351690080e+02 1.303132241907752009e+00 1.884952999855705258e+01
1.780248152417113090e+02 1.299483146184617466e+00 1.883470239616418951e+01
1.781361448233778617e+02 1.319265452155817586e+00 1.888121402407116634e+01
1.782079984562186610e+02 1.337978585249586683e+00 1.896625064541533590e+01
1.783282986591007386e+02 1.335529049340155261e+00 1.907845642729363789e+01
1.784972384046897673e+02 1.340064776229940025e+00 1.917120847828014263e+01
1.786368810749446823e+02 1.354784592088816186e+00 1.922486009481738023e+01
1.787802041337874357e+02 1.385602848346085159e+00 1.930256201637312330e+01
1.789310513880993199e+02 1.405931040957144385e+00 1.930616243430671375e+01
1.790642929290295342e+02 1.409635768439755132e+00 1.931849182300060264e+01
1.791932664709124197e+02 1.453572688978479244e+00 1.934829479964743371e+01
1.792839236384561445e+02 1.476539913179685470e+00 1.936198368946351778e+01
1.793982764585517202e+02 1.496915045087802598e+00 1.938260047182685852e+01
1.795434805662617634e+02 1.510266667362063719e+00 1.939980807042980615e+01
1.796741804311809005e+02 1.551402876509663464e+00 1.943699616314708933e+01
1.799201127933923487e+02 1.548821215171476195e+00 1.942291089704473706e+01
1.799760696509628701e+02 1.561188850700004016e+00 1.945928711377216302e+01
1.800462717159442434e+02 1.579168339965682177e+00 1.950087011548805549e+01
1.800964341780668292e+02 1.607071144327907541e+00 1.955000860553779418e+01
1.800949199511135816e+02 1.613298424404262077e+00 1.956968312497500762e+01
1.798854646381936391e+02 1.583457200922791852e+00 1.946109688444762043e+01
1.791540478189742487e+02 1.442481106932934187e+00 1.919914779098452584e+01
1.781219222163692848e+02 1.246639928652268470e+00 1.884534197016399304e+01
1.776102508470804651e+02 1.125411370783938381e+00 1.865834276465505681e+01
1.774424671989930573e+02 1.069233724667991492e+00 1.860761703096776642e+01
1.774318380559481625e+02 1.074704760513967905e+00 1.860608368059720519e+01
1.774670651291439185e+02 1.085262625367039213e+00 1.865989523844293529e+01
1.775366604602484983e+02 1.100126736102056357e+00 1.869162446476162742e+01
1.774531832666621369e+02 1.105773359688879465e+00 1.873650190973399177e+01
1.774324187124377090e+02 1.134390684461875631e+00 1.881668466006387064e+01
1.775344821291665198e+02 1.170149736357614767e+00 1.887931559027904527e+01
1.775550450182628595e+02 1.194024453635274652e+00 1.892082731380310889e+01
1.775215564375507427e+02 1.190578761532724572e+00 1.892007802354266488e+01
1.775175074885563617e+02 1.213836313978696513e+00 1.891308059129606178e+01
1.775597928412356623e+02 1.214936779720832805e+00 1.887791436533724010e+01
1.776387221384848374e+02 1.223497116710215993e+00 1.889202744731933237e+01
1.777628383323684602e+02 1.244524183299693609e+00 1.893674147399823582e+01
1.778739001861925431e+02 1.289497245358659727e+00 1.897422337194524999e+01
1.779781454109883043e+02 1.310393925011865246e+00 1.900551275966558507e+01
1.780899044002983374e+02 1.367093118872900526e+00 1.905300663582580967e+01
1.781918582920006884e+02 1.401103247330110158e+00 1.909923488945795711e+01
1.783004097626783846e+02 1.407539146504500183e+00 1.911186329885902779e+01
1.783736315891038373e+02 1.423422013834923172e+00 1.913875256210329923e+01
1.784698067317905839e+02 1.453049402740907325e+00 1.912745757643716971e+01
1.785616982289976988e+02 1.466873894970715186e+00 1.911050032075186422e+01
1.786488697191117581e+02 1.476539913179685470e+00 1.913131702975082149e+01
1.787369191479300525e+02 1.483608623618115852e+00 1.915871045581534560e+01
1.787710579248310694e+02 1.495543374518220281e+00 1.920930754105884475e+01
1.789506754912545148e+02 1.494229074200597696e+00 1.932209571791916503e+01
1.791181705495896210e+02 1.487455907484384054e+00 1.939223693566360751e+01
1.792386359092576527e+02 1.499329811147561475e+00 1.942934158074167428e+01
1.793897074290999285e+02 1.503476115721013695e+00 1.950769022150132770e+01
1.794293398422491919e+02 1.500310320908327499e+00 1.954275561489609814e+01
1.793059590306861253e+02 1.473191576656218249e+00 1.943023690437074436e+01
1.787384125129734969e+02 1.334779759079711692e+00 1.918241132384464009e+01
1.777609955303358333e+02 1.182353953592681695e+00 1.882222697410167811e+01
1.771864046410795481e+02 1.083946586556933100e+00 1.859684011606175957e+01
1.770070669719459602e+02 1.056899120496652467e+00 1.854754516168849321e+01
1.769225084360347751e+02 1.055400539975765328e+00 1.858757395112402122e+01
1.769382783013537619e+02 1.084885372498092027e+00 1.862751755442785395e+01
1.770083430254289283e+02 1.101658347980132513e+00 1.866404849698632162e+01
1.771873416885282211e+02 1.141222959922532754e+00 1.877631686459403682e+01
1.773648765409562884e+02 1.173379855392195248e+00 1.885725759764677534e+01
1.775282896189398230e+02 1.235949938370441537e+00 1.885150666451093571e+01
1.775828000507639786e+02 1.276096945294856955e+00 1.880889795222970307e+01
1.775450712868842800e+02 1.294403271147457124e+00 1.876375277941485820e+01
1.775128917910123505e+02 1.304380479510996782e+00 1.871141546319524451e+01
1.774706116538105221e+02 1.298558268183327424e+00 1.866230131204027742e+01
1.775159411068286204e+02 1.294429348534711588e+00 1.876351112895963524e+01
1.776257912313916165e+02 1.307395025477607442e+00 1.884898063493222509e+01
1.777637162710726955e+02 1.308744095644902572e+00 1.896218952697358162e+01
1.778965875131038956e+02 1.327850128039971489e+00 1.904196199307732229e+01
1.780570242919554858e+02 1.351980403712724543e+00 1.913388478314913854e+01
1.781873138726484740e+02 1.379815406868088346e+00 1.915620354965395222e+01
1.783173496334388517e+02 1.408886478179311563e+00 1.916018122045649363e+01
1.785598832428447906e+02 1.410273795181246514e+00 1.919653309828914800e+01
1.786478492240238722e+02 1.457411280382329366e+00 1.921489157891625865e+01
1.787542171481421462e+02 1.471830337041537762e+00 1.922553984537847782e+01
1.788380437787177186e+02 1.468109963126574380e+00 1.924922680546790588e+01
1.789714226605541398e+02 1.457364341085271242e+00 1.929646164624807270e+01
1.790770204325021666e+02 1.466995589444568981e+00 1.930643016214919427e+01
1.791850034161377323e+02 1.496363942970492467e+00 1.933975880155282212e+01
1.792998708300084729e+02 1.531853528531269326e+00 1.936966261076370088e+01
1.794553824596539471e+02 1.552280815213895382e+00 1.943385470722917319e+01
1.796032012600593646e+02 1.572311725610254340e+00 1.948624417822329491e+01
1.797724626267578287e+02 1.608314166453701288e+00 1.955844203257587210e+01
1.798017266707347517e+02 1.606747784725952810e+00 1.954918456010055294e+01
1.796089591471651374e+02 1.537926082776581049e+00 1.944837285795994930e+01
1.790199248623548556e+02 1.424326029926409554e+00 1.916390680984890693e+01
1.783345537550568451e+02 1.290542079341320036e+00 1.892034401289265944e+01
1.778666211181636072e+02 1.196020243006479467e+00 1.875151553082260136e+01
1.777391461568015814e+02 1.185566687702425792e+00 1.869925123128730249e+01
1.777861167467242467e+02 1.197876952978993881e+00 1.870878512406751781e+01
1.777293219357766247e+02 1.221857718298154927e+00 1.874521871104690263e+01
1.776994302960131051e+02 1.243719261279773836e+00 1.880829469533788512e+01
1.778106851225028606e+02 1.280199787556218549e+00 1.889883016840776619e+01
1.779854801107767344e+02 1.308858836148821814e+00 1.900102571056534018e+01
1.782050047721618569e+02 1.349384834434668390e+00 1.909200102223358186e+01
1.782849458720365305e+02 1.370815231280347657e+00 1.910795169077086442e+01
1.782845390647953536e+02 1.364627936531116470e+00 1.907669533440772014e+01
1.782923031722272356e+02 1.349357018554930177e+00 1.911330972460540423e+01
1.782908219766311788e+02 1.356001536827355469e+00 1.911599917247757929e+01
1.783454575799141537e+02 1.351957803310437356e+00 1.912112077133434340e+01
1.784816684660063970e+02 1.403173791878110865e+00 1.916385465507439889e+01
1.786106350539193386e+02 1.438035781652297951e+00 1.919989534275248388e+01
1.787591144814685435e+02 1.463289123469474706e+00 1.926624490839013859e+01
1.789206864959119230e+02 1.503862061052378962e+00 1.933757873197835053e+01
1.791098379551156086e+02 1.504063726180479899e+00 1.935081909073366191e+01
1.792536095450191453e+02 1.522203156754651676e+00 1.935151796471208030e+01
1.794130710295873996e+02 1.529821230817908662e+00 1.937591596822731077e+01
1.795531691848730418e+02 1.549688722920806505e+00 1.941979378002159251e+01
1.796848530365379020e+02 1.589321136070068308e+00 1.943666932656016755e+01
1.797857099394830698e+02 1.587068049811286574e+00 1.946501196952074864e+01
1.799942421128942271e+02 1.603620236747906436e+00 1.954234533066996349e+01
1.801315830191008160e+02 1.612119726500362393e+00 1.959107701347853236e+01
1.802658780864761070e+02 1.638927280597902270e+00 1.968908105025807842e+01
1.803764757628070470e+02 1.667189952904238659e+00 1.972553028366981920e+01
1.805156455631064034e+02 1.687829335669867259e+00 1.978457296539878385e+01
1.806531168562492837e+02 1.730691867853709320e+00 1.972626740448287563e+01
1.807953637882446571e+02 1.768132041981116398e+00 1.973380898487685542e+01
1.808843241871243777e+02 1.775336354833269903e+00 1.973736246351338863e+01
1.806728296225211352e+02 1.713932800311537941e+00 1.958926376581811013e+01
1.800467967406742957e+02 1.560719457729424553e+00 1.932214787269367307e+01
1.794146026414654784e+02 1.421019417222549652e+00 1.912515233540387882e+01
1.791166963079635082e+02 1.335869793866946154e+00 1.904771292621316192e+01
1.790228229293250592e+02 1.333990483492144552e+00 1.905322047040129618e+01
1.790720396515365564e+02 1.334904930538532764e+00 1.909602041685572615e+01
1.791314700170893843e+02 1.369353159101616590e+00 1.919462944901957613e+01
1.792684684402767061e+02 1.401381406127490514e+00 1.930923261203280106e+01
1.794327994422916106e+02 1.453504887771617682e+00 1.941712867104418905e+01
1.796343759072757678e+02 1.487176010194519948e+00 1.950680706731964520e+01
1.797654634560187503e+02 1.530521843288810580e+00 1.957654843179285464e+01
1.798053740279653994e+02 1.524671816081403231e+00 1.954787373676789741e+01
1.797731858396310258e+02 1.510508317817288004e+00 1.948321746280930000e+01
1.797429430243858235e+02 1.498364947819148085e+00 1.944873794138150913e+01
1.798481218196453142e+02 1.502328710681819279e+00 1.942123325179803572e+01
1.799085326949588932e+02 1.547593839478035083e+00 1.946623412973674050e+01
1.800151144536526715e+02 1.564629327325103292e+00 1.951187824989438724e+01
1.801733381315725921e+02 1.566225263425073511e+00 1.957849380488203295e+01
1.803105277889331148e+02 1.608150748160240395e+00 1.963951141407240186e+01
1.804818336227923226e+02 1.623722425336094011e+00 1.970182767714803873e+01
1.806124969793692969e+02 1.659404983562553504e+00 1.976237415487534221e+01
1.806870417985747963e+02 1.668643332620551423e+00 1.980187444259584595e+01
1.807825684835651714e+02 1.696925128344207501e+00 1.984416674924505841e+01
1.808977975038724821e+02 1.713858045134741825e+00 1.986075892150880406e+01
1.809859147338976584e+02 1.730613635691946151e+00 1.986735997746913895e+01
1.810686860995356540e+02 1.737779701709459612e+00 1.988575496643840168e+01
1.812060026668474677e+02 1.736124656865046134e+00 1.991157853379020892e+01
1.813103748015945484e+02 1.763815365144268732e+00 1.992657476995398369e+01
1.814250927051116946e+02 1.797409993897891356e+00 1.993127217664474315e+01
1.815517244976191478e+02 1.839575390595798776e+00 1.996959724344631937e+01
1.816308902298461021e+02 1.828600287546656711e+00 2.001707895015915994e+01
1.816377485826940017e+02 1.824052391209486590e+00 2.001916687963199593e+01
1.813798971160148312e+02 1.755785268362392237e+00 1.987485461856605795e+01
1.807405751976231443e+02 1.602843130607724875e+00 1.958397874866788158e+01
1.800834302542892829e+02 1.470335233505617900e+00 1.934038639733941167e+01
1.797051516747767437e+02 1.408062432742072101e+00 1.919617496883752139e+01
1.795709209316233625e+02 1.380801132106305396e+00 1.916728122375963039e+01
1.794922315463369102e+02 1.380602943963171736e+00 1.920815318204971689e+01
1.794633708326161923e+02 1.407881629523774825e+00 1.927467833542821651e+01
1.795338597488573669e+02 1.433953801300740016e+00 1.935577727129696868e+01
1.796617241325357099e+02 1.473080313137266062e+00 1.941675663365269600e+01
1.798004610482066710e+02 1.518408027662892401e+00 1.947671723941301636e+01
1.798497768644897405e+02 1.534417804944620212e+00 1.949021489505589955e+01
1.798098732465130070e+02 1.539641974857921758e+00 1.943824440075033166e+01
1.797239795483744160e+02 1.528986754425767147e+00 1.938826100335355207e+01
1.796315352105575300e+02 1.528018414112386480e+00 1.932307101220247958e+01
1.796365420689103587e+02 1.527719393405202686e+00 1.935454294163359279e+01
1.797112607373641993e+02 1.534482129166514497e+00 1.940560941984767496e+01
1.797880829817232211e+02 1.531368489128337229e+00 1.945769117767219214e+01
1.799189514804132841e+02 1.558304691669665676e+00 1.950944957589475948e+01
1.800528084476826791e+02 1.580249682290498559e+00 1.957072795895766859e+01
1.801907074099765111e+02 1.606354885424652768e+00 1.964784922402387934e+01
1.803072959314060313e+02 1.619313608397614068e+00 1.969832635328601000e+01
1.803727762508018770e+02 1.621474554554763303e+00 1.974131927240612683e+01
1.804764912353901423e+02 1.639438397388088831e+00 1.979743780977763024e+01
1.805408832584912204e+02 1.657506549770431992e+00 1.981551987009984117e+01
1.806124013622826965e+02 1.672330675178325787e+00 1.983143576878745407e+01
1.806537670524381554e+02 1.694414745197849070e+00 1.977414722597446683e+01
1.807202087581774208e+02 1.714555180620676689e+00 1.975268727475656760e+01
1.807994944463857507e+02 1.737252938486920417e+00 1.976010716067668938e+01
1.809106188859392432e+02 1.768669236158557423e+00 1.978544568862556474e+01
1.810590618051462855e+02 1.790191773105868966e+00 1.983838278475203154e+01
1.812084400333095289e+02 1.804635168659848299e+00 1.990956362100168420e+01
1.812207242211988216e+02 1.788189029764729820e+00 1.993979774378445313e+01
1.808972916025597613e+02 1.669870708313992536e+00 1.980909440188035475e+01
1.801501814116906530e+02 1.519513708882479719e+00 1.951696334040899927e+01
1.792812637449561919e+02 1.339192053003158911e+00 1.922209936875337988e+01
1.787529358791817344e+02 1.259431756346801379e+00 1.901094381018443613e+01
1.785761833483713019e+02 1.252627296765882470e+00 1.896737545005224135e+01
1.785526789299926520e+02 1.265592973708778102e+00 1.896522841183496055e+01
1.785404208194905777e+02 1.275003433522655216e+00 1.898442310734669647e+01
1.785837736065548143e+02 1.281733137926778232e+00 1.899528173139943377e+01
1.786182983287871764e+02 1.305159324143662092e+00 1.904486006004752952e+01
1.787257528107077178e+02 1.358477150124041355e+00 1.907846511975605353e+01
1.788716523154112110e+02 1.384323317878135118e+00 1.908309298674747012e+01
1.788398900577353459e+02 1.409566228740410043e+00 1.906904075200230864e+01
1.787602671019851925e+02 1.397890513220366060e+00 1.905399583804899422e+01
1.787336438280909192e+02 1.382219741972945615e+00 1.907233171827381568e+01
1.787332770061768770e+02 1.360519878792304072e+00 1.910300394116245926e+01
1.787703294964804286e+02 1.370757861028387925e+00 1.915283087423571473e+01
1.788372962269497748e+02 1.378786219317780670e+00 1.919413397866174265e+01
1.789338799153701984e+02 1.407050630116600587e+00 1.922540945844220772e+01
1.789966864333262038e+02 1.446554394822074041e+00 1.927491650889847463e+01
1.790496687302572525e+02 1.473193315148701998e+00 1.930436135609367554e+01
1.791392150011039348e+02 1.496869844283228224e+00 1.933827586746428651e+01
1.792370990819021301e+02 1.544118593003263040e+00 1.935606759954173484e+01
1.793541309189149615e+02 1.585588592707719346e+00 1.943573923308142426e+01
1.795433241019382535e+02 1.593851647482402045e+00 1.942492407134077581e+01
1.797104349534344863e+02 1.593649982354301331e+00 1.940410214686436774e+01
1.798127434976034920e+02 1.617336942443729386e+00 1.937334473784402533e+01
1.799103581120666888e+02 1.636397774034223929e+00 1.943571663267913863e+01
1.800147963095281511e+02 1.674663732091354218e+00 1.944239418230875316e+01
1.801874738139569558e+02 1.680223431053995853e+00 1.951359761896069500e+01
1.803274763521559976e+02 1.679154258176564829e+00 1.956393566882413637e+01
1.804962718028688471e+02 1.674755872192986494e+00 1.961236833092551990e+01
1.806212520275168458e+02 1.703569646616632793e+00 1.967694115724490800e+01
1.806466566181801170e+02 1.709157161459012420e+00 1.968802752381300181e+01
1.803939945515645604e+02 1.655197831752174498e+00 1.959936440714798422e+01
1.796510636966260961e+02 1.497580887709031972e+00 1.930211870078979786e+01
1.788021404319458441e+02 1.330906397826189025e+00 1.898586779460059049e+01
1.783767695680367638e+02 1.259626467504967762e+00 1.888265349584760955e+01
1.782185006893122647e+02 1.232523369685211145e+00 1.884876506186425615e+01
1.782046205653229833e+02 1.232153070786198512e+00 1.888433114109431088e+01
1.781950797185728277e+02 1.264709819527095380e+00 1.891417236457577999e+01
1.782546161321671434e+02 1.287181573370467458e+00 1.895552414679135111e+01
1.783564970071851974e+02 1.310567774260227969e+00 1.900533021795480337e+01
1.785445636470790589e+02 1.365198162065746290e+00 1.907308622401171050e+01
1.786535966801747577e+02 1.381256617137015752e+00 1.910022235318865569e+01
1.787051342898518840e+02 1.415668337357943507e+00 1.911410073868545467e+01
1.787032549794770944e+02 1.434087665221979391e+00 1.908065388179294075e+01
1.786438350448791823e+02 1.437446432700348220e+00 1.906841489470820150e+01
1.786546780224995814e+02 1.435299394483067870e+00 1.905867238282995402e+01
1.787602931793724395e+02 1.455950946696082049e+00 1.910631924632873790e+01
1.788920622171690127e+02 1.484119740408302413e+00 1.916824956407300817e+01
1.790312181095285098e+02 1.493552800624466492e+00 1.924383574027617527e+01
1.791345906110974795e+02 1.517749139011597581e+00 1.929991950779800902e+01
1.792919954590576310e+02 1.535264450784147083e+00 1.932825867377362528e+01
1.794446333606276767e+02 1.545485048095394554e+00 1.936372044345466392e+01
1.796007743245522192e+02 1.535996356119754269e+00 1.941098136162208476e+01
1.797583356368358807e+02 1.560196171491852635e+00 1.944851541434360698e+01
1.798908713498177292e+02 1.595657941172891281e+00 1.948249077295114162e+01
1.800012430221258057e+02 1.605622980089045582e+00 1.952433802552454623e+01
1.800833016058455200e+02 1.601612277929316264e+00 1.960223291974597259e+01
1.801583662343035996e+02 1.613557459784322523e+00 1.969973974767519920e+01
1.802866982724600291e+02 1.622322938886773702e+00 1.974975617642916959e+01
1.803785932466520876e+02 1.646588816973249880e+00 1.981479665722665118e+01
1.805064958771650652e+02 1.686984428322824137e+00 1.986252870685713745e+01
1.806414341867592839e+02 1.707627288073420013e+00 1.985424305168016446e+01
1.807850110655046478e+02 1.735185870923886986e+00 1.989797656859830610e+01
1.809242278051010828e+02 1.761922146829598246e+00 1.991854467317210720e+01
1.809464718164290957e+02 1.770256479796109561e+00 1.989176145796933781e+01
1.806619623060059610e+02 1.679783592455637908e+00 1.978633579677718402e+01
